"ensembl_gene_id","gene_name_WU","Gene.start..bp.","Gene.end..bp.","Length"
"ENSG00000000003","TSPAN6",100627109,100639991,12882
"ENSG00000000005","TNMD",100584936,100599885,14949
"ENSG00000000419","DPM1",50934867,50958555,23688
"ENSG00000000457","SCYL3",169849631,169894267,44636
"ENSG00000000460","C1orf112",169662007,169854080,192073
"ENSG00000000938","FGR",27612064,27635185,23121
"ENSG00000000971","CFH",196651878,196747504,95626
"ENSG00000001036","FUCA2",143494811,143511690,16879
"ENSG00000001084","GCLC",53497341,53616970,119629
"ENSG00000001460","STPG1",24356999,24416934,59935
"ENSG00000001461","NIPAL3",24415802,24472976,57174
"ENSG00000001497","LAS1L",65512582,65534775,22193
"ENSG00000001561","ENPP4",46129989,46146688,16699
"ENSG00000001617","SEMA3F",50155045,50189075,34030
"ENSG00000001626","CFTR",117465784,117715971,250187
"ENSG00000001629","ANKIB1",92245974,92401383,155409
"ENSG00000001630","CYP51A1",92112153,92134803,22650
"ENSG00000001631","KRIT1",92198969,92246166,47197
"ENSG00000002016","RAD52",912077,990053,77976
"ENSG00000002079","MYH16",99238829,99311130,72301
"ENSG00000002330","BAD",64269830,64284704,14874
"ENSG00000002549","LAP3",17577192,17607972,30780
"ENSG00000002586","CD99",2691187,2741309,50122
"ENSG00000002587","HS3ST1",11393150,11429564,36414
"ENSG00000002726","ABP1",150824627,150861504,36877
"ENSG00000002745","WNT16",121325367,121341104,15737
"ENSG00000002746","HECW1",43112629,43566001,453372
"ENSG00000002822","MAD1L1",1815793,2233243,417450
"ENSG00000002834","LASP1",38869859,38921770,51911
"ENSG00000002919","SNX11",48103357,48123074,19717
"ENSG00000003096","KLHL13",117897813,118117340,219527
"ENSG00000003137","CYP26B1",72129238,72148038,18800
"ENSG00000003147","ICA1",8113184,8262687,149503
"ENSG00000003249","DBNDD1",90004865,90020128,15263
"ENSG00000003393","ALS2",201700267,201780956,80689
"ENSG00000003400","CASP10",201182881,201229406,46525
"ENSG00000003402","CFLAR",201116154,201176687,60533
"ENSG00000003436","TFPI",187464230,187565760,101530
"ENSG00000003509","C2orf56",37231631,37253403,21772
"ENSG00000003756","RBM5",50088908,50119021,30113
"ENSG00000003987","MTMR7",17296794,17413528,116734
"ENSG00000003989","SLC7A2",17497088,17570573,73485
"ENSG00000004139","SARM1",28364356,28404049,39693
"ENSG00000004142","POLDIP2",28346633,28357527,10894
"ENSG00000004399","PLXND1",129555175,129606818,51643
"ENSG00000004455","AK2",33007940,33080996,73056
"ENSG00000004468","CD38",15778275,15853232,74957
"ENSG00000004478","FKBP4",2794970,2805423,10453
"ENSG00000004487","KDM1A",23019443,23083689,64246
"ENSG00000004534","RBM6",49940007,50100045,160038
"ENSG00000004660","CAMKK1",3860315,3894891,34576
"ENSG00000004700","RECQL",21468910,21501669,32759
"ENSG00000004766","CCDC132",93232340,93361123,128783
"ENSG00000004777","ARHGAP33",35774532,35788822,14290
"ENSG00000004799","PDK4",95583499,95596516,13017
"ENSG00000004809","SLC22A16",110424687,110476641,51954
"ENSG00000004838","ZMYND10",50341110,50345732,4622
"ENSG00000004846","ABCB5",20615207,20777038,161831
"ENSG00000004848","ARX",25003694,25016420,12726
"ENSG00000004864","SLC25A13",96120220,96322147,201927
"ENSG00000004866","ST7",116953238,117230103,276865
"ENSG00000004897","CDC27",47117703,47189422,71719
"ENSG00000004939","SLC4A1",44248390,44268141,19751
"ENSG00000004948","CALCR",93424487,93574730,150243
"ENSG00000004961","HCCS",11111301,11123086,11785
"ENSG00000004975","DVL2",7225342,7234517,9175
"ENSG00000005001","PRSS22",2852730,2858170,5440
"ENSG00000005007","UPF1",18831938,18868236,36298
"ENSG00000005020","SKAP2",26667068,26995239,328171
"ENSG00000005022","SLC25A5",119468422,119471396,2974
"ENSG00000005059","CCDC109B",109560209,109688719,128510
"ENSG00000005073","HOXA11",27181510,27185223,3713
"ENSG00000005075","POLR2J",102473118,102478907,5789
"ENSG00000005100","DHX33",5440917,5468982,28065
"ENSG00000005102","MEOX1",43640389,43661922,21533
"ENSG00000005108","THSD7A",11370365,11832198,461833
"ENSG00000005156","LIG3",34980494,35009743,29249
"ENSG00000005175","RPAP3",47661249,47706030,44781
"ENSG00000005187","ACSM3",20610243,20797581,187338
"ENSG00000005194","CIAPIN1",57428187,57447420,19233
"ENSG00000005206","SPPL2B",2328615,2355095,26480
"ENSG00000005238","FAM214B",35104112,35116341,12229
"ENSG00000005249","PRKAR2B",107044705,107161811,117106
"ENSG00000005302","MSL3",11758159,11775772,17613
"ENSG00000005339","CREBBP",3725054,3880726,155672
"ENSG00000005379","BZRAP1",58301228,58328795,27567
"ENSG00000005381","MPO",58269856,58280935,11079
"ENSG00000005421","PON1",95297676,95324707,27031
"ENSG00000005436","GCFC2",75652000,75710989,58989
"ENSG00000005448","WDR54",74421678,74425755,4077
"ENSG00000005469","CROT",87345681,87399795,54114
"ENSG00000005471","ABCB4",87401697,87480435,78738
"ENSG00000005483","MLL5",105014190,105115019,100829
"ENSG00000005486","RHBDD2",75842602,75888926,46324
"ENSG00000005513","SOX8",981770,986979,5209
"ENSG00000005700","IBTK",82169986,82247754,77768
"ENSG00000005801","ZNF195",3339261,3379222,39961
"ENSG00000005810","MYCBP2",77044657,77327094,282437
"ENSG00000005812","FBXL3",76992598,77027195,34597
"ENSG00000005844","ITGAL",30472658,30523185,50527
"ENSG00000005882","PDK2",50094737,50112152,17415
"ENSG00000005884","ITGA3",50055968,50090481,34513
"ENSG00000005889","ZFX",24149173,24216255,67082
"ENSG00000005893","LAMP2",120427827,120469365,41538
"ENSG00000005961","ITGA2B",44372180,44389505,17325
"ENSG00000005981","ASB4",95478444,95540233,61789
"ENSG00000006007","GDE1",19501693,19522123,20430
"ENSG00000006016","CRLF1",18572220,18607741,35521
"ENSG00000006025","OSBPL7",47807372,47821834,14462
"ENSG00000006042","TMEM98",32927910,32945106,17196
"ENSG00000006059","KRT33A",41346092,41350812,4720
"ENSG00000006062","MAP3K14",45263119,45317029,53910
"ENSG00000006071","ABCC8",17392498,17476879,84381
"ENSG00000006116","CACNG3",24255553,24362801,107248
"ENSG00000006118","TMEM132A",60924463,60937159,12696
"ENSG00000006125","AP2B1",35578046,35726413,148367
"ENSG00000006128","TAC1",97732084,97740472,8388
"ENSG00000006194","ZNF263",3263800,3301401,37601
"ENSG00000006210","CX3CL1",57372477,57385044,12567
"ENSG00000006282","SPATA20",50543058,50555852,12794
"ENSG00000006283","CACNA1G",50560715,50627474,66759
"ENSG00000006377","DLX6",97005553,97011040,5487
"ENSG00000006432","MAP3K9",70722526,70809534,87008
"ENSG00000006451","RALA",39623565,39708120,84555
"ENSG00000006453","BAIAP2L1",98291650,98401090,109440
"ENSG00000006459","JHDM1D",140084746,140176983,92237
"ENSG00000006468","ETV1",13891229,13991425,100196
"ENSG00000006530","AGK",141551278,141655244,103966
"ENSG00000006534","ALDH3B1",68008578,68029282,20704
"ENSG00000006555","TTC22",54779712,54801323,21611
"ENSG00000006576","PHTF2",77798792,77957503,158711
"ENSG00000006606","CCL26",75769533,75789896,20363
"ENSG00000006607","FARP2",241356285,241494841,138556
"ENSG00000006611","USH1C",17493895,17544416,50521
"ENSG00000006625","GGCT",30496621,30504841,8220
"ENSG00000006634","DBF4",87876216,87909553,33337
"ENSG00000006652","IFRD1",112422968,112481017,58049
"ENSG00000006659","LGALS14",39704481,39709444,4963
"ENSG00000006695","COX10",14069490,14231736,162246
"ENSG00000006704","GTF2IRD1",74453790,74602604,148814
"ENSG00000006712","PAF1",39385629,39391154,5525
"ENSG00000006715","VPS41",38722974,38932394,209420
"ENSG00000006740","ARHGAP44",12789498,12991643,202145
"ENSG00000006744","ELAC2",12991612,13018065,26453
"ENSG00000006747","SCIN",12570577,12660182,89605
"ENSG00000006756","ARSD",2903972,2929349,25377
"ENSG00000006757","PNPLA4",7898247,7927739,29492
"ENSG00000006788","MYH13",10300865,10373130,72265
"ENSG00000006831","ADIPOR2",1688574,1788674,100100
"ENSG00000006837","CDKL3",134286350,134371047,84697
"ENSG00000007001","UPP2",157876702,158136154,259452
"ENSG00000007038","PRSS21",2817180,2826304,9124
"ENSG00000007047","MARK4",45079288,45305284,225996
"ENSG00000007062","PROM1",15963076,16084378,121302
"ENSG00000007129","CEACAM21",41549518,41586844,37326
"ENSG00000007168","PAFAH1B1",2593210,2685615,92405
"ENSG00000007171","NOS2",27756766,27800499,43733
"ENSG00000007174","DNAH9",11598470,11969748,371278
"ENSG00000007202","KIAA0100",28614446,28645454,31008
"ENSG00000007216","SLC13A2",28473293,28497781,24488
"ENSG00000007237","GAS7",9910609,10198551,287942
"ENSG00000007255","TRAPPC6A",45162928,45178237,15309
"ENSG00000007264","MATK",3777970,3802129,24159
"ENSG00000007306","CEACAM7",41673303,41706976,33673
"ENSG00000007312","CD79B",63928740,63932354,3614
"ENSG00000007314","SCN4A",63938554,63972918,34364
"ENSG00000007341","ST7L",112523514,112620825,97311
"ENSG00000007350","TKTL1",154295795,154330350,34555
"ENSG00000007372","PAX6",31784779,31817961,33182
"ENSG00000007376","RPUSD1",784974,788397,3423
"ENSG00000007384","RHBDF1",58059,76355,18296
"ENSG00000007392","LUC7L",188969,229463,40494
"ENSG00000007402","CACNA2D2",50362799,50504244,141445
"ENSG00000007516","BAIAP3",1333601,1349441,15840
"ENSG00000007520","TSR3",1349240,1351878,2638
"ENSG00000007541","PIGQ",566995,584136,17141
"ENSG00000007545","CRAMP1L",1612325,1677908,65583
"ENSG00000007866","TEAD3",35473597,35497079,23482
"ENSG00000007908","SELE",169722640,169764705,42065
"ENSG00000007923","DNAJC11",6634168,6701924,67756
"ENSG00000007933","FMO3",171090901,171117819,26918
"ENSG00000007944","MYLIP",16129086,16148248,19162
"ENSG00000007952","NOX1",100843324,100874359,31035
"ENSG00000007968","E2F2",23506438,23531233,24795
"ENSG00000008056","SYN1",47571901,47619857,47956
"ENSG00000008083","JARID2",15246069,15522042,275973
"ENSG00000008086","CDKL5",18425583,18653629,228046
"ENSG00000008118","CAMK1G",209583714,209613939,30225
"ENSG00000008128","CDK11A",1702379,1724357,21978
"ENSG00000008130","NADK",1751232,1780457,29225
"ENSG00000008196","TFAP2B",50818723,50847619,28896
"ENSG00000008197","TFAP2D",50713828,50772988,59160
"ENSG00000008226","DLEC1",38039205,38124025,84820
"ENSG00000008256","CYTH3",6161776,6272644,110868
"ENSG00000008277","ADAM22",87934143,88202889,268746
"ENSG00000008282","SYPL1",106090503,106112576,22073
"ENSG00000008283","CYB561",63432304,63446354,14050
"ENSG00000008294","SPAG9",50962174,51120868,158694
"ENSG00000008300","CELSR3",48636463,48662886,26423
"ENSG00000008311","AASS",122073549,122144255,70706
"ENSG00000008323","PLEKHG6",6310436,6328506,18070
"ENSG00000008382","MPND",4343527,4360086,16559
"ENSG00000008405","CRY1",106991364,107093549,102185
"ENSG00000008441","NFIX",12995608,13098796,103188
"ENSG00000008513","ST3GAL1",133454848,133571940,117092
"ENSG00000008516","MMP25",3046561,3060726,14165
"ENSG00000008517","IL32",3065297,3082192,16895
"ENSG00000008710","PKD1",2088710,2135898,47188
"ENSG00000008735","MAPK8IP2",50600793,50613981,13188
"ENSG00000008838","MED24",40019097,40061215,42118
"ENSG00000008853","RHOBTB2",22987417,23020199,32782
"ENSG00000008869","HEATR5B",36968383,37084372,115989
"ENSG00000008952","SEC62",169966635,169998373,31738
"ENSG00000008988","RPS20",56067295,56074581,7286
"ENSG00000009307","CSDE1",114716913,114758676,41763
"ENSG00000009335","UBE3C",157138916,157269370,130454
"ENSG00000009413","REV3L",111299028,111483715,184687
"ENSG00000009694","ODZ1",124375903,124963817,587914
"ENSG00000009709","PAX7",18630846,18748866,118020
"ENSG00000009724","MASP2",11026523,11047233,20710
"ENSG00000009765","IYD",150368892,150405969,37077
"ENSG00000009780","FAM76A",27725979,27763122,37143
"ENSG00000009790","TRAF3IP3",209756032,209782320,26288
"ENSG00000009830","POMT2",77274956,77320884,45928
"ENSG00000009844","VTA1",142147162,142224685,77523
"ENSG00000009950","MLXIPL",73593194,73624543,31349
"ENSG00000009954","BAZ1B",73440406,73522293,81887
"ENSG00000010017","RANBP9",13621498,13711835,90337
"ENSG00000010030","ETV7",36354091,36387800,33709
"ENSG00000010072","SPRTN",231337104,231355023,17919
"ENSG00000010165","METTL13",171781660,171814023,32363
"ENSG00000010219","DYRK4",4562204,4615302,53098
"ENSG00000010244","ZNF207",32350117,32381886,31769
"ENSG00000010256","UQCRC1",48599002,48610976,11974
"ENSG00000010270","STARD3NL",38178222,38230671,52449
"ENSG00000010278","CD9",6199715,6238271,38556
"ENSG00000010282","HHATL",42692663,42702827,10164
"ENSG00000010292","NCAPD2",6493356,6531955,38599
"ENSG00000010295","IFFO1",6538375,6556083,17708
"ENSG00000010310","GIPR",45668221,45683722,15501
"ENSG00000010318","PHF7",52410660,52423641,12981
"ENSG00000010319","SEMA3G",52433053,52445085,12032
"ENSG00000010322","NISCH",52455118,52493068,37950
"ENSG00000010327","STAB1",52495338,52524495,29157
"ENSG00000010361","FUZ",49806869,49817376,10507
"ENSG00000010379","SLC6A13",220621,262873,42252
"ENSG00000010404","IDS",149476988,149521096,44108
"ENSG00000010438","PRSS3",33750466,33799231,48765
"ENSG00000010539","ZNF200",3222325,3236221,13896
"ENSG00000010610","CD4",6786858,6820799,33941
"ENSG00000010626","LRRC23",6873569,6914241,40672
"ENSG00000010671","BTK",101349447,101390796,41349
"ENSG00000010704","HFE",26087281,26098343,11062
"ENSG00000010803","SCMH1",41027200,41242154,214954
"ENSG00000010810","FYN",111660332,111873452,213120
"ENSG00000010818","HIVEP2",142751469,142956698,205229
"ENSG00000010932","FMO1",171248471,171285978,37507
"ENSG00000011007","TCEB3",23743155,23762059,18904
"ENSG00000011009","LYPLA2",23791145,23795539,4394
"ENSG00000011021","CLCN6",11806096,11848079,41983
"ENSG00000011028","MRC2",62627670,62693597,65927
"ENSG00000011083","SLC6A7",150190062,150222788,32726
"ENSG00000011105","TSPAN9",3077355,3286564,209209
"ENSG00000011114","BTBD7",93237550,93333092,95542
"ENSG00000011132","APBA3",3750772,3761692,10920
"ENSG00000011143","MKS1",58205437,58219605,14168
"ENSG00000011198","ABHD5",43690108,43734371,44263
"ENSG00000011201","KAL1",8528874,8732137,203263
"ENSG00000011243","AKAP8L",15380050,15419141,39091
"ENSG00000011258","MBTD1",51177425,51260163,82738
"ENSG00000011260","UTP18",51260546,51297936,37390
"ENSG00000011295","TTC19",15999784,16045015,45231
"ENSG00000011304","PTBP1",797075,812327,15252
"ENSG00000011332","DPF1",38211006,38229714,18708
"ENSG00000011347","SYT7",61515313,61581148,65835
"ENSG00000011376","LARS2",45388561,45554726,166165
"ENSG00000011405","PIK3C2A",17077730,17207983,130253
"ENSG00000011422","PLAUR",43646095,43670547,24452
"ENSG00000011426","ANLN",36389821,36453791,63970
"ENSG00000011451","WIZ",15419980,15449951,29971
"ENSG00000011454","RABGAP1",122940833,123104866,164033
"ENSG00000011465","DCN",91140484,91182824,42340
"ENSG00000011478","QPCTL",45692666,45703989,11323
"ENSG00000011485","PPP5C",46346994,46392981,45987
"ENSG00000011523","CEP68",65056366,65087004,30638
"ENSG00000011566","MAP4K3",39249266,39437301,188035
"ENSG00000011590","ZBTB32",35704558,35717038,12480
"ENSG00000011677","GABRA3",152166234,152451315,285081
"ENSG00000012048","BRCA1",43044295,43170245,125950
"ENSG00000012061","ERCC1",45407333,45478828,71495
"ENSG00000012124","CD22",35319261,35347361,28100
"ENSG00000012171","SEMA3B",50267558,50277546,9988
"ENSG00000012174","MBTPS2",21839617,21885423,45806
"ENSG00000012211","PRICKLE3",49174802,49186528,11726
"ENSG00000012223","LTF",46435645,46485234,49589
"ENSG00000012232","EXTL3",28600469,28755599,155130
"ENSG00000012504","NR1H4",100473708,100564414,90706
"ENSG00000012660","ELOVL5",53267398,53349179,81781
"ENSG00000012779","ALOX5",45374176,45446119,71943
"ENSG00000012822","CALCOCO1",53708517,53727745,19228
"ENSG00000012963","UBR7",93207241,93229215,21974
"ENSG00000012983","MAP4K5",50418501,50561126,142625
"ENSG00000013016","EHD3",31234152,31269451,35299
"ENSG00000013275","PSMC4",39971005,39981441,10436
"ENSG00000013288","MAN2B2",6575175,6623362,48187
"ENSG00000013293","SLC7A14",170459548,170586075,126527
"ENSG00000013297","CLDN11",170418865,170454733,35868
"ENSG00000013306","SLC25A39",44319625,44324870,5245
"ENSG00000013364","MVP",29820394,29848039,27645
"ENSG00000013374","NUB1",151341699,151378449,36750
"ENSG00000013375","PGM3",83161150,83193936,32786
"ENSG00000013392","RWDD2A",83193357,83198935,5578
"ENSG00000013441","CLK1",200853009,200864744,11735
"ENSG00000013503","POLR3B",106357748,106510198,152450
"ENSG00000013523","ANGEL1",76786178,76826246,40068
"ENSG00000013561","RNF14",141958328,141990292,31964
"ENSG00000013563","DNASE1L1",154401236,154412112,10876
"ENSG00000013573","DDX11",31073860,31104799,30939
"ENSG00000013588","GPRC5A",12890782,12917937,27155
"ENSG00000013619","MAMLD1",150361422,150514178,152756
"ENSG00000013725","CD6",60971680,61020377,48697
"ENSG00000013810","TACC3",1712891,1745176,32285
"ENSG00000014123","UFL1",96521595,96555276,33681
"ENSG00000014138","POLA2",65261920,65305589,43669
"ENSG00000014164","ZC3H3",143437659,143541447,103788
"ENSG00000014216","CAPN1",65180566,65212006,31440
"ENSG00000014257","ACPP",132317369,132368298,50929
"ENSG00000014641","MDH1",63588609,63607197,18588
"ENSG00000014824","SLC30A9",41990502,42090461,99959
"ENSG00000014914","MTMR11",149928651,149936879,8228
"ENSG00000014919","COX15",99711844,99732100,20256
"ENSG00000015133","CCDC88C",91271323,91417844,146521
"ENSG00000015153","YAF2",42157104,42238349,81245
"ENSG00000015171","ZMYND11",134465,254637,120172
"ENSG00000015285","WAS",48676596,48691427,14831
"ENSG00000015413","DPEP1",89613308,89638456,25148
"ENSG00000015475","BID",17734138,17774770,40632
"ENSG00000015479","MATR3",139293648,139331677,38029
"ENSG00000015520","NPC1L1",44512535,44541315,28780
"ENSG00000015532","XYLT2",50346092,50363138,17046
"ENSG00000015592","STMN4",27235323,27258420,23097
"ENSG00000015676","NUDCD3",44379119,44490658,111539
"ENSG00000016082","ISL1",51383448,51394730,11282
"ENSG00000016402","IL20RA",136999971,137045180,45209
"ENSG00000016490","CLCA1",86468368,86500289,31921
"ENSG00000016602","CLCA4",86547078,86580754,33676
"ENSG00000016864","GLT8D1",52694488,52706032,11544
"ENSG00000017260","ATP2C1",130850595,131016712,166117
"ENSG00000017483","SLC38A5",48458537,48470260,11723
"ENSG00000017797","RALBP1",9475009,9538114,63105
"ENSG00000018189","RUFY3",70704204,70808619,104415
"ENSG00000018236","CNTN1",40692439,41072415,379976
"ENSG00000018280","SLC11A1",218382029,218396894,14865
"ENSG00000018408","WWTR1",149517235,149736714,219479
"ENSG00000018510","AGPS",177392768,177559299,166531
"ENSG00000018610","CXorf56",119538149,119565408,27259
"ENSG00000018625","ATP1A2",160115759,160143591,27832
"ENSG00000018699","TTC27",32628032,32821051,193019
"ENSG00000018869","ZNF582",56375846,56393545,17699
"ENSG00000019144","PHLDB1",118606440,118658031,51591
"ENSG00000019169","MARCO",118942166,118994660,52494
"ENSG00000019186","CYP24A1",54153446,54173986,20540
"ENSG00000019485","PRDM11",45095806,45235110,139304
"ENSG00000019505","SYT13",45240302,45286341,46039
"ENSG00000019582","CD74",150400041,150412929,12888
"ENSG00000019991","HGF",81699010,81770438,71428
"ENSG00000019995","ZRANB1",124942123,124988189,46066
"ENSG00000020129","NCDN",35557473,35567274,9801
"ENSG00000020181","GPR124",37784191,37844896,60705
"ENSG00000020256","ZFP64",52051663,52204308,152645
"ENSG00000020426","MNAT1",60734742,60969965,235223
"ENSG00000020577","SAMD4A",54567097,54793315,226218
"ENSG00000020633","RUNX3",24899511,24965121,65610
"ENSG00000020922","MRE11A",94415578,94493908,78330
"ENSG00000021300","PLEKHB1",73646178,73662819,16641
"ENSG00000021355","SERPINB1",2832332,2841959,9627
"ENSG00000021461","CYP3A43",99828013,99866102,38089
"ENSG00000021488","SLC7A9",32830509,32869767,39258
"ENSG00000021574","SPAST",32063547,32157637,94090
"ENSG00000021645","NRXN3",78170373,79868290,1697917
"ENSG00000021762","OSBPL5",3087107,3166739,79632
"ENSG00000021776","AQR",34851782,34969742,117960
"ENSG00000021826","CPS1",210477682,210679107,201425
"ENSG00000021852","C8B",56929207,56966140,36933
"ENSG00000022267","FHL1",136146702,136211359,64657
"ENSG00000022277","C20orf43",56468585,56519449,50864
"ENSG00000022355","GABRA1",161847063,161899981,52918
"ENSG00000022556","NLRP2",54953130,55001142,48012
"ENSG00000022567","SLC45A4",141207166,141308305,101139
"ENSG00000022840","RNF10",120533480,120577588,44108
"ENSG00000022976","ZNF839",102317377,102342702,25325
"ENSG00000023041","ZDHHC6",112424428,112446917,22489
"ENSG00000023171","GRAMD1B",123358428,123627774,269346
"ENSG00000023191","RNH1",494512,507300,12788
"ENSG00000023228","NDUFS1",206114817,206159509,44692
"ENSG00000023287","RB1CC1",52622458,52745843,123385
"ENSG00000023330","ALAS1",52198086,52214327,16241
"ENSG00000023445","BIRC3",102317450,102339403,21953
"ENSG00000023516","AKAP11",42272152,42323261,51109
"ENSG00000023572","GLRX2",193090866,193106114,15248
"ENSG00000023608","SNAPC1",61762420,61796428,34008
"ENSG00000023697","DERA",15911302,16037381,126079
"ENSG00000023734","STRAP",15882387,15903478,21091
"ENSG00000023839","ABCC2",99782640,99852594,69954
"ENSG00000023892","DEF6",35297818,35321771,23953
"ENSG00000023902","PLEKHO1",150149183,150164720,15537
"ENSG00000023909","GCLM",93885199,93909456,24257
"ENSG00000024048","UBR2",42564062,42693504,129442
"ENSG00000024422","EHD2",47713422,47743134,29712
"ENSG00000024526","DEPDC1",68474152,68497221,23069
"ENSG00000024862","CCDC28A",138773509,138793319,19810
"ENSG00000025039","RRAGD",89364636,89412270,47634
"ENSG00000025293","PHF20",35771974,35950370,178396
"ENSG00000025423","HSD17B6",56752161,56787790,35629
"ENSG00000025434","NR1H3",47248300,47269033,20733
"ENSG00000025708","TYMP",50525752,50530032,4280
"ENSG00000025770","NCAPH2",50508224,50524780,16556
"ENSG00000025772","TOMM34",44942130,44960397,18267
"ENSG00000025796","SEC63",107867756,107958208,90452
"ENSG00000025800","KPNA6",32108056,32176563,68507
"ENSG00000026025","VIM",17228241,17237593,9352
"ENSG00000026103","FAS",88990531,89017059,26528
"ENSG00000026297","RNASET2",166929504,166957191,27687
"ENSG00000026508","CD44",35138870,35232402,93532
"ENSG00000026559","KCNG1",51003656,51023107,19451
"ENSG00000026652","AGPAT4",161129967,161274061,144094
"ENSG00000026751","SLAMF7",160739057,160754821,15764
"ENSG00000026950","BTN3A1",26402237,26415208,12971
"ENSG00000027001","MIPEP",23730189,23889400,159211
"ENSG00000027075","PRKCH",61187559,61550976,363417
"ENSG00000027644","INSRR",156840063,156859117,19054
"ENSG00000027697","IFNGR1",137197484,137219449,21965
"ENSG00000027847","B4GALT7",177600132,177610330,10198
"ENSG00000027869","SH2D2A",156806243,156816862,10619
"ENSG00000028116","VRK2",57907629,58159920,252291
"ENSG00000028137","TNFRSF1B",12166991,12209228,42237
"ENSG00000028203","VEZT",95217746,95302799,85053
"ENSG00000028277","POU2F2",42086110,42196585,110475
"ENSG00000028310","BRD9",850291,892801,42510
"ENSG00000028528","SNX1",64094123,64146090,51967
"ENSG00000029153","ARNTL2",27332854,27425289,92435
"ENSG00000029363","BCLAF1",136256627,136289851,33224
"ENSG00000029364","SLC39A9",69398015,69462390,64375
"ENSG00000029534","ANK1",41653220,41896762,243542
"ENSG00000029559","IBSP",87799554,87812435,12881
"ENSG00000029639","TFB1M",155256134,155314493,58359
"ENSG00000029725","RABEP1",5282265,5386340,104075
"ENSG00000029993","HMGB3",150980509,150990771,10262
"ENSG00000030066","NUP160",47778087,47848555,70468
"ENSG00000030110","BAK1",33572547,33580293,7746
"ENSG00000030304","MUSK",110668771,110801620,132849
"ENSG00000030419","IKZF2",212999691,213152427,152736
"ENSG00000030582","GRN",44345246,44353106,7860
"ENSG00000031003","FAM13B",137937960,138051961,114001
"ENSG00000031081","ARHGAP31",119294373,119420714,126341
"ENSG00000031691","CENPQ",49463370,49493107,29737
"ENSG00000031698","SARS",109213918,109238182,24264
"ENSG00000031823","RANBP3",5916139,5978142,62003
"ENSG00000032219","ARID4A",58298385,58373887,75502
"ENSG00000032389","TSSC1",3188925,3377882,188957
"ENSG00000032444","PNPLA6",7534004,7561764,27760
"ENSG00000032742","IFT88",20567069,20691437,124368
"ENSG00000033011","ALG1",5033923,5087379,53456
"ENSG00000033030","ZCCHC8",122471600,122501073,29473
"ENSG00000033050","ABCF2",151211484,151227205,15721
"ENSG00000033100","CHPF2",151232489,151238827,6338
"ENSG00000033122","LRRC7",69568261,70151945,583684
"ENSG00000033170","FUT8",65410592,65744121,333529
"ENSG00000033178","UBA6",67612652,67701155,88503
"ENSG00000033327","GAB2",78215293,78418348,203055
"ENSG00000033627","ATP6V0A1",42458844,42522611,63767
"ENSG00000033800","PIAS1",68054179,68198603,144424
"ENSG00000033867","SLC4A7",27372721,27484420,111699
"ENSG00000034053","APBA2",28884483,29118315,233832
"ENSG00000034152","MAP2K3",21284672,21315240,30568
"ENSG00000034239","EFCAB1",48710789,48735311,24522
"ENSG00000034533","ASTE1",131013875,131027649,13774
"ENSG00000034677","RNF19A",100257060,100336218,79158
"ENSG00000034693","PEX3",143450805,143490616,39811
"ENSG00000034971","MYOC",171635417,171652688,17271
"ENSG00000035115","SH3YL1",217730,266398,48668
"ENSG00000035141","FAM136A",70295975,70302090,6115
"ENSG00000035403","VCL",73995193,74121363,126170
"ENSG00000035499","DEPDC1B",60596912,60700190,103278
"ENSG00000035664","DAPK2",63907036,64072033,164997
"ENSG00000035681","NSMAF",58583508,58659853,76345
"ENSG00000035687","ADSS",244408494,244451909,43415
"ENSG00000035720","STAP1",67558727,67607337,48610
"ENSG00000035928","RFC1",39287456,39366375,78919
"ENSG00000036054","TBC1D23",100260992,100325251,64259
"ENSG00000036257","CUL3",224470150,224585397,115247
"ENSG00000036448","MYOM2",2045046,2165552,120506
"ENSG00000036473","OTC",38352586,38421446,68860
"ENSG00000036530","CYP46A1",99684304,99727301,42997
"ENSG00000036549","ZZZ3",77562416,77683419,121003
"ENSG00000036565","SLC18A1",20144855,20183206,38351
"ENSG00000036672","USP2",119355215,119381711,26496
"ENSG00000036828","CASR",122183683,122291629,107946
"ENSG00000037042","TUBG2",42659284,42667006,7722
"ENSG00000037280","FLT4",180601506,180649624,48118
"ENSG00000037474","NSUN2",6599239,6633291,34052
"ENSG00000037637","FBXO42",16246840,16352480,105640
"ENSG00000037749","MFAP3",154038906,154220478,181572
"ENSG00000037757","MRI1",13764522,13774282,9760
"ENSG00000037897","METTL1",57768471,57772119,3648
"ENSG00000037965","HOXC8",54008985,54012769,3784
"ENSG00000038210","PI4K2B",25160663,25279204,118541
"ENSG00000038219","BOD1L1",13568738,13627725,58987
"ENSG00000038274","MAT2B",163503114,163519354,16240
"ENSG00000038295","TLL1",165873237,166104457,231220
"ENSG00000038358","EDC4",67873052,67884499,11447
"ENSG00000038382","TRIO",14143342,14532128,388786
"ENSG00000038427","VCAN",83471618,83582303,110685
"ENSG00000038532","CLEC16A",10944564,11182186,237622
"ENSG00000038945","MSR1",16107878,16567490,459612
"ENSG00000039068","CDH1",68737292,68835541,98249
"ENSG00000039123","SKIV2L2",55307989,55425579,117590
"ENSG00000039139","DNAH5",13690331,13944543,254212
"ENSG00000039319","ZFYVE16",80408013,80483379,75366
"ENSG00000039523","FAM65A",67518418,67546788,28370
"ENSG00000039537","C6",41142234,41261438,119204
"ENSG00000039560","RAI14",34656328,34832612,176284
"ENSG00000039600","SOX30",157625679,157671480,45801
"ENSG00000039650","PNKP",49859882,49878351,18469
"ENSG00000039987","BEST2",12751702,12758458,6756
"ENSG00000040199","PHLPP2",71637835,71724701,86866
"ENSG00000040275","CCDC99",169583636,169604778,21142
"ENSG00000040341","STAU2",73420369,73747708,327339
"ENSG00000040487","PQLC2",19312326,19329300,16974
"ENSG00000040531","CTNS",3636468,3661542,25074
"ENSG00000040608","RTN4R",20241415,20283246,41831
"ENSG00000040633","PHF23",7235029,7239722,4693
"ENSG00000040731","CDH10",24487100,24644978,157878
"ENSG00000040933","INPP4A",98444854,98594390,149536
"ENSG00000041515","MYO16",108596152,109208005,611853
"ENSG00000041802","LSG1",194640791,194672463,31672
"ENSG00000041880","PARP3",51942345,51948867,6522
"ENSG00000041982","TNC",115019575,115118257,98682
"ENSG00000042062","FAM65C",50586108,50691527,105419
"ENSG00000042088","TDP1",89954939,90044768,89829
"ENSG00000042286","AIFM2",70098223,70132934,34711
"ENSG00000042304","C2orf83",227610090,227648606,38516
"ENSG00000042317","SPATA7",88384924,88470350,85426
"ENSG00000042429","MED17",93784227,93814963,30736
"ENSG00000042445","RETSAT",85341955,85354531,12576
"ENSG00000042493","CAPG",85394753,85418432,23679
"ENSG00000042781","USH2A",215622891,216423448,800557
"ENSG00000042813","ZPBP",49850421,50121329,270908
"ENSG00000042832","TG",132866958,133134903,267945
"ENSG00000042980","ADAM28",24294040,24359018,64978
"ENSG00000043039","BARX2",129375940,129452279,76339
"ENSG00000043093","DCUN1D1",182938074,182985953,47879
"ENSG00000043143","PHF15",134524312,134583230,58918
"ENSG00000043355","ZIC2",99981784,99986765,4981
"ENSG00000043462","LCP2",170246233,170297818,51585
"ENSG00000043514","TRIT1",39838110,39883511,45401
"ENSG00000044012","GUCA2B",42153410,42155820,2410
"ENSG00000044090","CUL7",43037617,43053945,16328
"ENSG00000044115","CTNNA1",138610967,138935034,324067
"ENSG00000044446","PHKA2",18892300,18984598,92298
"ENSG00000044459","CNTLN",17134982,17503923,368941
"ENSG00000044524","EPHA3",89107621,89482134,374513
"ENSG00000044574","HSPA5",125234853,125241343,6490
"ENSG00000046604","DSG2",31498177,31549008,50831
"ENSG00000046647","GEMIN8",14008279,14029893,21614
"ENSG00000046651","OFD1",13734745,13769357,34612
"ENSG00000046653","GPM6B",13770939,13938638,167699
"ENSG00000046774","MAGEC2",142202342,142205290,2948
"ENSG00000046889","PREX2",67952046,68237032,284986
"ENSG00000047056","WDR37",1049538,1132384,82846
"ENSG00000047188","YTHDC2",113513694,113595285,81591
"ENSG00000047230","CTPS2",16587999,16712936,124937
"ENSG00000047249","ATP6V1H",53715543,53843558,128015
"ENSG00000047315","POLR2B",56977722,57031158,53436
"ENSG00000047346","FAM214A",52581317,52709817,128500
"ENSG00000047365","ARAP2",35948221,36244514,296293
"ENSG00000047410","TPR",186311652,186375693,64041
"ENSG00000047457","CP",149162410,149221829,59419
"ENSG00000047578","KIAA0556",27550133,27780369,230236
"ENSG00000047579","DTNBP1",15522801,15663058,140257
"ENSG00000047597","XK",37685791,37732130,46339
"ENSG00000047617","ANO2",5531869,5946232,414363
"ENSG00000047621","C12orf4",4487735,4538508,50773
"ENSG00000047634","SCML1",17737449,17754988,17539
"ENSG00000047644","WWC3",10015562,10144478,128916
"ENSG00000047648","ARHGAP6",11117651,11665920,548269
"ENSG00000047662","FAM184B",17629306,17781512,152206
"ENSG00000047849","MAP4",47850690,48089272,238582
"ENSG00000047932","GOPC",117560269,117602542,42273
"ENSG00000047936","ROS1",117288300,117425855,137555
"ENSG00000048028","USP28",113797874,113875570,77696
"ENSG00000048052","HDAC9",18086949,19002416,915467
"ENSG00000048140","TSPAN17",176647387,176659054,11667
"ENSG00000048162","NOP16",176383938,176388975,5037
"ENSG00000048342","CC2D2A",15469865,15601557,131692
"ENSG00000048392","RRM2B",102204502,102239118,34616
"ENSG00000048405","ZNF800",127346790,127431924,85134
"ENSG00000048462","TNFRSF17",11965210,11968068,2858
"ENSG00000048471","SNX29",11976734,12574287,597553
"ENSG00000048540","LMO3",16548372,16610594,62222
"ENSG00000048544","MRPS10",42206807,42217861,11054
"ENSG00000048545","GUCA1A",42155406,42180049,24643
"ENSG00000048649","RSF1",77659996,77821017,161021
"ENSG00000048707","VPS13D",12230030,12512047,282017
"ENSG00000048740","CELF2",10798397,11336675,538278
"ENSG00000048828","FAM120A",93451685,93566112,114427
"ENSG00000048991","R3HDM1",135531455,135725270,193815
"ENSG00000049089","COL9A2",40300489,40317813,17324
"ENSG00000049130","KITLG",88492793,88580851,88058
"ENSG00000049167","ERCC8",60873831,60945073,71242
"ENSG00000049192","ADAMTS6",65148738,65481920,333182
"ENSG00000049239","H6PD",9234775,9271337,36562
"ENSG00000049245","VAMP3",7771296,7781432,10136
"ENSG00000049246","PER3",7784320,7845177,60857
"ENSG00000049249","TNFRSF9",7915894,7943165,27271
"ENSG00000049283","EPN3",50532682,50543750,11068
"ENSG00000049323","LTBP1",32946953,33399509,452556
"ENSG00000049449","RCN1",32090904,32105755,14851
"ENSG00000049540","ELN",74027789,74069907,42118
"ENSG00000049541","RFC2",74231499,74254458,22959
"ENSG00000049618","ARID1B",156776020,157210779,434759
"ENSG00000049656","CLPTM1L",1317752,1345099,27347
"ENSG00000049759","NEDD4L",58044226,58401540,357314
"ENSG00000049768","FOXP3",49250436,49270477,20041
"ENSG00000049769","PPP1R3F",49269843,49301461,31618
"ENSG00000049860","HEXB",74640023,74722647,82624
"ENSG00000049883","PTCD2",72320367,72368395,48028
"ENSG00000050030","KIAA2022",74732856,74925485,192629
"ENSG00000050165","DKK3",11963106,12009769,46663
"ENSG00000050327","ARHGEF5",144355288,144380632,25344
"ENSG00000050344","NFE2L3",26152198,26187137,34939
"ENSG00000050393","CCDC90A",13786557,13814568,28011
"ENSG00000050405","LIMA1",50175788,50283546,107758
"ENSG00000050426","LETMD1",51047962,51060424,12462
"ENSG00000050438","SLC4A8",51391317,51515763,124446
"ENSG00000050555","LAMC3",131009174,131094473,85299
"ENSG00000050628","PTGER3",70852353,71047808,195455
"ENSG00000050730","TNIP3",121131408,121227466,96058
"ENSG00000050748","MAPK9",180233143,180292099,58956
"ENSG00000050767","COL23A1",178237618,178590393,352775
"ENSG00000050820","BCAR1",75228181,75268053,39872
"ENSG00000051009","FAM160A2",6211335,6234711,23376
"ENSG00000051128","HOMER3",18929201,18941261,12060
"ENSG00000051180","RAD51",40694774,40732340,37566
"ENSG00000051341","POLQ",121431427,121546641,115214
"ENSG00000051382","PIK3CB",138652699,138834938,182239
"ENSG00000051596","THOC3",175917873,176034680,116807
"ENSG00000051620","HEBP2",138403531,138422197,18666
"ENSG00000051825","MPHOSPH9",123152320,123244014,91694
"ENSG00000052126","PLEKHA5",19129752,19376400,246648
"ENSG00000052344","PRSS8",31131433,31135727,4294
"ENSG00000052749","RRP12",97356358,97426076,69718
"ENSG00000052795","FNIP2",158769026,158908050,139024
"ENSG00000052841","TTC17",43358920,43494933,136013
"ENSG00000052850","ALX4",44260440,44310139,49699
"ENSG00000053108","FSTL4",133196455,133612541,416086
"ENSG00000053254","FOXN3",89124871,89619149,494278
"ENSG00000053371","AKR7A2",19303965,19312146,8181
"ENSG00000053372","MRTO4",19251805,19260128,8323
"ENSG00000053501","USE1",17215346,17219829,4483
"ENSG00000053524","MCF2L2",183178043,183428778,250735
"ENSG00000053747","LAMA3",23689443,23956222,266779
"ENSG00000053770","AP5M1",57268924,57298742,29818
"ENSG00000053900","ANAPC4",25377213,25418498,41285
"ENSG00000053918","KCNQ1",2444684,2849110,404426
"ENSG00000054116","TRAPPC3",36136570,36156053,19483
"ENSG00000054118","THRAP3",36224432,36305357,80925
"ENSG00000054148","PHPT1",136848724,136851027,2303
"ENSG00000054179","ENTPD2",137048107,137054061,5954
"ENSG00000054219","LY75",159803355,159904756,101401
"ENSG00000054267","ARID4B",235131634,235328219,196585
"ENSG00000054277","OPN3",241590102,241677376,87274
"ENSG00000054282","SDCCAG8",243256034,243500091,244057
"ENSG00000054356","PTPRN",219289623,219309648,20025
"ENSG00000054392","HHAT",210328252,210676296,348044
"ENSG00000054523","KIF1B",10210805,10381603,170798
"ENSG00000054598","FOXC1",1609915,1613897,3982
"ENSG00000054611","TBC1D22A",46762617,47175699,413082
"ENSG00000054654","SYNE2",63852983,64226433,373450
"ENSG00000054690","PLEKHH1",67533301,67589612,56311
"ENSG00000054793","ATP9A",51596514,51768634,172120
"ENSG00000054796","SPO11",57329759,57343994,14235
"ENSG00000054803","CBLN4",55997440,56005472,8032
"ENSG00000054938","CHRDL2",74696429,74731385,34956
"ENSG00000054965","FAM168A",73400487,73598189,197702
"ENSG00000054967","RELT",73376399,73397474,21075
"ENSG00000054983","GALC",87837820,87993665,155845
"ENSG00000055044","NOP58",202265736,202303661,37925
"ENSG00000055070","SZRD1",16352575,16398145,45570
"ENSG00000055118","KCNH2",150944961,150978315,33354
"ENSG00000055130","CUL1",148697914,148801110,103196
"ENSG00000055147","FAM114A2",153990148,154038936,48788
"ENSG00000055163","CYFIP2",157266079,157395595,129516
"ENSG00000055208","TAB2",149218641,149411613,192972
"ENSG00000055211","GINM1",149566294,149591748,25454
"ENSG00000055332","EIF2AK2",37099210,37157065,57855
"ENSG00000055483","USP36",78787381,78841441,54060
"ENSG00000055609","MLL3",152134922,152436005,301083
"ENSG00000055732","MCOLN3",85018082,85048500,30418
"ENSG00000055813","CCDC85A",56183990,56386172,202182
"ENSG00000055917","PUM2",20248691,20352234,103543
"ENSG00000055950","MRPL43",100969458,100987515,18057
"ENSG00000055955","ITIH4",52812975,52830739,17764
"ENSG00000055957","ITIH1",52777595,52792068,14473
"ENSG00000056050","C4orf27",169729470,169757944,28474
"ENSG00000056097","ZFR",32354350,32444740,90390
"ENSG00000056277","ZNF280C",130202707,130268899,66192
"ENSG00000056291","NPFFR2",72031804,72148067,116263
"ENSG00000056487","PHF21B",44881162,45010005,128843
"ENSG00000056558","TRAF1",120902393,120929173,26780
"ENSG00000056586","RC3H2",122844556,122905359,60803
"ENSG00000056736","IL17RB",53846568,53865794,19226
"ENSG00000056972","TRAF3IP2",111555381,111606906,51525
"ENSG00000056998","GYG2",2828822,2882820,53998
"ENSG00000057019","DCBLD2",98795941,98901695,105754
"ENSG00000057149","SERPINB3",63655197,63661893,6696
"ENSG00000057252","SOAT1",179293714,179358680,64966
"ENSG00000057294","PKP2",32790745,32896840,106095
"ENSG00000057468","MSH4",75796882,75913242,116360
"ENSG00000057593","F7",113105788,113120681,14893
"ENSG00000057608","GDI2",5765223,5842132,76909
"ENSG00000057657","PRDM1",105993463,106109939,116476
"ENSG00000057663","ATG5",106045423,106325791,280368
"ENSG00000057704","TMCC3",94567122,94650557,83435
"ENSG00000057757","PITHD1",23778418,23788232,9814
"ENSG00000057935","MTA3",42494569,42756947,262378
"ENSG00000058056","USP13",179653040,179789401,136361
"ENSG00000058063","ATP11B",182793503,182921629,128126
"ENSG00000058085","LAMC2",183186238,183244900,58662
"ENSG00000058091","CDK14",90466424,91210590,744166
"ENSG00000058262","SEC61A1",128051641,128071683,20042
"ENSG00000058272","PPP1R12A",79773563,79935460,161897
"ENSG00000058335","RASGRF1",78959947,79090773,130826
"ENSG00000058404","CAMK2B",44217150,44334577,117427
"ENSG00000058453","CROCC",16740273,16972964,232691
"ENSG00000058600","POLR3E",22297375,22335101,37726
"ENSG00000058668","ATP2B4",203626561,203744081,117520
"ENSG00000058673","ZC3H11A",203795654,203854999,59345
"ENSG00000058729","RIOK2",97160867,97183247,22380
"ENSG00000058799","YIPF1",53851719,53889798,38079
"ENSG00000058804","TMEM48",53765478,53838463,72985
"ENSG00000058866","DGKG",186105668,186362234,256566
"ENSG00000059122","FLYWCH1",2911937,2951208,39271
"ENSG00000059377","TBXAS1",139777051,140020325,243274
"ENSG00000059378","PARP12",140023744,140063721,39977
"ENSG00000059573","ALDH18A1",95605941,95656711,50770
"ENSG00000059588","TARBP1",234391313,234479179,87866
"ENSG00000059691","PET112",151670504,151761007,90503
"ENSG00000059728","MXD1",69897688,69942945,45257
"ENSG00000059758","CDK17",96278261,96400480,122219
"ENSG00000059804","SLC2A3",7919230,7936187,16957
"ENSG00000059915","PSD",102402617,102421539,18922
"ENSG00000060069","CTDP1",79679801,79756623,76822
"ENSG00000060138","CSDA",10699089,10723323,24234
"ENSG00000060237","WNK1",752579,911452,158873
"ENSG00000060339","CCAR1",68721012,68792377,71365
"ENSG00000060491","OGFR",62804835,62814000,9165
"ENSG00000060558","GNA15",3136193,3163769,27576
"ENSG00000060566","CREB3L3",4153631,4173054,19423
"ENSG00000060642","PIGV",26787472,26798398,10926
"ENSG00000060656","PTPRU",29236516,29326813,90297
"ENSG00000060688","SNRNP40",31259568,31296788,37220
"ENSG00000060709","RIMBP2",130396137,130716281,320144
"ENSG00000060718","COL11A1",102876467,103108872,232405
"ENSG00000060749","QSER1",32892820,32993316,100496
"ENSG00000060762","MPC1",166364919,166383013,18094
"ENSG00000060971","ACAA1",38103129,38137242,34113
"ENSG00000060982","BCAT1",24810024,24949101,139077
"ENSG00000061273","HDAC7",47782722,47833132,50410
"ENSG00000061337","LZTS1",20246165,20303963,57798
"ENSG00000061455","PRDM6",123089241,123194266,105025
"ENSG00000061492","WNT8A",138083892,138092365,8473
"ENSG00000061656","SPAG4",35615892,35621049,5157
"ENSG00000061676","NCKAP1",182909115,183038858,129743
"ENSG00000061794","MRPS35",27710822,27756295,45473
"ENSG00000061918","GUCY1B3",155758992,155807774,48782
"ENSG00000061936","SFSWAP",131711081,131799737,88656
"ENSG00000061938","TNK2",195863365,195909009,45644
"ENSG00000061987","MON2",62466817,62600476,133659
"ENSG00000062038","CDH3",68636189,68722616,86427
"ENSG00000062096","ARSF",3041471,3112726,71255
"ENSG00000062194","GPBP1",57173948,57264679,90731
"ENSG00000062282","DGAT2",75759512,75801535,42023
"ENSG00000062370","ZFP112",44326555,44367217,40662
"ENSG00000062485","CS",56271699,56300391,28692
"ENSG00000062524","LTK",41503637,41513887,10250
"ENSG00000062598","ELMO2",46366050,46432985,66935
"ENSG00000062650","WAPAL",86435256,86521792,86536
"ENSG00000062716","VMP1",59707192,59842255,135063
"ENSG00000062725","APPBP2",60443158,60526242,83084
"ENSG00000062822","POLD1",50384204,50418018,33814
"ENSG00000063015","SEZ6",28954901,29006440,51539
"ENSG00000063046","EIF4B",53006158,53042209,36051
"ENSG00000063127","SLC6A16",49289638,49325225,35587
"ENSG00000063169","GLTSCR1",47608196,47703277,95081
"ENSG00000063176","SPHK2",48619291,48630717,11426
"ENSG00000063177","RPL18",48615328,48619184,3856
"ENSG00000063180","CA11",48637946,48646187,8241
"ENSG00000063244","U2AF2",55654146,55674715,20569
"ENSG00000063245","EPN1",55675226,55709858,34632
"ENSG00000063438","AHRR",321759,435110,113351
"ENSG00000063587","ZNF275",153334147,153360110,25963
"ENSG00000063601","MTMR1",150692971,150765108,72137
"ENSG00000063761","ADCK1",77800109,77935014,134905
"ENSG00000063854","HAGH",1795620,1827157,31537
"ENSG00000064012","CASP8",201233443,201287711,54268
"ENSG00000064042","LIMCH1",41359607,41700044,340437
"ENSG00000064102","ASUN",26905181,26938326,33145
"ENSG00000064115","TM7SF3",26971579,27014434,42855
"ENSG00000064195","DLX3",49990005,49995224,5219
"ENSG00000064199","SPA17",124673798,124697518,23720
"ENSG00000064201","TSPAN32",2301997,2318200,16203
"ENSG00000064205","WISP2",44714844,44728509,13665
"ENSG00000064218","DMRT3",976655,991732,15077
"ENSG00000064225","ST3GAL6",98732236,98821201,88965
"ENSG00000064270","ATP2C2",84368527,84464187,95660
"ENSG00000064300","NGFR",49495293,49515008,19715
"ENSG00000064309","CDON",125955796,126063335,107539
"ENSG00000064313","TAF2",119730774,119832841,102067
"ENSG00000064393","HIPK2",139561570,139777998,216428
"ENSG00000064419","TNPO3",128954180,129055173,100993
"ENSG00000064490","RFXANK",19192229,19201869,9640
"ENSG00000064545","TMEM161A",19119169,19138513,19344
"ENSG00000064547","LPAR2",19623655,19628930,5275
"ENSG00000064601","CTSA",45890144,45898820,8676
"ENSG00000064607","SUGP2",18990888,19034023,43135
"ENSG00000064651","SLC12A2",128083766,128189677,105911
"ENSG00000064652","SNX24",122843439,123029354,185915
"ENSG00000064655","EYA2",46894624,47188844,294220
"ENSG00000064666","CNN2",1026586,1039068,12482
"ENSG00000064687","ABCA7",1040101,1065572,25471
"ENSG00000064692","SNCAIP",122311354,122464219,152865
"ENSG00000064703","DDX20",111755245,111768000,12755
"ENSG00000064726","BTBD1",83016422,83067354,50932
"ENSG00000064763","FAR2",29149103,29340980,191877
"ENSG00000064787","BCAS1",53936777,54070594,133817
"ENSG00000064835","POU1F1",87259404,87276587,17183
"ENSG00000064886","CHI3L2",111200771,111243440,42669
"ENSG00000064932","SBNO2",1107637,1174268,66631
"ENSG00000064933","PMS1",189784085,189877629,93544
"ENSG00000064961","HMG20B",3572777,3579088,6311
"ENSG00000064989","CALCRL",187341964,187448460,106496
"ENSG00000064999","ANKS1A",34889255,35091406,202151
"ENSG00000065000","AP3D1",2100988,2164468,63480
"ENSG00000065029","ZNF76",35258909,35295985,37076
"ENSG00000065057","NTHL1",2039815,2047866,8051
"ENSG00000065060","UHRF1BP1",34792015,34883138,91123
"ENSG00000065135","GNAI3",109548615,109618324,69709
"ENSG00000065150","IPO5",97953658,98024297,70639
"ENSG00000065154","OAT",124397303,124418976,21673
"ENSG00000065183","WDR3",117929720,117966543,36823
"ENSG00000065243","PKN2",88684222,88836255,152033
"ENSG00000065308","TRAM2",52497408,52577060,79652
"ENSG00000065320","NTN1",9021510,9244000,222490
"ENSG00000065325","GLP2R",9822206,9892099,69893
"ENSG00000065328","MCM10",13161554,13211104,49550
"ENSG00000065357","DGKA",55927319,55954027,26708
"ENSG00000065361","ERBB3",56076799,56103505,26706
"ENSG00000065371","ROPN1",123968521,123992178,23657
"ENSG00000065413","ANKRD44",196967017,197311173,344156
"ENSG00000065427","KARS",75627474,75648643,21169
"ENSG00000065457","ADAT1",75596981,75623300,26319
"ENSG00000065485","PDIA5",123067025,123225227,158202
"ENSG00000065491","TBC1D22B",37257772,37332970,75198
"ENSG00000065526","SPEN",15847707,15940456,92749
"ENSG00000065534","MYLK",123610049,123884331,274282
"ENSG00000065548","ZC3H15",186486253,186509361,23108
"ENSG00000065559","MAP2K4",12020829,12143830,123001
"ENSG00000065600","TMEM206",212363931,212414901,50970
"ENSG00000065609","SNAP91",83552880,83709691,156811
"ENSG00000065613","SLK",103967140,104029233,62093
"ENSG00000065615","CYB5R4",83859656,83967423,107767
"ENSG00000065618","COL17A1",104031286,104085880,54594
"ENSG00000065621","GSTO2",104268873,104304950,36077
"ENSG00000065665","SEC61A2",12129637,12169961,40324
"ENSG00000065675","PRKCQ",6427143,6580301,153158
"ENSG00000065717","TLE2",2997639,3047635,49996
"ENSG00000065802","ASB1",238426742,238452250,25508
"ENSG00000065809","FAM107B",14518557,14774897,256340
"ENSG00000065882","TBC1D1",37891084,38139175,248091
"ENSG00000065883","CDK13",39950121,40099580,149459
"ENSG00000065911","MTHFD2",74198610,74217565,18955
"ENSG00000065923","SLC9A7",46599251,46759118,159867
"ENSG00000065970","FOXJ2",8032716,8055517,22801
"ENSG00000065978","YBX1",42682418,42703805,21387
"ENSG00000065989","PDE4A",10416773,10469630,52857
"ENSG00000066027","PPP2R5A",212285410,212361853,76443
"ENSG00000066032","CTNNA2",79185231,80648861,1463630
"ENSG00000066044","ELAVL1",7958573,8005659,47086
"ENSG00000066056","TIE1",43300982,43323108,22126
"ENSG00000066084","DIP2B",50504985,50748657,243672
"ENSG00000066117","SMARCD1",50084972,50100712,15740
"ENSG00000066135","KDM4A",43650149,43705518,55369
"ENSG00000066136","NFYC",40691648,40771603,79955
"ENSG00000066185","ZMYND12",42430329,42456253,25924
"ENSG00000066230","SLC9A3",470458,524332,53874
"ENSG00000066248","NGEF",232878701,233013256,134555
"ENSG00000066279","ASPM",197084127,197146694,62567
"ENSG00000066294","CD84",160541095,160579516,38421
"ENSG00000066336","SPI1",47354860,47378576,23716
"ENSG00000066382","MPPED2",30384493,30586872,202379
"ENSG00000066405","CLDN18",137998735,138033655,34920
"ENSG00000066422","ZBTB11",101648889,101677495,28606
"ENSG00000066427","ATXN3",92044496,92106621,62125
"ENSG00000066455","GOLGA5",92794305,92839947,45642
"ENSG00000066468","FGFR2",121478334,121598458,120124
"ENSG00000066557","LRRC40",70144805,70205579,60774
"ENSG00000066583","ISOC1",129094749,129114028,19279
"ENSG00000066629","EML1",99737693,99942060,204367
"ENSG00000066651","TRMT11",125986479,126203817,217338
"ENSG00000066697","MSANTD3",100427156,100451711,24555
"ENSG00000066735","KIF26A",104138723,104180894,42171
"ENSG00000066739","ATG2B",96279195,96363341,84146
"ENSG00000066777","ARFGEF1",67173511,67343781,170270
"ENSG00000066813","ACSM2B",20536226,20576427,40201
"ENSG00000066827","ZFAT",134477788,134713049,235261
"ENSG00000066855","MTFR1",65644734,65771261,126527
"ENSG00000066923","STAG3",100177563,100221488,43925
"ENSG00000066933","MYO9A",71822291,72118577,296286
"ENSG00000067057","PFKP",3066333,3137718,71385
"ENSG00000067064","IDI1",1039152,1049170,10018
"ENSG00000067066","SP100",230415942,230545606,129664
"ENSG00000067082","KLF6",3775996,3785281,9285
"ENSG00000067113","PPAP2A",55424854,55534969,110115
"ENSG00000067141","NEO1",73051710,73305205,253495
"ENSG00000067167","TRAM1",70573218,70608416,35198
"ENSG00000067177","PHKA1",72578814,72714319,135505
"ENSG00000067182","TNFRSF1A",6328757,6342114,13357
"ENSG00000067191","CACNB1",39173453,39197703,24250
"ENSG00000067208","EVI5",92508696,92792404,283708
"ENSG00000067221","STOML1",73978926,73994622,15696
"ENSG00000067225","PKM",72199029,72231822,32793
"ENSG00000067248","DHX29",55256055,55307694,51639
"ENSG00000067334","DNTTIP2",93866284,93879918,13634
"ENSG00000067365","METTL22",8621683,8649654,27971
"ENSG00000067369","TP53BP1",43403061,43510728,107667
"ENSG00000067445","TRO",54920462,54931431,10969
"ENSG00000067533","RRP15",218285293,218337983,52690
"ENSG00000067560","RHOA",49359145,49412998,53853
"ENSG00000067596","DHX8",43483865,43610338,126473
"ENSG00000067601","PMS2P4",67287541,67302419,14878
"ENSG00000067606","PRKCZ",2050411,2185395,134984
"ENSG00000067704","IARS2",220094132,220148041,53909
"ENSG00000067715","SYT1",78863993,79452008,588015
"ENSG00000067798","NAV3",77324641,78213010,888369
"ENSG00000067829","IDH3G",153785766,153794523,8757
"ENSG00000067836","ROGDI",4796968,4802950,5982
"ENSG00000067840","PDZD4",153802166,153830565,28399
"ENSG00000067842","ATP2B3",153517676,153582939,65263
"ENSG00000067900","ROCK1",20946906,21111813,164907
"ENSG00000067955","CBFB",67028984,67101058,72074
"ENSG00000067992","PDK3",24465221,24550466,85245
"ENSG00000068001","HYAL2",50317790,50322782,4992
"ENSG00000068024","HDAC4",239048168,239401654,353486
"ENSG00000068028","RASSF1",50329782,50340980,11198
"ENSG00000068078","FGFR3",1793293,1808872,15579
"ENSG00000068079","IFI35",43006725,43014456,7731
"ENSG00000068097","HEATR6",60043194,60078931,35737
"ENSG00000068120","COASY",42561467,42566277,4810
"ENSG00000068137","PLEKHH3",42667914,42676994,9080
"ENSG00000068305","MEF2A",99565417,99716466,151049
"ENSG00000068308","OTUD5",48922028,48958386,36358
"ENSG00000068323","TFE3",49028726,49043410,14684
"ENSG00000068354","TBC1D25",48539714,48562609,22895
"ENSG00000068366","ACSL4",109624244,109733403,109159
"ENSG00000068383","INPP5A",132537787,132783480,245693
"ENSG00000068394","GPKOW",49113407,49123735,10328
"ENSG00000068400","GRIPAP1",48973720,49002264,28544
"ENSG00000068489","PRR11",59155499,59204705,49206
"ENSG00000068650","ATP11A",112690329,112887168,196839
"ENSG00000068654","POLR1A",86020216,86106155,85939
"ENSG00000068697","LAPTM4A",20032650,20051628,18978
"ENSG00000068724","TTC7A",46916157,47076137,159980
"ENSG00000068745","IP6K2",48688003,48740353,52350
"ENSG00000068781","STON1-GTF2A1L",48529925,48776517,246592
"ENSG00000068784","SRBD1",45388680,45612165,223485
"ENSG00000068796","KIF2A",62306162,62537249,231087
"ENSG00000068831","RASGRP2",64726911,64745456,18545
"ENSG00000068878","PSME4",53864069,53970993,106924
"ENSG00000068885","IFT80",160256986,160399880,142894
"ENSG00000068903","SIRT2",38878555,38899862,21307
"ENSG00000068912","ERLEC1",53787044,53818819,31775
"ENSG00000068971","PPP2R5B",64917553,64934475,16922
"ENSG00000068976","PYGM",64746389,64759974,13585
"ENSG00000068985","PAGE1",49687447,49695984,8537
"ENSG00000069011","PITX1",135027734,135034813,7079
"ENSG00000069018","TRPC7",136213320,136365545,152225
"ENSG00000069020","MAST4",66596361,67169595,573234
"ENSG00000069122","GPR116",46852522,46954943,102421
"ENSG00000069188","SDK2",73334384,73644445,310061
"ENSG00000069206","ADAM7",24440930,24526970,86040
"ENSG00000069248","NUP133",229440259,229508341,68082
"ENSG00000069275","NUCKS1",205712822,205750182,37360
"ENSG00000069329","VPS35",46656132,46689518,33386
"ENSG00000069399","BCL3",44747705,44760044,12339
"ENSG00000069424","KCNAB2",5990927,6101193,110266
"ENSG00000069431","ABCC9",21797401,21942529,145128
"ENSG00000069482","GAL",68683779,68691175,7396
"ENSG00000069493","CLEC2D",9664969,9699553,34584
"ENSG00000069509","FUNDC1",44523639,44542859,19220
"ENSG00000069535","MAOB",43766610,43882450,115840
"ENSG00000069667","RORA",60488284,61229302,741018
"ENSG00000069696","DRD4",637293,640706,3413
"ENSG00000069702","TGFBR3",91680343,91906335,225992
"ENSG00000069849","ATP1B3",141876124,141926549,50425
"ENSG00000069869","NEDD4",55826922,55993746,166824
"ENSG00000069943","PIGB",55318960,55355648,36688
"ENSG00000069956","MAPK6",51952106,52067375,115269
"ENSG00000069966","GNB5",52115105,52191369,76264
"ENSG00000069974","RAB27A",55202966,55319113,116147
"ENSG00000069998","CECR5",17137511,17165287,27776
"ENSG00000070010","UFD1L",19449911,19479202,29291
"ENSG00000070018","LRP6",12116025,12267044,151019
"ENSG00000070019","GUCY2C",14612632,14696599,83967
"ENSG00000070047","PHRF1",576470,612222,35752
"ENSG00000070061","IKBKAP",108867517,108934124,66607
"ENSG00000070081","NUCB2",17208153,17349980,141827
"ENSG00000070159","PTPN3",109375466,109498313,122847
"ENSG00000070182","SPTB",64746283,64879907,133624
"ENSG00000070190","DAPP1",99816827,99870190,53363
"ENSG00000070193","FGF10",44303544,44389706,86162
"ENSG00000070214","SLC44A1",105244622,105439171,194549
"ENSG00000070269","C14orf101",56488354,56650606,162252
"ENSG00000070366","SMG6",2059839,2303785,243946
"ENSG00000070367","EXOC5",57200507,57268905,68398
"ENSG00000070371","CLTCL1",19179473,19291719,112246
"ENSG00000070413","DGCR2",19036282,19122454,86172
"ENSG00000070423","RNF126",647526,663233,15707
"ENSG00000070444","MNT",2384073,2401104,17031
"ENSG00000070476","ZXDC",126437601,126475891,38290
"ENSG00000070495","JMJD6",76712832,76726799,13967
"ENSG00000070501","POLB",42338454,42371808,33354
"ENSG00000070526","ST6GALNAC1",76624761,76643786,19025
"ENSG00000070540","WIPI1",68420948,68457513,36565
"ENSG00000070601","FRMPD1",37650954,37746904,95950
"ENSG00000070610","GBA2",35736866,35749228,12362
"ENSG00000070614","NDST1",150485818,150558211,72393
"ENSG00000070669","ASNS",97851677,97872542,20865
"ENSG00000070718","AP3M2",42152946,42171673,18727
"ENSG00000070729","CNGB1",57882340,57971116,88776
"ENSG00000070731","ST6GALNAC2",76565379,76586956,21577
"ENSG00000070748","CHAT",49609095,49665104,56009
"ENSG00000070756","PABPC1",100685816,100722809,36993
"ENSG00000070759","TESK2",45343883,45491163,147280
"ENSG00000070761","C16orf80",58113592,58129381,15789
"ENSG00000070770","CSNK2A2",58157907,58198106,40199
"ENSG00000070778","PTPN21",88465778,88555007,89229
"ENSG00000070785","EIF2B3",44850522,44986722,136200
"ENSG00000070808","CAMK2A",150219491,150290291,70800
"ENSG00000070814","TCOF1",150357629,150400308,42679
"ENSG00000070882","OSBPL3",24796540,24981634,185094
"ENSG00000070886","EPHA8",22563489,22603595,40106
"ENSG00000070915","SLC12A3",56865207,56915850,50643
"ENSG00000070950","RAD18",8775402,8963773,188371
"ENSG00000070961","ATP2B1",89588049,89709300,121251
"ENSG00000070985","TRPM5",2404515,2423045,18530
"ENSG00000071051","NCK2",105744912,105894274,149362
"ENSG00000071054","MAP4K4",101696850,101894689,197839
"ENSG00000071073","MGAT4A",98619106,98731132,112026
"ENSG00000071082","RPL31",101002229,101024032,21803
"ENSG00000071127","WDR1",10074339,10116949,42610
"ENSG00000071189","SNX13",17790761,17940501,149740
"ENSG00000071203","MS4A12",60492778,60507430,14652
"ENSG00000071205","ARHGAP10",147732063,148072780,340717
"ENSG00000071242","RPS6KA2",166409364,166906451,497087
"ENSG00000071243","ING3",120950763,120977216,26453
"ENSG00000071246","VASH1",76761468,76783015,21547
"ENSG00000071282","LMCD1",8501807,8574668,72861
"ENSG00000071462","WBSCR22",73683025,73705161,22136
"ENSG00000071537","SEL1L",81471547,81533853,62306
"ENSG00000071539","TRIP13",892884,919357,26473
"ENSG00000071553","ATP6AP1",154428645,154436516,7871
"ENSG00000071564","TCF3",1609290,1652615,43325
"ENSG00000071575","TRIB2",12716889,12742734,25845
"ENSG00000071626","DAZAP1",1407569,1435687,28118
"ENSG00000071655","MBD3",1573596,1592865,19269
"ENSG00000071794","HLTF",149030127,149086554,56427
"ENSG00000071859","FAM50A",154444141,154450654,6513
"ENSG00000071889","FAM3A",154506159,154516242,10083
"ENSG00000071894","CPSF1",144393229,144409335,16106
"ENSG00000071909","MYO3B",170178145,170655171,477026
"ENSG00000071967","CYBRD1",171522247,171558129,35882
"ENSG00000071991","CDH19",66501083,66604138,103055
"ENSG00000072041","SLC6A15",84859491,84913615,54124
"ENSG00000072042","RDH11",67676800,67695793,18993
"ENSG00000072062","PRKACA",14091688,14118084,26396
"ENSG00000072071","LPHN1",14147743,14206187,58444
"ENSG00000072080","SPP2",234050679,234077134,26455
"ENSG00000072110","ACTN1",68874143,68979440,105297
"ENSG00000072121","ZFYVE26",67727374,67816590,89216
"ENSG00000072133","RPS6KA6",84058346,84188199,129853
"ENSG00000072134","EPN2",19215615,19336715,121100
"ENSG00000072135","PTPN18",130356045,130375405,19360
"ENSG00000072163","LIMS2",127638381,127681786,43405
"ENSG00000072182","ASIC4",219514170,219538772,24602
"ENSG00000072195","SPEG",219434843,219493629,58786
"ENSG00000072201","LNX1",53459301,53701405,242104
"ENSG00000072210","ALDH3A2",19648136,19677598,29462
"ENSG00000072274","TFRC",196027183,196082096,54913
"ENSG00000072310","SREBF1",17810399,17837011,26612
"ENSG00000072315","TRPC5",111774315,112082776,308461
"ENSG00000072364","AFF4",132875395,132963634,88239
"ENSG00000072401","UBE2D1",58334979,58370751,35772
"ENSG00000072415","MPP5",67241109,67335819,94710
"ENSG00000072422","RHOBTB1",60869438,61001440,132002
"ENSG00000072501","SMC1A",53374149,53422728,48579
"ENSG00000072506","HSD17B10",53431258,53434373,3115
"ENSG00000072518","MARK2",63838928,63911019,72091
"ENSG00000072571","HMMR",163460203,163491941,31738
"ENSG00000072609","CHFR",132822187,132956304,134117
"ENSG00000072657","TRHDE",72087266,72670757,583491
"ENSG00000072682","P4HA2",132191838,132295315,103477
"ENSG00000072694","FCGR2B",161663147,161678654,15507
"ENSG00000072736","NFATC3",68084751,68229259,144508
"ENSG00000072756","TRNT1",3126933,3150879,23946
"ENSG00000072778","ACADVL",7217125,7225266,8141
"ENSG00000072786","STK10",172042079,172188224,146145
"ENSG00000072803","FBXW11",171861549,172006873,145324
"ENSG00000072818","ACAP1",7336529,7351477,14948
"ENSG00000072832","CRMP1",5748084,5893058,144974
"ENSG00000072840","EVC",5711201,5814305,103104
"ENSG00000072858","SIDT1",113532296,113629578,97282
"ENSG00000072864","NDE1",15643267,15726353,83086
"ENSG00000072952","MRVI1",10573091,10693988,120897
"ENSG00000072954","TMEM38A",16661139,16690023,28884
"ENSG00000072958","AP1M1",16197578,16245907,48329
"ENSG00000073008","PVR",44643798,44666162,22364
"ENSG00000073050","XRCC1",43543040,43580473,37433
"ENSG00000073060","SCARB1",124776856,124882668,105812
"ENSG00000073067","CYP2W1",983181,989640,6459
"ENSG00000073111","MCM2",127598410,127622436,24026
"ENSG00000073146","MOV10L1",50089879,50161690,71811
"ENSG00000073150","PANX2",50170731,50180294,9563
"ENSG00000073169","SELO",50200979,50217616,16637
"ENSG00000073282","TP63",189631389,189897276,265887
"ENSG00000073331","ALPK1",112285509,112442621,157112
"ENSG00000073350","LLGL2",75525080,75575208,50128
"ENSG00000073417","PDE8A",84980440,85139145,158705
"ENSG00000073464","CLCN4",10156945,10237660,80715
"ENSG00000073536","NLE1",35128730,35142304,13574
"ENSG00000073578","SDHA",218241,257082,38841
"ENSG00000073584","SMARCE1",40624962,40648654,23692
"ENSG00000073598","FNDC8",35121615,35130732,9117
"ENSG00000073605","GSDMB",39904595,39919854,15259
"ENSG00000073614","KDM5A",280129,389454,109325
"ENSG00000073670","ADAM11",44758988,44781846,22858
"ENSG00000073711","PPP2R3A",135965728,136147894,182166
"ENSG00000073712","FERMT2",52857268,52952435,95167
"ENSG00000073734","ABCB11",168915498,169031324,115826
"ENSG00000073737","DHRS9",169064789,169096167,31378
"ENSG00000073754","CD5L",157830911,157898256,67345
"ENSG00000073756","PTGS2",186671791,186680423,8632
"ENSG00000073792","IGF2BP2",185643739,185825056,181317
"ENSG00000073803","MAP3K13",185282941,185489094,206153
"ENSG00000073849","ST6GAL1",186930502,187078553,148051
"ENSG00000073861","TBX21",47733236,47746122,12886
"ENSG00000073910","FRY",31846713,32299122,452409
"ENSG00000073921","PICALM",85957175,86069882,112707
"ENSG00000073969","NSF",46590669,46757464,166795
"ENSG00000074047","GLI2",120735623,120992653,257030
"ENSG00000074054","CLASP1",121337776,121649587,311811
"ENSG00000074071","MRPS34",1771890,1773155,1265
"ENSG00000074181","NOTCH3",15159038,15200995,41957
"ENSG00000074201","CLNS1A",77514936,77637805,122869
"ENSG00000074211","PPP2R2C",6320578,6563600,243022
"ENSG00000074219","TEAD2",49340595,49362457,21862
"ENSG00000074266","EED",86244753,86278813,34060
"ENSG00000074276","CDHR2",176542511,176595974,53463
"ENSG00000074317","SNCB",176620082,176630556,10474
"ENSG00000074319","TSG101",18468336,18526951,58615
"ENSG00000074356","C17orf85",3802158,3846246,44088
"ENSG00000074370","ATP2A3",3923870,3964464,40594
"ENSG00000074410","CA12",63321378,63381846,60468
"ENSG00000074416","MGLL",127689062,128052190,363128
"ENSG00000074527","NTN4",95657807,95791152,133345
"ENSG00000074582","BCS1L",218658764,218663443,4679
"ENSG00000074590","NUAK1",106063340,106140033,76693
"ENSG00000074603","DPP8",65442463,65517704,75241
"ENSG00000074621","SLC24A1",65611366,65660995,49629
"ENSG00000074657","ZNF532",58862600,58986480,123880
"ENSG00000074660","SCARF1",1633858,1645744,11886
"ENSG00000074695","LMAN1",59327823,59359265,31442
"ENSG00000074696","PTPLAD1",65530418,65578349,47931
"ENSG00000074706","IPCEF1",154154496,154356792,202296
"ENSG00000074755","ZZEF1",4004445,4143030,138585
"ENSG00000074771","NOX3",155395370,155455903,60533
"ENSG00000074803","SLC12A1",48178438,48304078,125640
"ENSG00000074842","C19orf10",4641374,4670370,28996
"ENSG00000074855","ANO8",17323223,17334855,11632
"ENSG00000074935","TUBE1",112070663,112087529,16866
"ENSG00000074964","ARHGEF10L",17539698,17697874,158176
"ENSG00000074966","TXK",48066393,48134250,67857
"ENSG00000075035","WSCD2",108129288,108250537,121249
"ENSG00000075043","KCNQ2",63400210,63472677,72467
"ENSG00000075073","TACR2",69403903,69416867,12964
"ENSG00000075089","ACTR6",100199122,100241865,42743
"ENSG00000075131","TIPIN",66336191,66386746,50555
"ENSG00000075142","SRI",88205118,88226993,21875
"ENSG00000075151","EIF4G3",20806292,21176888,370596
"ENSG00000075213","SEMA3A",83955777,84492724,536947
"ENSG00000075218","GTSE1",46296870,46330810,33940
"ENSG00000075223","SEMA3C",80742538,80922359,179821
"ENSG00000075234","TTC38",46267961,46294008,26047
"ENSG00000075239","ACAT1",108121516,108147776,26260
"ENSG00000075240","GRAMD4",46576012,46679790,103778
"ENSG00000075275","CELSR1",46360834,46537170,176336
"ENSG00000075290","WNT8B",100463041,100483744,20703
"ENSG00000075292","ZNF638",71276561,71435069,158508
"ENSG00000075303","SLC25A40",87833568,87876360,42792
"ENSG00000075336","TIMM21",74148523,74160531,12008
"ENSG00000075340","ADD2",70607618,70768225,160607
"ENSG00000075388","FGF4",69771022,69775341,4319
"ENSG00000075391","RASAL2",178094141,178484147,390006
"ENSG00000075399","C16orf7",89707134,89720898,13764
"ENSG00000075407","ZNF37A",38094334,38150293,55959
"ENSG00000075413","MARK3",103385392,103503831,118439
"ENSG00000075415","SLC25A3",98593591,98606379,12788
"ENSG00000075420","FNDC3B",172039578,172401669,362091
"ENSG00000075426","FOSL2",28392448,28417317,24869
"ENSG00000075429","CACNG5",66835117,66885486,50369
"ENSG00000075461","CACNG4",66964707,67033398,68691
"ENSG00000075539","FRYL",48497361,48780322,282961
"ENSG00000075568","TMEM131",97756333,97995948,239615
"ENSG00000075618","FSCN1",5592816,5606655,13839
"ENSG00000075624","ACTB",5527148,5563784,36636
"ENSG00000075643","MOCOS",36187497,36272157,84660
"ENSG00000075651","PLD1",171600404,171810950,210546
"ENSG00000075673","ATP12A",24680411,24712493,32082
"ENSG00000075702","WDR62",36054881,36105108,50227
"ENSG00000075711","DLG1",197042560,197299330,256770
"ENSG00000075790","BCAP29",107579977,107629170,49193
"ENSG00000075826","SEC31B",100486646,100519864,33218
"ENSG00000075856","SART3",108522214,108561400,39186
"ENSG00000075884","ARHGAP15",143091362,143768352,676990
"ENSG00000075886","TUBA3D",131476119,131482934,6815
"ENSG00000075891","PAX2",100735603,100829941,94338
"ENSG00000075914","EXOSC7",44975241,45036066,60825
"ENSG00000075945","KIFAP3",169921326,170085208,163882
"ENSG00000075975","MKRN2",12557087,12583713,26626
"ENSG00000076003","MCM6",135839626,135876443,36817
"ENSG00000076043","REXO2",114439386,114450279,10893
"ENSG00000076067","RBMS2",56521820,56596193,74373
"ENSG00000076108","BAZ2A",56595596,56636816,41220
"ENSG00000076201","PTPN23",47381011,47413435,32424
"ENSG00000076242","MLH1",36993332,37050918,57586
"ENSG00000076258","FMO4",171314183,171342084,27901
"ENSG00000076321","KLHL20",173714941,173786692,71751
"ENSG00000076344","RGS11",268301,275980,7679
"ENSG00000076351","SLC46A1",28394642,28407197,12555
"ENSG00000076356","PLXNA2",208022242,208244384,222142
"ENSG00000076382","SPAG5",28577565,28599025,21460
"ENSG00000076513","ANKRD13A",109999186,110039763,40577
"ENSG00000076554","TPD52",80034745,80231232,196487
"ENSG00000076555","ACACB",109116595,109268226,151631
"ENSG00000076604","TRAF4",28744005,28750956,6951
"ENSG00000076641","PAG1",80967810,81112068,144258
"ENSG00000076650","GPATCH1",33080880,33130542,49662
"ENSG00000076662","ICAM3",10333776,10339661,5885
"ENSG00000076685","NT5C2",103088017,103193306,105289
"ENSG00000076706","MCAM",119308529,119321521,12992
"ENSG00000076716","GPC4",133300103,133415489,115386
"ENSG00000076770","MBNL3",132369317,132489968,120651
"ENSG00000076826","CAMSAP3",7595902,7618304,22402
"ENSG00000076864","RAP1GAP",21596215,21669363,73148
"ENSG00000076924","XAB2",7619525,7629545,10020
"ENSG00000076928","ARHGEF1",41883161,41930150,46989
"ENSG00000076944","STXBP2",7636881,7647873,10992
"ENSG00000076984","MAP2K7",7903843,7914478,10635
"ENSG00000077009","NMRK2",3933103,3942416,9313
"ENSG00000077044","DGKD",233354507,233472104,117597
"ENSG00000077063","CTTNBP2",117710651,117874139,163488
"ENSG00000077080","ACTL6B",100643097,100656461,13364
"ENSG00000077092","RARB",25174332,25597932,423600
"ENSG00000077097","TOP2B",25597905,25664907,67002
"ENSG00000077147","TM9SF3",96518110,96587452,69342
"ENSG00000077150","NFKB2",102394110,102402524,8414
"ENSG00000077152","UBE2T",202331657,202341980,10323
"ENSG00000077157","PPP1R12B",202348699,202592706,244007
"ENSG00000077232","DNAJC10",182716041,182794464,78423
"ENSG00000077235","GTF3C1",27459555,27549913,90358
"ENSG00000077238","IL4R",27313668,27364778,51110
"ENSG00000077254","USP33",77695987,77759852,63865
"ENSG00000077264","PAK3",110944285,111227361,283076
"ENSG00000077274","CAPN6",111245099,111270483,25384
"ENSG00000077279","DCX",111293779,111412429,118650
"ENSG00000077312","SNRPA",40750637,40765389,14752
"ENSG00000077327","SPAG6",22345445,22454224,108779
"ENSG00000077348","EXOSC5",41386374,41397359,10985
"ENSG00000077420","APBB1IP",26438341,26567803,129462
"ENSG00000077454","LRCH4",100574011,100586129,12118
"ENSG00000077458","FAM76B",95768953,95790409,21456
"ENSG00000077463","SIRT6",4174109,4182566,8457
"ENSG00000077498","TYR",89177875,89295759,117884
"ENSG00000077514","POLD3",74493851,74669117,175266
"ENSG00000077522","ACTN2",236664141,236764631,100490
"ENSG00000077549","CAPZB",19338775,19485539,146764
"ENSG00000077585","GPR137B",236142505,236221865,79360
"ENSG00000077616","NAALAD2",90131515,90192894,61379
"ENSG00000077684","PHF17",128809700,128875224,65524
"ENSG00000077713","SLC25A43",119399336,119454478,55142
"ENSG00000077721","UBE2A",119574536,119591083,16547
"ENSG00000077782","FGFR1",38400215,38468834,68619
"ENSG00000077800","FKBP6",73328161,73358637,30476
"ENSG00000077935","SMC1B",45344063,45413619,69556
"ENSG00000077942","FBLN1",45502238,45601135,98897
"ENSG00000077943","ITGA8",15513954,15719922,205968
"ENSG00000077984","CST7",24949269,24959928,10659
"ENSG00000078018","MAP2",209424058,209734118,310060
"ENSG00000078043","PIAS2",46803218,46920160,116942
"ENSG00000078053","AMPH",38383704,38631420,247716
"ENSG00000078061","ARAF",47561100,47571920,10820
"ENSG00000078070","MCCC1",183015218,183116075,100857
"ENSG00000078081","LAMP3",183122215,183163839,41624
"ENSG00000078098","FAP",162170684,162245151,74467
"ENSG00000078114","NEBL",20779973,21174187,394214
"ENSG00000078124","ACER3",76860867,77026797,165930
"ENSG00000078142","PIK3C3",41955234,42087830,132596
"ENSG00000078177","N4BP2",40056850,40158252,101402
"ENSG00000078237","C12orf5",4307763,4360028,52265
"ENSG00000078246","TULP3",2877223,2941138,63915
"ENSG00000078269","SYNJ2",157981863,158099176,117313
"ENSG00000078295","ADCY2",7396208,7830081,433873
"ENSG00000078304","PPP2R5C",101761798,101927989,166191
"ENSG00000078328","RBFOX1",5239802,7713338,2473536
"ENSG00000078369","GNB1",1785285,1891117,105832
"ENSG00000078399","HOXA9",27162438,27175180,12742
"ENSG00000078401","EDN1",12290361,12297194,6833
"ENSG00000078403","MLLT10",21524646,21743630,218984
"ENSG00000078487","ZCWPW1",100400826,100428992,28166
"ENSG00000078549","ADCYAP1R1",31052461,31111479,59018
"ENSG00000078579","FGF20",16992181,17002345,10164
"ENSG00000078589","P2RY10",78945332,78963727,18395
"ENSG00000078596","ITM2A",79360384,79367667,7283
"ENSG00000078618","NRD1",51789191,51878937,89746
"ENSG00000078668","VDAC3",42391624,42405937,14313
"ENSG00000078674","PCM1",17922840,18029944,107104
"ENSG00000078687","TNRC6C",77959240,78108835,149595
"ENSG00000078699","CBFA2T2",33490075,33650036,159961
"ENSG00000078725","DBC1",119153458,119369435,215977
"ENSG00000078747","ITCH",34363241,34540748,177507
"ENSG00000078795","PKD2L2",137887968,137942747,54779
"ENSG00000078804","TP53INP2",34704339,34713439,9100
"ENSG00000078808","SDF4",1216908,1232067,15159
"ENSG00000078814","MYH7B",34975403,35002437,27034
"ENSG00000078898","BPIFB2",33007704,33023703,15999
"ENSG00000078900","TP73",3652516,3736201,83685
"ENSG00000079101","CLUL1",596988,650334,53346
"ENSG00000079102","RUNX1T1",91954967,92103286,148319
"ENSG00000079112","CDH17",94127162,94217303,90141
"ENSG00000079134","THOC1",214520,268050,53530
"ENSG00000079150","FKBP7",178463664,178478600,14936
"ENSG00000079156","OSBPL6",178194481,178402893,208412
"ENSG00000079215","SLC1A3",36606355,36688334,81979
"ENSG00000079246","XRCC5",216107464,216206303,98839
"ENSG00000079257","LXN",158645822,158672648,26826
"ENSG00000079263","SP140",230203110,230313215,110105
"ENSG00000079277","MKNK1",46557408,46616843,59435
"ENSG00000079308","TNS1",217799588,218033982,234394
"ENSG00000079313","REXO1",1815248,1848483,33235
"ENSG00000079335","CDC14A",100345001,100520277,175276
"ENSG00000079337","RAPGEF3",47734363,47771040,36677
"ENSG00000079385","CEACAM1",42507304,42561234,53930
"ENSG00000079387","SENP1",48042897,48106079,63182
"ENSG00000079393","DUSP13",75094432,75109221,14789
"ENSG00000079432","CIC",42268537,42295797,27260
"ENSG00000079435","LIPE",42401514,42427388,25874
"ENSG00000079459","FDFT1",11795573,11839304,43731
"ENSG00000079462","PAFAH1B3",42297033,42303546,6513
"ENSG00000079482","OPHN1",68042344,68433913,391569
"ENSG00000079557","AFM",73481745,73504001,22256
"ENSG00000079616","KIF22",29790719,29805385,14666
"ENSG00000079691","LRRC16A",25279078,25620530,341452
"ENSG00000079739","PGM1",63593411,63660245,66834
"ENSG00000079785","DDX1",15591178,15631111,39933
"ENSG00000079805","DNM2",10718079,10833488,115409
"ENSG00000079819","EPB41L2",130839347,131063322,223975
"ENSG00000079841","RIMS1",71886703,72403143,516440
"ENSG00000079931","MOXD1",132296055,132401475,105420
"ENSG00000079950","STX7",132445867,132513198,67331
"ENSG00000079974","RABL2B",50767501,50783663,16162
"ENSG00000079999","KEAP1",10486125,10503558,17433
"ENSG00000080007","DDX43",73394828,73417566,22738
"ENSG00000080031","PTPRH",55181247,55209506,28259
"ENSG00000080166","DCT",94436811,94479682,42871
"ENSG00000080189","SLC35C2",46345980,46364458,18478
"ENSG00000080200","CRYBG3",97822011,97944984,122973
"ENSG00000080224","EPHA6",96814581,97752460,937879
"ENSG00000080298","RFX3",3218297,3526004,307707
"ENSG00000080345","RIF1",151409883,151508013,98130
"ENSG00000080371","RAB21",71754863,71800286,45423
"ENSG00000080493","SLC4A4",71062667,71572087,509420
"ENSG00000080503","SMARCA2",1980290,2193624,213334
"ENSG00000080511","RDH8",10013249,10022279,9030
"ENSG00000080561","MID2",107825755,107927193,101438
"ENSG00000080572","PIH1D3",107206632,107244243,37611
"ENSG00000080573","COL5A3",9959561,10010504,50943
"ENSG00000080603","SRCAP",30698209,30741409,43200
"ENSG00000080608","KIAA0020",2720469,2844095,123626
"ENSG00000080618","CPB2",46053186,46105033,51847
"ENSG00000080644","CHRNA3",78593052,78621295,28243
"ENSG00000080709","KCNN2",114055545,114496500,440955
"ENSG00000080802","CNOT4",135361795,135510127,148332
"ENSG00000080815","PSEN1",73136418,73223691,87273
"ENSG00000080822","CLDND1",98497912,98523066,25154
"ENSG00000080823","MOK",102224500,102305190,80690
"ENSG00000080824","HSP90AA1",102080738,102139699,58961
"ENSG00000080839","RBL1",36996349,37095995,99646
"ENSG00000080845","DLGAP4",36306336,36528637,222301
"ENSG00000080854","IGSF9B",133908564,133956985,48421
"ENSG00000080910","CFHR2",196943738,196959622,15884
"ENSG00000080947","CROCCP3",16467436,16499257,31821
"ENSG00000080986","NDC80",2571557,2616635,45078
"ENSG00000081014","AP4E1",50908672,51005895,97223
"ENSG00000081019","RSBN1",113761832,113812476,50644
"ENSG00000081026","MAGI3",113390515,113685923,295408
"ENSG00000081041","CXCL2",74097040,74099196,2156
"ENSG00000081051","AFP",73431138,73456174,25036
"ENSG00000081052","COL4A4",227002711,227164453,161742
"ENSG00000081059","TCF7",134114681,134151865,37184
"ENSG00000081087","OSTM1",108041409,108165854,124445
"ENSG00000081138","CDH7",65750252,65890337,140085
"ENSG00000081148","IMPG2",101222546,101320575,98029
"ENSG00000081177","EXD2",69191511,69244020,52509
"ENSG00000081181","ARG2",67619920,67651708,31788
"ENSG00000081189","MEF2C",88717117,88904257,187140
"ENSG00000081237","PTPRC",198638457,198757476,119019
"ENSG00000081248","CACNA1S",201039512,201112451,72939
"ENSG00000081277","PKP1",201283452,201332993,49541
"ENSG00000081307","UBA5",132654446,132678097,23651
"ENSG00000081320","STK17B",196133583,196176503,42920
"ENSG00000081377","CDC14B",96490241,96619830,129589
"ENSG00000081386","ZNF510",96755865,96778129,22264
"ENSG00000081479","LRP2",169127109,169362534,235425
"ENSG00000081665","ZNF506",19785839,19821751,35912
"ENSG00000081692","JMJD4",227730425,227735411,4986
"ENSG00000081721","DUSP12",161749758,161757238,7480
"ENSG00000081760","AACS",125065434,125143333,77899
"ENSG00000081791","KIAA0141",141923855,141942047,18192
"ENSG00000081800","SLC13A1",123113531,123199972,86441
"ENSG00000081803","CADPS2",122318411,122886759,568348
"ENSG00000081818","PCDHB4",141121799,141125623,3824
"ENSG00000081842","PCDHA6",140827958,141012347,184389
"ENSG00000081853","PCDHGA2",141338760,141512975,174215
"ENSG00000081870","HSPB11",53916574,53945929,29355
"ENSG00000081913","PHLPP1",62715541,62980433,264892
"ENSG00000081923","ATP8B1",57646426,57803315,156889
"ENSG00000081985","IL12RB2",67307364,67397090,89726
"ENSG00000082014","SMARCD3",151238764,151277896,39132
"ENSG00000082068","WDR70",37379212,37753435,374223
"ENSG00000082074","FYB",39105252,39274528,169276
"ENSG00000082126","MPP4",201644870,201698694,53824
"ENSG00000082146","STRADB",201387858,201480846,92988
"ENSG00000082153","BZW1",200810594,200827338,16744
"ENSG00000082175","PGR",101029624,101130524,100900
"ENSG00000082196","C1QTNF3",34019448,34043832,24384
"ENSG00000082212","ME2",50879080,50954257,75177
"ENSG00000082213","C5orf22",31532287,31555053,22766
"ENSG00000082258","CCNT2",134918235,134959342,41107
"ENSG00000082269","FAM135A",70412941,70561174,148233
"ENSG00000082293","COL19A1",69866556,70212468,345912
"ENSG00000082397","EPB41L3",5392381,5630700,238319
"ENSG00000082438","COBLL1",164653624,164843679,190055
"ENSG00000082458","DLG3",70444835,70505490,60655
"ENSG00000082482","KCNK2",215005775,215237093,231318
"ENSG00000082497","SERTAD4",210232796,210246631,13835
"ENSG00000082512","TRAF5",211326615,211374946,48331
"ENSG00000082515","MRPL22",154941073,154969411,28338
"ENSG00000082516","GEMIN5",154887411,154938211,50800
"ENSG00000082556","OPRK1",53225716,53251697,25981
"ENSG00000082641","NFE2L1",48048329,48061545,13216
"ENSG00000082684","SEMA5B",122909082,123028605,119523
"ENSG00000082701","GSK3B",119821323,120094417,273094
"ENSG00000082781","ITGB5",124761948,124901418,139470
"ENSG00000082805","ERC1",990509,1495933,505424
"ENSG00000082898","XPO1",61477849,61538626,60777
"ENSG00000082929","C4orf6",5524569,5527801,3232
"ENSG00000082996","RNF13",149812708,149962139,149431
"ENSG00000083067","TRPM3",70529063,71446904,917841
"ENSG00000083093","PALB2",23603160,23641310,38150
"ENSG00000083097","DOPEY1",83067666,83171350,103684
"ENSG00000083123","BCKDHB",80106647,80346270,239623
"ENSG00000083168","KAT6A",41929479,42051994,122515
"ENSG00000083223","ZCCHC6",86287733,86354454,66721
"ENSG00000083290","ULK2",19770829,19867936,97107
"ENSG00000083307","GRHL2",101492439,101669726,177287
"ENSG00000083312","TNPO1",72816312,72916733,100421
"ENSG00000083444","PLOD1",11934205,11975538,41333
"ENSG00000083454","P2RX5",3672199,3696240,24041
"ENSG00000083457","ITGAE",3714628,3801188,86560
"ENSG00000083520","DIS3",72752169,72782096,29927
"ENSG00000083535","PIBF1",72782133,73016461,234328
"ENSG00000083544","TDRD3",60396457,60573878,177421
"ENSG00000083635","NUFIP1",44939249,44989471,50222
"ENSG00000083642","PDS5B",32586452,32778019,191567
"ENSG00000083720","OXCT1",41730065,41870425,140360
"ENSG00000083750","RRAGB",55717739,55758774,41035
"ENSG00000083782","EPYC",90963682,91005026,41344
"ENSG00000083799","CYLD",50742050,50801935,59885
"ENSG00000083807","SLC27A5",58479512,58512413,32901
"ENSG00000083812","ZNF324",58467045,58475436,8391
"ENSG00000083814","ZNF671",57719751,57727624,7873
"ENSG00000083817","ZNF416",57571566,57578911,7345
"ENSG00000083828","ZNF586",57769655,57819939,50284
"ENSG00000083838","ZNF446",58474017,58481230,7213
"ENSG00000083845","RPS5",58386400,58394806,8406
"ENSG00000083857","FAT1",186587794,186726722,138928
"ENSG00000083896","YTHDC1",68310387,68350089,39702
"ENSG00000084070","SMAP2",40344850,40423326,78476
"ENSG00000084072","PPIE",39692182,39763914,71732
"ENSG00000084073","ZMPSTE24",40258236,40294180,35944
"ENSG00000084090","STARD7",96184859,96208825,23966
"ENSG00000084092","NOA1",56963350,56977606,14256
"ENSG00000084093","REST",56907876,56966678,58802
"ENSG00000084110","HAL",95972662,95996365,23703
"ENSG00000084112","SSH1",108778191,108857590,79399
"ENSG00000084207","GSTP1",67583595,67586656,3061
"ENSG00000084234","APLP2",130068147,130144811,76664
"ENSG00000084444","KIAA1467",13044381,13142521,98140
"ENSG00000084453","SLCO1A2",21264600,21419594,154994
"ENSG00000084463","WBP11",14784582,14803486,18904
"ENSG00000084623","EIF3I",32221928,32231604,9676
"ENSG00000084628","NKAIN1",31179745,31239887,60142
"ENSG00000084636","COL16A1",31652263,31704319,52056
"ENSG00000084652","TXLNA",32179675,32198285,18610
"ENSG00000084674","APOB",21001429,21044073,42644
"ENSG00000084676","NCOA1",24491914,24770702,278788
"ENSG00000084693","AGBL5",27042364,27070622,28258
"ENSG00000084710","EFR3B",25042076,25159135,117059
"ENSG00000084731","KIF3C",25926598,25982749,56151
"ENSG00000084733","RAB10",26034084,26137454,103370
"ENSG00000084734","GCKR",27496839,27523684,26845
"ENSG00000084754","HADHA",26190635,26244672,54037
"ENSG00000084764","MAPRE3",26970612,27027196,56584
"ENSG00000084774","CAD",27217369,27243943,26574
"ENSG00000085063","CD59",33703010,33736491,33481
"ENSG00000085185","BCORL1",129981107,130058083,76976
"ENSG00000085224","ATRX",77504878,77786233,281355
"ENSG00000085231","TAF9",69350984,69370013,19029
"ENSG00000085265","FCN1",134903232,134917912,14680
"ENSG00000085274","MYNN",169772831,169789716,16885
"ENSG00000085276","MECOM",169083499,169663775,580276
"ENSG00000085365","SCAMP1",78360611,78480739,120128
"ENSG00000085377","PREP",105273220,105454062,180842
"ENSG00000085382","HACE1",104728094,104859919,131825
"ENSG00000085415","SEH1L",12947133,12987536,40403
"ENSG00000085433","WDR47",108970214,109042113,71899
"ENSG00000085449","WDFY1",223855716,223945357,89641
"ENSG00000085465","OVGP1",111414314,111427777,13463
"ENSG00000085491","SLC25A24",108134043,108200849,66806
"ENSG00000085511","MAP3K4",160991727,161117385,125658
"ENSG00000085514","PILRA",100367530,100400096,32566
"ENSG00000085552","IGSF9",159927039,159945613,18574
"ENSG00000085563","ABCB1",87503633,87713323,209690
"ENSG00000085644","ZNF213",3129777,3142805,13028
"ENSG00000085662","AKR1B1",134442356,134459284,16928
"ENSG00000085719","CPNE3",86514435,86561498,47063
"ENSG00000085721","RRN3",15060022,15094317,34295
"ENSG00000085733","CTTN",70398404,70436584,38180
"ENSG00000085741","WNT11",76186325,76210736,24411
"ENSG00000085760","MTIF2",55236595,55269347,32752
"ENSG00000085788","DDHD2",38225218,38275558,50340
"ENSG00000085831","TTC39A",51287258,51345116,57858
"ENSG00000085832","EPS15",51354263,51519266,165003
"ENSG00000085840","ORC1",52372829,52404423,31594
"ENSG00000085872","CHERP",16517894,16542437,24543
"ENSG00000085978","ATG16L1",233210051,233295674,85623
"ENSG00000085982","USP40",233475520,233566782,91262
"ENSG00000085998","POMGNT1",46188682,46220305,31623
"ENSG00000085999","RAD54L",46246461,46278480,32019
"ENSG00000086015","MAST2",45786987,46036122,249135
"ENSG00000086061","DNAJA1",33025273,33039907,14634
"ENSG00000086062","B4GALT1",33104082,33167356,63274
"ENSG00000086102","NFX1",33290512,33371157,80645
"ENSG00000086159","AQP6",49967194,49977139,9945
"ENSG00000086189","DIMT1",62347284,62403939,56655
"ENSG00000086200","IPO11",62403972,62628582,224610
"ENSG00000086205","FOLH1",49145092,49208638,63546
"ENSG00000086232","EIF2AK1",6022247,6059175,36928
"ENSG00000086288","NME8",37848597,37900401,51804
"ENSG00000086289","EPDR1",37683843,37951936,268093
"ENSG00000086300","SNX10",26291895,26374329,82434
"ENSG00000086475","SEPHS1",13317428,13348298,30870
"ENSG00000086504","MRPL28",366969,371289,4320
"ENSG00000086544","ITPKC",40717112,40740860,23748
"ENSG00000086548","CEACAM6",41750977,41772211,21234
"ENSG00000086570","FAT2",151504093,151568944,64851
"ENSG00000086589","RBM22",150690792,150701077,10285
"ENSG00000086598","TMED2",123584533,123598582,14049
"ENSG00000086619","ERO1LB",236215555,236281985,66430
"ENSG00000086696","HSD17B2",82035004,82098534,63530
"ENSG00000086712","TXLNG",16786432,16844519,58087
"ENSG00000086717","PPEF1",18675909,18827921,152012
"ENSG00000086758","HUWE1",53532096,53686728,154632
"ENSG00000086827","ZW10",113733187,113773735,40548
"ENSG00000086848","ALG9",111782195,111871581,89386
"ENSG00000086967","MYBPC2",50432892,50466321,33429
"ENSG00000086991","NOX4",89324353,89498187,173834
"ENSG00000087008","ACOX3",8366282,8440723,74441
"ENSG00000087053","MTMR2",95832882,95925315,92433
"ENSG00000087074","PPP1R15A",48872421,48876058,3637
"ENSG00000087077","TRIP6",100867387,100873454,6067
"ENSG00000087085","ACHE",100889994,100896974,6980
"ENSG00000087086","FTL",48965309,48966879,1570
"ENSG00000087087","SRRT",100875103,100888664,13561
"ENSG00000087088","BAX",48954815,48961798,6983
"ENSG00000087095","NLK",28041737,28196381,154644
"ENSG00000087111","PIGS",28553383,28571794,18411
"ENSG00000087116","ADAMTS2",179110853,179345461,234608
"ENSG00000087128","TMPRSS11E",68447463,68497604,50141
"ENSG00000087152","ATXN7L3",44191805,44200113,8308
"ENSG00000087157","PGS1",78378649,78425114,46465
"ENSG00000087191","PSMC5",63827152,63832026,4874
"ENSG00000087206","UIMC1",176905005,177022633,117628
"ENSG00000087237","CETP",56961923,56983845,21922
"ENSG00000087245","MMP2",55389700,55506691,116991
"ENSG00000087250","MT3",56589074,56591088,2014
"ENSG00000087253","LPCAT2",55509072,55586666,77594
"ENSG00000087258","GNAO1",56191489,56357444,165955
"ENSG00000087263","OGFOD1",56451490,56479100,27610
"ENSG00000087269","NOP14",2937933,2963406,25473
"ENSG00000087274","ADD1",2843857,2930076,86219
"ENSG00000087299","L2HGDH",50237563,50312229,74666
"ENSG00000087301","TXNDC16",52430596,52552522,121926
"ENSG00000087303","NID2",52004803,52069228,64425
"ENSG00000087338","GMCL1",69829660,69881384,51724
"ENSG00000087365","SF3B2",66050729,66069308,18579
"ENSG00000087448","KLHDC5",27780048,27803040,22992
"ENSG00000087460","GNAS",58839718,58911192,71474
"ENSG00000087470","DNM1L",32679200,32745650,66450
"ENSG00000087494","PTHLH",27958084,27972705,14621
"ENSG00000087495","PHACTR3",59577509,59847711,270202
"ENSG00000087510","TFAP2C",56629306,56639283,9977
"ENSG00000087586","AURKA",56369389,56392337,22948
"ENSG00000087589","CASS4",56412112,56460387,48275
"ENSG00000087842","PIR",15384799,15493564,108765
"ENSG00000087903","RFX2",5993164,6199572,206408
"ENSG00000087995","METTL2A",62423867,62450822,26955
"ENSG00000088002","SULT2B1",48552075,48599425,47350
"ENSG00000088035","ALG6",63367575,63438553,70978
"ENSG00000088038","CNOT3",54137749,54155681,17932
"ENSG00000088053","GP6",55013705,55038264,24559
"ENSG00000088179","PTPN4",119759922,119984899,224977
"ENSG00000088205","DDX18",117814691,117832377,17686
"ENSG00000088247","KHSRP",6413348,6424794,11446
"ENSG00000088256","GNA11",3094362,3123999,29637
"ENSG00000088280","ASAP3",23428563,23484568,56005
"ENSG00000088298","EDEM2",35115364,35147336,31972
"ENSG00000088305","DNMT3B",32762385,32809356,46971
"ENSG00000088320","REM1",31475288,31484895,9607
"ENSG00000088325","TPX2",31739271,31801805,62534
"ENSG00000088340","FER1L4",35558737,35607562,48825
"ENSG00000088356","PDRG1",31944337,31952046,7709
"ENSG00000088367","EPB41L1",36091504,36232799,141295
"ENSG00000088386","SLC15A1",98683801,98752672,68871
"ENSG00000088387","DOCK9",98793429,99086625,293196
"ENSG00000088448","ANKRD10",110878540,110915069,36529
"ENSG00000088451","TGDS",94574054,94596242,22188
"ENSG00000088538","DOCK3",50674927,51384198,709271
"ENSG00000088543","C3orf18",50558025,50571027,13002
"ENSG00000088682","COQ9",57447425,57461270,13845
"ENSG00000088726","TMEM40",12733528,12769457,35929
"ENSG00000088727","KIF9",47228026,47283451,55425
"ENSG00000088756","ARHGAP28",6729718,6915716,185998
"ENSG00000088766","CRLS1",6006090,6040053,33963
"ENSG00000088782","DEFB127",157470,159163,1693
"ENSG00000088808","PPP1R13B",103733195,103847590,114395
"ENSG00000088812","ATRN",3471018,3651118,180100
"ENSG00000088826","SMOX",4120980,4187747,66767
"ENSG00000088827","SIGLEC1",3686970,3707128,20158
"ENSG00000088832","FKBP1A",1368978,1393172,24194
"ENSG00000088833","NSFL1C",1442162,1473842,31680
"ENSG00000088836","SLC4A11",3227417,3239559,12142
"ENSG00000088854","C20orf194",3249305,3407625,158320
"ENSG00000088876","ZNF343",2481817,2524702,42885
"ENSG00000088881","EBF4",2692878,2760108,67230
"ENSG00000088882","CPXM1",2794074,2800627,6553
"ENSG00000088888","MAVS",3846799,3876123,29324
"ENSG00000088899","PROSAPIP1",3162617,3173592,10975
"ENSG00000088930","XRN2",21303331,21389825,86494
"ENSG00000088970","PLK1S1",21125983,21246622,120639
"ENSG00000088986","DYNLL1",120469850,120498493,28643
"ENSG00000088992","TESC",117038923,117099479,60556
"ENSG00000089006","SNX5",17941597,17968980,27383
"ENSG00000089009","RPL6",112405190,112418838,13648
"ENSG00000089012","SIRPG",1629152,1657779,28627
"ENSG00000089022","MAPKAPK5",111842228,111902222,59994
"ENSG00000089041","P2RX7",121132819,121188032,55213
"ENSG00000089048","ESF1",13714322,13784886,70564
"ENSG00000089050","RBBP9",18486540,18497225,10685
"ENSG00000089053","ANAPC5",121308245,121399896,91651
"ENSG00000089057","SLC23A2",4852356,5010293,157937
"ENSG00000089060","SLC24A6",113298759,113359493,60734
"ENSG00000089063","TMEM230",5068232,5113103,44871
"ENSG00000089091","DZANK1",18383367,18467281,83914
"ENSG00000089094","KDM2B",121429096,121581023,151927
"ENSG00000089101","C20orf26",20052514,20360698,308184
"ENSG00000089116","LHX5",113462033,113472280,10247
"ENSG00000089123","TASP1",13389392,13638932,249540
"ENSG00000089127","OAS1",112906783,112933222,26439
"ENSG00000089154","GCN1L1",120127202,120194715,67513
"ENSG00000089157","RPLP0",120196699,120201235,4536
"ENSG00000089159","PXN",120210439,120265771,55332
"ENSG00000089163","SIRT4",120302316,120313249,10933
"ENSG00000089169","RPH3A",112570380,112898881,328501
"ENSG00000089177","KIF16B",16272104,16573434,301330
"ENSG00000089195","TRMT6",5937228,5950558,13330
"ENSG00000089199","CHGB",5911510,5925353,13843
"ENSG00000089220","PEBP1",118136124,118145584,9460
"ENSG00000089225","TBX5",114353931,114408442,54511
"ENSG00000089234","BRAP",111642146,111685956,43810
"ENSG00000089248","ERP29",112013348,112023449,10101
"ENSG00000089250","NOS1",117208142,117452170,244028
"ENSG00000089280","FUS",31180110,31194871,14761
"ENSG00000089289","IGBP1",70133447,70166324,32877
"ENSG00000089327","FXYD5",35154730,35169883,15153
"ENSG00000089335","ZNF302",34677639,34686397,8758
"ENSG00000089351","GRAMD1A",34994784,35026471,31687
"ENSG00000089356","FXYD3",35115879,35124324,8445
"ENSG00000089472","HEPH",66162549,66268867,106318
"ENSG00000089486","C16orf5",4510669,4538828,28159
"ENSG00000089558","KCNH4",42156891,42181142,24251
"ENSG00000089597","GANAB",62624826,62646726,21900
"ENSG00000089639","GMIP",19629476,19643657,14181
"ENSG00000089682","RBM41",107064420,107118823,54403
"ENSG00000089685","BIRC5",78214186,78225636,11450
"ENSG00000089692","LAG3",6772512,6778455,5943
"ENSG00000089693","MLF2",6747996,6767475,19479
"ENSG00000089723","OTUB2",94026340,94048930,22590
"ENSG00000089737","DDX24",94048287,94081212,32925
"ENSG00000089775","ZBTB25",64449106,64505213,56107
"ENSG00000089818","NECAP1",8076939,8097881,20942
"ENSG00000089820","ARHGAP4",153907367,153934999,27632
"ENSG00000089847","ANKRD24",4183354,4224814,41460
"ENSG00000089876","DHX32",125836337,125896436,60099
"ENSG00000089902","RCOR1",102592649,102730561,137912
"ENSG00000089916","C14orf118",76151916,76254342,102426
"ENSG00000090006","LTBP4",40592883,40629818,36935
"ENSG00000090013","BLVRB",40447765,40465840,18075
"ENSG00000090020","SLC9A1",27098809,27166981,68172
"ENSG00000090054","SPTLC1",92000087,92115413,115326
"ENSG00000090060","PAPOLA",96501433,96567111,65678
"ENSG00000090061","CCNK",99481169,99535044,53875
"ENSG00000090097","PCBP4",51957454,51974016,16562
"ENSG00000090104","RGS1",192575763,192580024,4261
"ENSG00000090263","MRPS33",141002610,141015228,12618
"ENSG00000090266","NDUFB2",140690777,140722790,32013
"ENSG00000090273","NUDC",26900238,26946871,46633
"ENSG00000090316","MAEA",1289887,1340147,50260
"ENSG00000090339","ICAM1",10271093,10286615,15522
"ENSG00000090372","STRN4",46719511,46746994,27483
"ENSG00000090376","IRAK3",66188879,66254622,65743
"ENSG00000090402","SI",164978898,165078496,99598
"ENSG00000090432","MUL1",20499448,20508151,8703
"ENSG00000090447","TFAP4",4257186,4273075,15889
"ENSG00000090470","PDCD7",65117379,65133808,16429
"ENSG00000090487","SPG21",64963022,64990310,27288
"ENSG00000090512","FETUB",186635969,186653141,17172
"ENSG00000090530","LEPREL1",189956728,190122437,165709
"ENSG00000090534","THPO",184371935,184381968,10033
"ENSG00000090539","CHRD",184380073,184390736,10663
"ENSG00000090554","FLT3LG",49474207,49486231,12024
"ENSG00000090565","RAB11FIP3",425649,523011,97362
"ENSG00000090581","GNPTG",1351931,1364113,12182
"ENSG00000090612","ZNF268",133181409,133214831,33422
"ENSG00000090615","GOLGA3",132768914,132829078,60164
"ENSG00000090621","PABPC4",39560816,39576790,15974
"ENSG00000090661","CERS4",8206736,8262421,55685
"ENSG00000090674","MCOLN1",7522624,7534009,11385
"ENSG00000090686","USP48",21678298,21783606,105308
"ENSG00000090776","EFNB1",68829021,68842160,13139
"ENSG00000090857","PDPR",70113626,70162537,48911
"ENSG00000090861","AARS",70252295,70289543,37248
"ENSG00000090863","GLG1",74447427,74607144,159717
"ENSG00000090889","KIF4A",70290104,70420886,130782
"ENSG00000090905","TNRC6A",24610209,24827632,217423
"ENSG00000090924","PLEKHG2",39412669,39428415,15746
"ENSG00000090932","DLL3",39498895,39508481,9586
"ENSG00000090971","NAT14",55485188,55487568,2380
"ENSG00000090975","PITPNM2",122983480,123150015,166535
"ENSG00000090989","EXOC1",55853648,55905086,51438
"ENSG00000091009","RBM27",146203605,146289223,85618
"ENSG00000091010","POU4F3",146338839,146341728,2889
"ENSG00000091039","OSBPL8",76351797,76559809,208012
"ENSG00000091073","DTX2",76461676,76505995,44319
"ENSG00000091106","NLRC4",32224453,32265732,41279
"ENSG00000091127","PUS7",105439661,105522271,82610
"ENSG00000091128","LAMB4",108023548,108130361,106813
"ENSG00000091129","NRCAM",108147623,108456717,309094
"ENSG00000091136","LAMB1",107923799,108003187,79388
"ENSG00000091137","SLC26A4",107660828,107717782,56954
"ENSG00000091138","SLC26A3",107765467,107803225,37758
"ENSG00000091140","DLD",107891162,107931730,40568
"ENSG00000091157","WDR7",56651343,57036606,385263
"ENSG00000091164","TXNL1",56597209,56651600,54391
"ENSG00000091181","IL5RA",3066326,3126613,60287
"ENSG00000091262","ABCC6",16148928,16223522,74594
"ENSG00000091409","ITGA6",172427354,172506459,79105
"ENSG00000091428","RAPGEF4",172735274,173052893,317619
"ENSG00000091436","ZAK",173075435,173268015,192580
"ENSG00000091483","FH",241497603,241519761,22158
"ENSG00000091490","SEL1L3",25747433,25863760,116327
"ENSG00000091513","TF",133746040,133796641,50601
"ENSG00000091527","CDV3",133573730,133590261,16531
"ENSG00000091536","MYO15A",18108706,18179802,71096
"ENSG00000091542","ALKBH5",18183078,18209954,26876
"ENSG00000091583","APOH",66212033,66256525,44492
"ENSG00000091592","NLRP1",5499427,5619424,119997
"ENSG00000091622","PITPNM3",6451263,6556555,105292
"ENSG00000091640","SPAG7",4959226,4967817,8591
"ENSG00000091656","ZFHX4",76681239,76867285,186046
"ENSG00000091664","SLC17A6",22338097,22379503,41406
"ENSG00000091704","CPA1",130380339,130388114,7775
"ENSG00000091732","ZC3HC1",130018286,130051451,33165
"ENSG00000091831","ESR1",151656691,152129619,472928
"ENSG00000091844","RGS17",153004459,153131282,126823
"ENSG00000091879","ANGPT2",6499651,6563409,63758
"ENSG00000091947","TMEM101",44011188,44023946,12758
"ENSG00000091972","CD200",112332347,112362812,30465
"ENSG00000091986","CCDC80",112596794,112649530,52736
"ENSG00000092009","CMA1",24505353,24508265,2912
"ENSG00000092010","PSME1",24136163,24138967,2804
"ENSG00000092020","PPP2R3C",35085467,35122517,37050
"ENSG00000092036","HAUS4",22946228,22957161,10933
"ENSG00000092051","JPH4",23568035,23578790,10755
"ENSG00000092054","MYH7",23412740,23435660,22920
"ENSG00000092067","CEBPE",23117304,23119616,2312
"ENSG00000092068","SLC7A8",23125295,23183674,58379
"ENSG00000092094","OSGEP",20446401,20455089,8688
"ENSG00000092096","SLC22A17",23346306,23352912,6606
"ENSG00000092098","RNF31",24146683,24160660,13977
"ENSG00000092108","SCFD1",30622112,30735812,113700
"ENSG00000092140","G2E3",30559158,30620064,60906
"ENSG00000092148","HECTD1",31100112,31207804,107692
"ENSG00000092199","HNRNPC",21209136,21269494,60358
"ENSG00000092200","RPGRIP1",21287939,21351301,63362
"ENSG00000092201","SUPT16H",21351476,21384019,32543
"ENSG00000092203","TOX4",21476597,21499175,22578
"ENSG00000092208","GEMIN2",39114223,39136973,22750
"ENSG00000092295","TGM1",24249114,24264432,15318
"ENSG00000092330","TINF2",24239643,24242674,3031
"ENSG00000092345","DAZL",16586792,16670306,83514
"ENSG00000092421","SEMA6A",116443616,116574934,131318
"ENSG00000092439","TRPM7",50552473,50686797,134324
"ENSG00000092445","TYRO3",41557675,41583589,25914
"ENSG00000092470","WDR76",43826980,43868412,41432
"ENSG00000092529","CAPN3",42359500,42412318,52818
"ENSG00000092531","SNAP23",42491233,42545356,54123
"ENSG00000092607","TBX15",118883046,118989556,106510
"ENSG00000092621","PHGDH",119648411,119744226,95815
"ENSG00000092758","COL9A3",62816244,62841159,24915
"ENSG00000092820","EZR",158765741,158819368,53627
"ENSG00000092841","MYL6",56158161,56163496,5335
"ENSG00000092847","EIF2C1",35869808,35930532,60724
"ENSG00000092850","TEKT2",36084094,36088275,4181
"ENSG00000092853","CLSPN",35720218,35769978,49760
"ENSG00000092871","RFFL",35005990,35089319,83329
"ENSG00000092929","UNC13D",75827225,75844717,17492
"ENSG00000092931","MFSD11",76735865,76781449,45584
"ENSG00000092964","DPYSL2",26514031,26658178,144147
"ENSG00000092969","TGFB2",218345336,218444619,99283
"ENSG00000092978","GPATCH2",217426992,217631090,204098
"ENSG00000093000","NUP50",45163925,45188017,24092
"ENSG00000093009","CDC45",19479459,19520612,41153
"ENSG00000093010","COMT",19941607,19969975,28368
"ENSG00000093072","CECR1",17178790,17258235,79445
"ENSG00000093134","VNN3",132722787,132734765,11978
"ENSG00000093144","ECHDC1",127288712,127343609,54897
"ENSG00000093167","LRRFIP2",37052626,37183689,131063
"ENSG00000093183","SEC22C",42547969,42601080,53111
"ENSG00000093217","XYLB",38346760,38421348,74588
"ENSG00000094631","HDAC6",48801377,48824982,23605
"ENSG00000094661","OR1I1",15082211,15092970,10759
"ENSG00000094755","GABRP",170763350,170814047,50697
"ENSG00000094796","KRT31",41393721,41397608,3887
"ENSG00000094804","CDC6",40287879,40304657,16778
"ENSG00000094841","UPRT",75156388,75304885,148497
"ENSG00000094880","CDC23",138187650,138213343,25693
"ENSG00000094914","AAAS",53307457,53324864,17407
"ENSG00000094916","CBX5",54230942,54280133,49191
"ENSG00000094963","FMO2",171185249,171212686,27437
"ENSG00000094975","SUCO",172532349,172611833,79484
"ENSG00000095002","MSH2",47402969,47663146,260177
"ENSG00000095015","MAP3K1",56815549,56896152,80603
"ENSG00000095059","DHPS",12675717,12681880,6163
"ENSG00000095066","HOOK2",12763003,12872740,109737
"ENSG00000095110","NXPE1",114521645,114559895,38250
"ENSG00000095139","ARCN1",118572390,118603033,30643
"ENSG00000095203","EPB41L4B",109171975,109320964,148989
"ENSG00000095209","TMEM38B",105694541,105776629,82088
"ENSG00000095261","PSMD5",120815496,120842951,27455
"ENSG00000095303","PTGS1",122370530,122395703,25173
"ENSG00000095319","NUP188",128947699,129007096,59397
"ENSG00000095321","CRAT",129094794,129111189,16395
"ENSG00000095370","SH2D3C",127738317,127778710,40393
"ENSG00000095380","NANS",98056732,98083077,26345
"ENSG00000095383","TBC1D2",98199011,98255649,56638
"ENSG00000095397","DFNB31",114402080,114505473,103393
"ENSG00000095464","PDE6C",93612588,93666010,53422
"ENSG00000095485","CWF19L1",100232298,100267680,35382
"ENSG00000095539","SEMA4G",100969518,100985871,16353
"ENSG00000095564","BTAF1",91923770,92030325,106555
"ENSG00000095574","IKZF5",122990806,123008817,18011
"ENSG00000095585","BLNK",96191702,96271587,79885
"ENSG00000095587","TLL2",96364608,96513926,149318
"ENSG00000095596","CYP26A1",93073475,93077885,4410
"ENSG00000095627","TDRD1",114179270,114232304,53034
"ENSG00000095637","SORBS1",95311771,95561414,249643
"ENSG00000095713","CRTAC1",97865000,98030828,165828
"ENSG00000095752","IL11",55364382,55370463,6081
"ENSG00000095777","MYO3A",25934229,26212532,278303
"ENSG00000095787","WAC",28532493,28623112,90619
"ENSG00000095794","CREM",35126791,35212958,86167
"ENSG00000095932","C19orf77",3473986,3480542,6556
"ENSG00000095951","HIVEP1",12008762,12164999,156237
"ENSG00000095970","TREM2",41158506,41163186,4680
"ENSG00000095981","KCNK16",39314698,39322968,8270
"ENSG00000096060","FKBP5",35573585,35728583,154998
"ENSG00000096063","SRPK1",35832966,35921342,88376
"ENSG00000096070","BRPF3",36196744,36232790,36046
"ENSG00000096088","PGC",41736711,41754109,17398
"ENSG00000096093","EFHC1",52362123,52529886,167763
"ENSG00000096264","NCR2",41335608,41350889,15281
"ENSG00000096384","HSP90AB1",44246166,44253888,7722
"ENSG00000096401","CDC5L",44387706,44450425,62719
"ENSG00000096433","ITPR3",33620365,33696574,76209
"ENSG00000096654","ZNF184",27450743,27473118,22375
"ENSG00000096696","DSP",7541617,7586714,45097
"ENSG00000096717","SIRT1",67884656,67918390,33734
"ENSG00000096746","HNRNPH3",68331174,68343191,12017
"ENSG00000096872","IFT74",26947039,27062930,115891
"ENSG00000096968","JAK2",4984390,5128183,143793
"ENSG00000096996","IL12RB1",18058995,18098944,39949
"ENSG00000097007","ABL1",130713946,130887675,173729
"ENSG00000097021","ACOT7",6264269,6394391,130122
"ENSG00000097033","SH3GLB1",86704570,86748184,43614
"ENSG00000097046","CDC7",91500851,91525764,24913
"ENSG00000097096","SYDE2",85156889,85201016,44127
"ENSG00000099139","PCSK5",75890644,76362339,471695
"ENSG00000099194","SCD",100347233,100364826,17593
"ENSG00000099203","TMED1",10832067,10836318,4251
"ENSG00000099204","ABLIM1",114431113,114768061,336948
"ENSG00000099219","ERMP1",5765076,5833117,68041
"ENSG00000099246","RAB18",27504174,27542237,38063
"ENSG00000099250","NRP1",33177492,33336262,158770
"ENSG00000099251","HSD17B7P2",38356380,38378505,22125
"ENSG00000099256","PRTFDC1",24848614,24952606,103992
"ENSG00000099260","PALMD",99646113,99694541,48428
"ENSG00000099282","TSPAN15",69451465,69507666,56201
"ENSG00000099284","H2AFY2",70052846,70112282,59436
"ENSG00000099290","FAM21A",50067888,50133509,65621
"ENSG00000099308","MAST3",18097793,18151692,53899
"ENSG00000099326","MZF1",58561931,58573575,11644
"ENSG00000099331","MYO9B",17075781,17214537,138756
"ENSG00000099337","KCNK6",38319845,38332076,12231
"ENSG00000099338","CATSPERG",38335775,38370943,35168
"ENSG00000099341","PSMD8",38374536,38383824,9288
"ENSG00000099364","FBXL19",30923055,30948783,25728
"ENSG00000099365","STX1B",30989256,31010638,21382
"ENSG00000099377","HSD3B7",30985207,30989147,3940
"ENSG00000099381","SETD1A",30957754,30984664,26910
"ENSG00000099385","BCL7C",30833626,30894960,61334
"ENSG00000099399","MAGEB2",30215563,30220089,4526
"ENSG00000099622","CIRBP",1259384,1274880,15496
"ENSG00000099625","C19orf26",1228287,1238027,9740
"ENSG00000099769","IGFALS",1790413,1794971,4558
"ENSG00000099783","HNRNPM",8444767,8489114,44347
"ENSG00000099797","TECR",14517085,14565980,48895
"ENSG00000099800","TIMM13",2425625,2427586,1961
"ENSG00000099804","CDC34",531760,542092,10332
"ENSG00000099810","MTAP",21802636,21937651,135015
"ENSG00000099812","C19orf21",751112,764318,13206
"ENSG00000099814","KIAA0284",104865268,104896770,31502
"ENSG00000099821","POLRMT",617221,633537,16316
"ENSG00000099822","HCN2",589881,617159,27278
"ENSG00000099834","CDHR5",616565,626078,9513
"ENSG00000099840","IZUMO4",2096429,2099593,3164
"ENSG00000099849","RASSF7",560404,564025,3621
"ENSG00000099864","PALM",708935,748329,39394
"ENSG00000099866","MADCAM1",489176,505343,16167
"ENSG00000099869","IGF2-AS",2140501,2148666,8165
"ENSG00000099875","MKNK2",2037465,2051244,13779
"ENSG00000099889","ARVCF",19969896,20016823,46927
"ENSG00000099899","TRMT2A",20111875,20117392,5517
"ENSG00000099901","RANBP1",20115938,20127355,11417
"ENSG00000099904","ZDHHC8",20129456,20148007,18551
"ENSG00000099910","KLHL22",20441519,20495844,54325
"ENSG00000099917","MED15",20495913,20587632,91719
"ENSG00000099937","SERPIND1",20774113,20787720,13607
"ENSG00000099940","SNAP29",20859007,20891214,32207
"ENSG00000099942","CRKL",20917407,20953747,36340
"ENSG00000099949","LZTR1",20982269,20999032,16763
"ENSG00000099953","MMP11",23768226,23784316,16090
"ENSG00000099954","CECR2",17359949,17558149,198200
"ENSG00000099956","SMARCB1",23786931,23838008,51077
"ENSG00000099957","P2RX6",21009808,21028830,19022
"ENSG00000099960","SLC7A4",21028718,21032840,4122
"ENSG00000099968","BCL2L13",17628855,17730855,102000
"ENSG00000099985","OSM",30262829,30266851,4022
"ENSG00000099991","CABIN1",24011192,24178628,167436
"ENSG00000099992","TBC1D10A",30291990,30327046,35056
"ENSG00000099994","SUSD2",24181487,24189106,7619
"ENSG00000099995","SF3A1",30331988,30356919,24931
"ENSG00000099998","GGT5",24219654,24245142,25488
"ENSG00000099999","RNF215",30368811,30421771,52960
"ENSG00000100003","SEC14L2",30396941,30425303,28362
"ENSG00000100012","SEC14L3",30447959,30472049,24090
"ENSG00000100014","SPECC1L",24270817,24417739,146922
"ENSG00000100023","PPIL2",21666009,21700015,34006
"ENSG00000100024","UPB1",24494107,24528390,34283
"ENSG00000100027","YPEL1",21697536,21735794,38258
"ENSG00000100028","SNRPD3",24555958,24582052,26094
"ENSG00000100029","PES1",30576625,30607083,30458
"ENSG00000100030","MAPK1",21754500,21867680,113180
"ENSG00000100031","GGT1",24594811,24629005,34194
"ENSG00000100033","PRODH",18912777,18936553,23776
"ENSG00000100034","PPM1F",21919425,21952848,33423
"ENSG00000100038","TOP3B",21957025,21982816,25791
"ENSG00000100053","CRYBB3",25199858,25207359,7501
"ENSG00000100055","CYTH4",37282027,37315341,33314
"ENSG00000100056","DGCR14",19130279,19144684,14405
"ENSG00000100058","CRYBB2P1",25448105,25520854,72749
"ENSG00000100065","CARD10",37490362,37519542,29180
"ENSG00000100068","LRP5L",25351418,25405377,53959
"ENSG00000100075","SLC25A1",19175581,19178739,3158
"ENSG00000100077","ADRBK2",25564675,25729294,164619
"ENSG00000100078","PLA2G3",31134807,31140508,5701
"ENSG00000100079","LGALS2",37570248,37582616,12368
"ENSG00000100083","GGA1",37608725,37633564,24839
"ENSG00000100084","HIRA",19330698,19447450,116752
"ENSG00000100092","SH3BP1",37634654,37656119,21465
"ENSG00000100095","SEZ6L",26169462,26383597,214135
"ENSG00000100097","LGALS1",37675636,37679802,4166
"ENSG00000100099","HPS4",26443423,26483837,40414
"ENSG00000100100","PIK3IP1",31281593,31292534,10941
"ENSG00000100104","SRRD",26483877,26494658,10781
"ENSG00000100105","PATZ1",31325804,31346346,20542
"ENSG00000100106","TRIOBP",37697048,37776556,79508
"ENSG00000100109","TFIP11",26491225,26512505,21280
"ENSG00000100116","GCAT",37807905,37817176,9271
"ENSG00000100121","GGTLC2",22644475,22647903,3428
"ENSG00000100122","CRYBB1",26599278,26618027,18749
"ENSG00000100124","ANKRD54",37830855,37849327,18472
"ENSG00000100129","EIF3L",37848868,37889407,40539
"ENSG00000100138","NHP2L1",41673933,41690504,16571
"ENSG00000100139","MICALL1",37905657,37942822,37165
"ENSG00000100142","POLR2F",37952607,38041915,89308
"ENSG00000100146","SOX10",37970686,37987422,16736
"ENSG00000100150","DEPDC5",31753867,31908033,154166
"ENSG00000100151","PICK1",38056311,38075701,19390
"ENSG00000100154","TTC28",27978014,28679865,701851
"ENSG00000100156","SLC16A8",38078134,38084093,5959
"ENSG00000100167","SEPT3",41969475,41998221,28746
"ENSG00000100170","SLC5A1",32043032,32113029,69997
"ENSG00000100181","TPTEP1",16601887,16698742,96855
"ENSG00000100191","SLC5A4",32218476,32255341,36865
"ENSG00000100196","KDELR3",38468078,38483447,15369
"ENSG00000100197","CYP2D6",42126499,42130881,4382
"ENSG00000100201","DDX17",38483438,38507660,24222
"ENSG00000100206","DMC1",38518948,38570204,51256
"ENSG00000100207","TCF20",42160013,42343616,183603
"ENSG00000100209","HSCB",28742039,28757515,15476
"ENSG00000100211","CBY1",38656636,38673854,17218
"ENSG00000100216","TOMM22",38681957,38685421,3464
"ENSG00000100218","RTDR1",23059415,23145021,85606
"ENSG00000100219","XBP1",28794555,28800597,6042
"ENSG00000100220","C22orf28",32387582,32412248,24666
"ENSG00000100221","JOSD1",38685543,38701556,16013
"ENSG00000100225","FBXO7",32474676,32498829,24153
"ENSG00000100226","GTPBP1",38705742,38738299,32557
"ENSG00000100227","POLDIP3",42583721,42614962,31241
"ENSG00000100228","RAB36",23145326,23164350,19024
"ENSG00000100234","TIMP3",32801701,32863043,61342
"ENSG00000100239","PPP6R2",50343304,50445090,101786
"ENSG00000100241","SBF1",50445000,50475035,30035
"ENSG00000100242","SUN2",38734725,38794143,59418
"ENSG00000100249","C22orf31",29058672,29061844,3172
"ENSG00000100258","LMF2",50502949,50507702,4753
"ENSG00000100266","PACSIN2",42835412,43015149,179737
"ENSG00000100271","TTLL1",43039516,43089419,49903
"ENSG00000100280","AP1B1",29327680,29423179,95499
"ENSG00000100281","HMGXB4",35257452,35295807,38355
"ENSG00000100284","TOM1",35299275,35347992,48717
"ENSG00000100285","NEFH",29480230,29491390,11160
"ENSG00000100288","CHKB",50578949,50601455,22506
"ENSG00000100290","BIK",43110750,43129712,18962
"ENSG00000100292","HMOX1",35380361,35394207,13846
"ENSG00000100294","MCAT",43132206,43143394,11188
"ENSG00000100296","THOC5",29505879,29555216,49337
"ENSG00000100297","MCM5",35400134,35425431,25297
"ENSG00000100298","APOBEC3H",39097224,39104067,6843
"ENSG00000100299","ARSA",50622754,50628173,5419
"ENSG00000100302","RASD2",35540831,35553999,13168
"ENSG00000100304","TTLL12",43166622,43187134,20512
"ENSG00000100307","CBX7",39120167,39152680,32513
"ENSG00000100311","PDGFB",39223359,39244751,21392
"ENSG00000100312","ACR",50738196,50745334,7138
"ENSG00000100316","RPL3",39312882,39320389,7507
"ENSG00000100319","ZMAT5",29730956,29767011,36055
"ENSG00000100320","RBFOX2",35738736,36028824,290088
"ENSG00000100325","ASCC2",29788609,29838304,49695
"ENSG00000100330","MTMR3",29883155,30030866,147711
"ENSG00000100335","SMCR7L",39499432,39518132,18700
"ENSG00000100336","APOL4",36189124,36204840,15716
"ENSG00000100342","APOL1",36253010,36267530,14520
"ENSG00000100344","PNPLA3",43923739,43964488,40749
"ENSG00000100345","MYH9",36281277,36388067,106790
"ENSG00000100346","CACNA1I",39570753,39689737,118984
"ENSG00000100347","SAMM50",43955442,44010531,55089
"ENSG00000100348","TXN2",36467046,36481640,14594
"ENSG00000100351","GRAP2",39901082,39973721,72639
"ENSG00000100353","EIF3D",36510855,36529184,18329
"ENSG00000100354","TNRC6B",40044817,40335808,290991
"ENSG00000100359","SGSM3",40370591,40410289,39698
"ENSG00000100360","IFT27",36758202,36776256,18054
"ENSG00000100362","PVALB",36800684,36819479,18795
"ENSG00000100364","KIAA0930",45190338,45240769,50431
"ENSG00000100365","NCF4",36860988,36878017,17029
"ENSG00000100368","CSF2RB",36913628,36940439,26811
"ENSG00000100373","UPK3A",45284949,45295874,10925
"ENSG00000100376","FAM118A",45308968,45341955,32987
"ENSG00000100379","KCTD17",37051736,37063390,11654
"ENSG00000100385","IL2RB",37125843,37175054,49211
"ENSG00000100393","EP300",41092592,41180077,87485
"ENSG00000100395","L3MBTL2",41205282,41231271,25989
"ENSG00000100399","CHADL",41229510,41240931,11421
"ENSG00000100401","RANGAP1",41245611,41286251,40640
"ENSG00000100403","ZC3H7B",41301525,41360147,58622
"ENSG00000100412","ACO2",41469117,41528989,59872
"ENSG00000100413","POLR3H",41525799,41544606,18807
"ENSG00000100416","TRMU",46330875,46357340,26465
"ENSG00000100417","PMM1",41576900,41589871,12971
"ENSG00000100422","CERK",46684410,46738252,53842
"ENSG00000100425","BRD1",49773283,49827512,54229
"ENSG00000100426","ZBED4",49853844,49890080,36236
"ENSG00000100427","MLC1",50059391,50085902,26511
"ENSG00000100429","HDAC10",50245183,50251405,6222
"ENSG00000100433","KCNK10",88180103,88326907,146804
"ENSG00000100439","ABHD4",22598237,22613215,14978
"ENSG00000100441","KHNYN",24429286,24441843,12557
"ENSG00000100442","FKBP3",45115599,45135319,19720
"ENSG00000100445","SDR39U1",24439766,24442905,3139
"ENSG00000100448","CTSG",24573518,24576250,2732
"ENSG00000100450","GZMH",24606480,24609699,3219
"ENSG00000100461","RBM23",22893204,22919182,25978
"ENSG00000100462","PRMT5",22920525,22929408,8883
"ENSG00000100478","AP4S1",31025106,31096450,71344
"ENSG00000100479","POLE2",49643555,49688422,44867
"ENSG00000100485","SOS2",50117130,50231578,114448
"ENSG00000100490","CDKL1",50329404,50416461,87057
"ENSG00000100503","NIN",50719763,50831121,111358
"ENSG00000100504","PYGL",50857891,50944483,86592
"ENSG00000100505","TRIM9",50975262,51096061,120799
"ENSG00000100519","PSMC6",52707178,52728590,21412
"ENSG00000100522","GNPNAT1",52775193,52791668,16475
"ENSG00000100523","DDHD1",53036745,53153282,116537
"ENSG00000100528","CNIH",54423561,54441391,17830
"ENSG00000100532","CGRRF1",54509812,54539292,29480
"ENSG00000100554","ATP6V1D",67294371,67360265,65894
"ENSG00000100557","C14orf105",57469301,57493867,24566
"ENSG00000100565","C14orf166B",76826372,76870302,43930
"ENSG00000100567","PSMA3",58244843,58272012,27169
"ENSG00000100568","VTI1B",67647085,67674820,27735
"ENSG00000100575","TIMM9",58408495,58427531,19036
"ENSG00000100577","GSTZ1",77320996,77331597,10601
"ENSG00000100578","KIAA0586",58427385,58551289,123904
"ENSG00000100580","TMED8",77335029,77377094,42065
"ENSG00000100583","SAMD15",77376689,77391497,14808
"ENSG00000100591","AHSA1",77457870,77469472,11602
"ENSG00000100592","DAAM1",59188646,59371405,182759
"ENSG00000100593","ISM2",77474394,77498816,24422
"ENSG00000100596","SPTLC2",77505997,77616773,110776
"ENSG00000100599","RIN3",92513781,92688994,175213
"ENSG00000100600","LGMN",92703807,92748679,44872
"ENSG00000100601","ALKBH1",77672404,77708023,35619
"ENSG00000100603","SNW1",77717599,77761207,43608
"ENSG00000100604","CHGA",92923150,92935285,12135
"ENSG00000100605","ITPK1",92936914,93116320,179406
"ENSG00000100612","DHRS7",60144119,60169856,25737
"ENSG00000100614","PPM1A",60245752,60299087,53335
"ENSG00000100625","SIX4",60709539,60724351,14812
"ENSG00000100626","GALNTL1",69259277,69357033,97756
"ENSG00000100628","ASB2",93934153,93976791,42638
"ENSG00000100629","CEP128",80476983,80959517,482534
"ENSG00000100632","ERH",69380128,69398299,18171
"ENSG00000100644","HIF1A",61695513,61748259,52746
"ENSG00000100647","KIAA0247",69611596,69715144,103548
"ENSG00000100650","SRSF5",69726900,69772005,45105
"ENSG00000100652","SLC10A1",69775416,69797241,21825
"ENSG00000100664","EIF5",103333544,103345025,11481
"ENSG00000100665","SERPINA4",94561442,94569913,8471
"ENSG00000100678","SLC8A3",70044217,70189070,144853
"ENSG00000100697","DICER1",95086228,95158010,71782
"ENSG00000100714","MTHFD1",64388031,64463457,75426
"ENSG00000100722","ZC3H14",88562970,88627596,64626
"ENSG00000100726","TELO2",1493344,1510457,17113
"ENSG00000100731","PCNX",70907405,71115382,207977
"ENSG00000100739","BDKRB1",96256210,96268967,12757
"ENSG00000100744","C14orf129",96363452,96387288,23836
"ENSG00000100749","VRK1",96797382,96931722,134340
"ENSG00000100764","PSMC1",90256527,90275429,18902
"ENSG00000100767","PAPLN",73237497,73274640,37143
"ENSG00000100784","RPS6KA5",90847861,91060641,212780
"ENSG00000100796","SMEK1",91457611,91510554,52943
"ENSG00000100802","C14orf93",22985894,23010166,24272
"ENSG00000100804","PSMB5",23016543,23035230,18687
"ENSG00000100811","YY1",100238298,100282792,44494
"ENSG00000100813","ACIN1",23058564,23095614,37050
"ENSG00000100814","CCNB1IP1",20311368,20333312,21944
"ENSG00000100815","TRIP11",91965991,92040896,74905
"ENSG00000100823","APEX1",20455191,20457772,2581
"ENSG00000100836","PABPN1",23321289,23326185,4896
"ENSG00000100842","EFS",23356403,23365752,9349
"ENSG00000100852","ARHGAP5",32076114,32159728,83614
"ENSG00000100865","CINP",102341102,102362916,21814
"ENSG00000100867","DHRS2",23630115,23645639,15524
"ENSG00000100883","SRP54",34981957,35029567,47610
"ENSG00000100884","CPNE6",24070837,24078100,7263
"ENSG00000100888","CHD8",21385194,21456126,70932
"ENSG00000100889","PCK2",24094053,24110598,16545
"ENSG00000100890","KIAA0391",35121846,35277614,155768
"ENSG00000100897","DCAF11",24114195,24125242,11047
"ENSG00000100902","PSMA6",35278633,35317493,38860
"ENSG00000100906","NFKBIA",35401511,35404749,3238
"ENSG00000100908","EMC9",24138959,24141591,2632
"ENSG00000100916","BRMS1L",35826338,35932325,105987
"ENSG00000100918","REC8",24171853,24180257,8404
"ENSG00000100926","TM9SF1",24189149,24195687,6538
"ENSG00000100934","SEC23A",39031919,39109646,77727
"ENSG00000100938","GMPR2",24232422,24239242,6820
"ENSG00000100941","PNN",39175183,39183220,8037
"ENSG00000100949","RABGGTA",24265538,24271739,6201
"ENSG00000100968","NFATC4",24365673,24379604,13931
"ENSG00000100979","PLTP",45898621,45912155,13534
"ENSG00000100982","PCIF1",45934683,45948023,13340
"ENSG00000100983","GSS",34928432,34956027,27595
"ENSG00000100985","MMP9",46008908,46016561,7653
"ENSG00000100987","VSX1",25070885,25082365,11480
"ENSG00000100991","TRPC4AP",35002404,35092807,90403
"ENSG00000100994","PYGB",25248085,25298012,49927
"ENSG00000100997","ABHD12",25294743,25390983,96240
"ENSG00000101000","PROCR",35172072,35216240,44168
"ENSG00000101003","GINS1",25407673,25452628,44955
"ENSG00000101004","NINL",25452697,25585531,132834
"ENSG00000101017","CD40",46118272,46129863,11591
"ENSG00000101019","UQCC",35302566,35412031,109465
"ENSG00000101040","ZMYND8",47209214,47356889,147675
"ENSG00000101049","SGK2",43558968,43588237,29269
"ENSG00000101052","IFT52",43590931,43647296,56365
"ENSG00000101057","MYBL2",43667019,43716495,49476
"ENSG00000101074","R3HDML",44336986,44351242,14256
"ENSG00000101076","HNF4A",44355700,44434596,78896
"ENSG00000101079","NDRG3",36651766,36746090,94324
"ENSG00000101082","SLA2",36612318,36646196,33878
"ENSG00000101084","C20orf24",36605779,36612557,6778
"ENSG00000101096","NFATC2",51386957,51562831,175874
"ENSG00000101098","RIMS4",44751808,44810338,58530
"ENSG00000101104","PABPC1L",44910062,44959035,48973
"ENSG00000101109","STK4",44966479,45080021,113542
"ENSG00000101115","SALL4",51782331,51802521,20190
"ENSG00000101126","ADNP",50888916,50931437,42521
"ENSG00000101132","PFDN4",54208087,54228052,19965
"ENSG00000101134","DOK5",54475597,54651171,175574
"ENSG00000101138","CSTF1",56392371,56406369,13998
"ENSG00000101146","RAE1",57351223,57379211,27988
"ENSG00000101150","TPD52L2",63865228,63891545,26317
"ENSG00000101152","DNAJC5",63895126,63936031,40905
"ENSG00000101158","TH1L",58981208,58995133,13925
"ENSG00000101160","CTSZ",58995185,59007254,12069
"ENSG00000101161","PRPF6",63981132,64033100,51968
"ENSG00000101162","TUBB1",59019254,59026654,7400
"ENSG00000101180","HRH3",62214960,62220278,5318
"ENSG00000101181","GTPBP5",62183029,62203568,20539
"ENSG00000101182","PSMA7",62136733,62143440,6707
"ENSG00000101187","SLCO4A1",62642503,62685785,43282
"ENSG00000101188","NTSR1",62708836,62762771,53935
"ENSG00000101189","C20orf20",62796473,62801729,5256
"ENSG00000101190","TCFL5",62841115,62861763,20648
"ENSG00000101191","DIDO1",62877738,62937952,60214
"ENSG00000101193","GID8",62938147,62948475,10328
"ENSG00000101194","SLC17A9",62952707,62969585,16878
"ENSG00000101197","BIRC7",63235883,63240495,4612
"ENSG00000101198","NKAIN4",63240784,63272694,31910
"ENSG00000101199","ARFGAP1",63272785,63289790,17005
"ENSG00000101203","COL20A1",63293186,63334851,41665
"ENSG00000101204","CHRNA4",63343223,63378401,35178
"ENSG00000101210","EEF1A2",63488014,63499185,11171
"ENSG00000101213","PTK6",63528001,63537376,9375
"ENSG00000101216","GMEB2",63587602,63627101,39499
"ENSG00000101220","C20orf27",3753508,3768387,14879
"ENSG00000101224","CDC25B",3786772,3806121,19349
"ENSG00000101230","ISM1",13221274,13300651,79377
"ENSG00000101236","RNF24",3927309,4015558,88249
"ENSG00000101246","ARFRP1",63698642,63708025,9383
"ENSG00000101247","NDUFAF5",13785007,13821580,36573
"ENSG00000101251","SEL1L2",13849247,13996443,147196
"ENSG00000101255","TRIB3",362835,397559,34724
"ENSG00000101265","RASSF2",4780023,4823608,43585
"ENSG00000101266","CSNK2A1",472498,543835,71337
"ENSG00000101276","SLC52A3",760080,776015,15935
"ENSG00000101280","ANGPT4",869900,916334,46434
"ENSG00000101290","CDS2",5126879,5197887,71008
"ENSG00000101292","PROKR2",5302040,5314369,12329
"ENSG00000101294","HM13",31514410,31577923,63513
"ENSG00000101298","SNPH",1266280,1309328,43048
"ENSG00000101306","MYLK2",31819308,31834689,15381
"ENSG00000101307","SIRPB1",1563521,1620061,56540
"ENSG00000101310","SEC23B",18507520,18561415,53895
"ENSG00000101311","FERMT1",6074845,6123544,48699
"ENSG00000101323","HAO1",7882985,7940458,57473
"ENSG00000101327","PDYN",1978757,1994285,15528
"ENSG00000101331","C20orf160",32010450,32032180,21730
"ENSG00000101333","PLCB4",9068763,9481242,412479
"ENSG00000101335","MYL9",36541497,36551447,9950
"ENSG00000101336","HCK",32052188,32101856,49668
"ENSG00000101337","TM9SF4",32109506,32167258,57752
"ENSG00000101342","C20orf118",36876121,36894235,18114
"ENSG00000101343","CRNKL1",20034368,20056046,21678
"ENSG00000101346","POFUT1",32207880,32238658,30778
"ENSG00000101347","SAMHD1",36889773,36951901,62128
"ENSG00000101349","PAK7",9537389,9839041,301652
"ENSG00000101350","KIF3B",32277651,32335011,57360
"ENSG00000101353","C20orf132",37101226,37179588,78362
"ENSG00000101361","NOP56",2652593,2658393,5800
"ENSG00000101365","IDH3B",2658395,2664219,5824
"ENSG00000101367","MAPRE1",32819954,32850405,30451
"ENSG00000101384","JAG1",10637684,10673999,36315
"ENSG00000101391","CDK5RAP1",33358839,33401561,42722
"ENSG00000101400","SNTA1",33407955,33443892,35937
"ENSG00000101405","OXT",3071620,3072517,897
"ENSG00000101407","TTI1",37983007,38033461,50454
"ENSG00000101412","E2F1",33675477,33686385,10908
"ENSG00000101413","RPRD1B",38033546,38127780,94234
"ENSG00000101417","PXMP4",33702758,33720319,17561
"ENSG00000101421","CHMP4B",33811348,33854366,43018
"ENSG00000101425","BPI",38304123,38337505,33382
"ENSG00000101435","CST9L",23564732,23568484,3752
"ENSG00000101438","SLC32A1",38724486,38729372,4886
"ENSG00000101439","CST3",23626706,23638473,11767
"ENSG00000101440","ASIP",34194569,34269344,74775
"ENSG00000101442","ACTR5",38748460,38772520,24060
"ENSG00000101443","WFDC2",45469753,45481532,11779
"ENSG00000101444","AHCY",34280268,34311802,31534
"ENSG00000101445","PPP1R16B",38805697,38923024,117327
"ENSG00000101446","SPINT3",45512461,45515624,3163
"ENSG00000101447","FAM83D",38926312,38953106,26794
"ENSG00000101448","EPPIN",45540626,45547752,7126
"ENSG00000101452","DHX35",38962299,39039723,77424
"ENSG00000101457","DNTTIP1",45791954,45811427,19473
"ENSG00000101463","SYNDIG1",24469629,24666616,196987
"ENSG00000101464","PIGU",34560542,34698790,138248
"ENSG00000101470","TNNC2",45823214,45833745,10531
"ENSG00000101473","ACOT8",45841721,45857405,15684
"ENSG00000101474","APMAP",24962925,24992751,29826
"ENSG00000101489","CELF4",37243040,37565827,322787
"ENSG00000101493","ZNF516",76357682,76495242,137560
"ENSG00000101542","CDH20",61333430,61555779,222349
"ENSG00000101544","ADNP2",80109262,80147523,38261
"ENSG00000101557","USP14",158383,214629,56246
"ENSG00000101558","VAPA",9914002,9960021,46019
"ENSG00000101574","METTL4",2537525,2571509,33984
"ENSG00000101577","LPIN2",2916994,3013315,96321
"ENSG00000101596","SMCHD1",2655738,2805017,149279
"ENSG00000101605","MYOM1",3066807,3220108,153301
"ENSG00000101608","MYL12A",3247481,3256236,8755
"ENSG00000101624","CEP76",12661833,12702777,40944
"ENSG00000101638","ST8SIA5",46667821,46759257,91436
"ENSG00000101639","CEP192",12991362,13125052,133690
"ENSG00000101654","RNMT",13726660,13764558,37898
"ENSG00000101665","SMAD7",48919853,48952052,32199
"ENSG00000101670","LIPG",49560699,49599185,38486
"ENSG00000101680","LAMA1",6941742,7117797,176055
"ENSG00000101745","ANKRD12",9136228,9285985,149757
"ENSG00000101746","NOL4",33851100,34224952,373852
"ENSG00000101751","POLI",54269404,54321266,51862
"ENSG00000101752","MIB1",21704957,21870957,166000
"ENSG00000101773","RBBP8",22798261,23026488,228227
"ENSG00000101782","RIOK3",23453287,23486603,33316
"ENSG00000101811","CSTF2",100820359,100840932,20573
"ENSG00000101812","H2BFM",104039949,104042454,2505
"ENSG00000101825","MXRA5",3308565,3346652,38087
"ENSG00000101842","VSIG1",108044970,108079184,34214
"ENSG00000101844","ATG4A",108091668,108154671,63003
"ENSG00000101846","STS",7147237,7804358,657121
"ENSG00000101849","TBL1X",9463295,9741037,277742
"ENSG00000101850","GPR143",9725346,9786297,60951
"ENSG00000101856","PGRMC1",119236245,119244466,8221
"ENSG00000101868","POLA1",24693919,24996986,303067
"ENSG00000101871","MID1",10445310,10833654,388344
"ENSG00000101882","NKAP",119920672,119943751,23079
"ENSG00000101883","RHOXF1",120109053,120115937,6884
"ENSG00000101888","NXT2",109535781,109544690,8909
"ENSG00000101890","GUCY2F",109372906,109482072,109166
"ENSG00000101892","ATP1B4",120362085,120383249,21164
"ENSG00000101901","ALG13",111665811,111760649,94838
"ENSG00000101911","PRPS2",12791355,12824222,32867
"ENSG00000101916","TLR8",12906620,12923169,16549
"ENSG00000101928","MOSPD1",134887632,134915257,27625
"ENSG00000101935","AMMECR1",110194186,110440233,246047
"ENSG00000101938","CHRDL1",110673856,110795819,121963
"ENSG00000101940","WDR13",48590042,48608869,18827
"ENSG00000101945","SUV39H1",48695554,48709012,13458
"ENSG00000101951","PAGE4",49829260,49833973,4713
"ENSG00000101955","SRPX",38149336,38220924,71588
"ENSG00000101958","GLRA2",14529298,14731812,202514
"ENSG00000101966","XIAP",123859724,123913979,54255
"ENSG00000101972","STAG2",123960212,124422664,462452
"ENSG00000101974","ATP11C",139726346,139945276,218930
"ENSG00000101977","MCF2",139581770,139708227,126457
"ENSG00000101981","F9",139530758,139563458,32700
"ENSG00000101986","ABCD1",153724856,153744755,19899
"ENSG00000101997","CCDC22",49235470,49250520,15050
"ENSG00000102001","CACNA1F",49205063,49233371,28308
"ENSG00000102003","SYP",49187804,49200259,12455
"ENSG00000102007","PLP2",49171898,49175235,3337
"ENSG00000102010","BMX",15464246,15556529,92283
"ENSG00000102021","LUZP4",115289715,115307563,17848
"ENSG00000102024","PLS3",115561174,115650861,89687
"ENSG00000102030","NAA10",153929225,153935080,5855
"ENSG00000102032","RENBP",153935269,153944687,9418
"ENSG00000102034","ELF4",130064874,130110716,45842
"ENSG00000102038","SMARCA1",129446501,129523500,76999
"ENSG00000102043","MTMR8",64268081,64395452,127371
"ENSG00000102048","ASB9",15235288,15270467,35179
"ENSG00000102053","ZC3H12B",65366638,65507887,141249
"ENSG00000102054","RBBP7",16839283,16870414,31131
"ENSG00000102057","KCND1",48961378,48971844,10466
"ENSG00000102076","OPN1LW",154144224,154159032,14808
"ENSG00000102078","SLC25A14",130339888,130373361,33473
"ENSG00000102081","FMR1",147911951,147951125,39174
"ENSG00000102096","PIM2",48913182,48919024,5842
"ENSG00000102098","SCML2",18239313,18354688,115375
"ENSG00000102100","SLC35A2",48903180,48911958,8778
"ENSG00000102103","PQBP1",48890197,48903143,12946
"ENSG00000102104","RS1",18639910,18672109,32199
"ENSG00000102119","EMD",154379197,154381523,2326
"ENSG00000102125","TAZ",154411524,154421726,10202
"ENSG00000102128","RAB40AL",102937272,102938300,1028
"ENSG00000102144","PGK1",77910739,78129295,218556
"ENSG00000102145","GATA1",48786554,48794311,7757
"ENSG00000102158","MAGT1",77826364,77895593,69229
"ENSG00000102172","SMS",21940709,21994837,54128
"ENSG00000102174","PHEX",22032325,22251310,218985
"ENSG00000102178","UBL4A",154483717,154486615,2898
"ENSG00000102181","CD99L2",150766336,150898816,132480
"ENSG00000102189","EEA1",92770637,92929331,158694
"ENSG00000102195","GPR50",151176653,151181465,4812
"ENSG00000102218","RP2",46837043,46882358,45315
"ENSG00000102221","PHF16",46912276,47061242,148966
"ENSG00000102225","CDK16",47217860,47229997,12137
"ENSG00000102226","USP11",47232690,47248328,15638
"ENSG00000102230","PCYT1B",24558087,24672677,114590
"ENSG00000102239","BRS3",136487947,136493780,5833
"ENSG00000102241","HTATSF1",136497079,136512346,15267
"ENSG00000102243","VGLL1",136532215,136556807,24592
"ENSG00000102245","CD40LG",136648193,136660390,12197
"ENSG00000102265","TIMP1",47582408,47586789,4381
"ENSG00000102271","KLHL4",87517409,87670050,152641
"ENSG00000102287","GABRE",151953124,151974680,21556
"ENSG00000102290","PCDH11X",91779261,92623230,843969
"ENSG00000102302","FGD1",54445454,54496234,50780
"ENSG00000102312","PORCN",48508962,48520814,11852
"ENSG00000102313","ITIH6",54748899,54798240,49341
"ENSG00000102316","MAGED2",54807599,54816015,8416
"ENSG00000102317","RBM3",48574449,48581162,6713
"ENSG00000102349","KLF8",56232356,56291531,59175
"ENSG00000102359","SRPX2",100644195,100675788,31593
"ENSG00000102362","SYTL4",100674491,100732123,57632
"ENSG00000102383","ZDHHC15",75368427,75523502,155075
"ENSG00000102384","CENPI",101098218,101163681,65463
"ENSG00000102385","DRP2",101219769,101264497,44728
"ENSG00000102387","TAF7L",101268253,101293057,24804
"ENSG00000102390","CXorf26",76172936,76178204,5268
"ENSG00000102393","GLA",101397803,101408012,10209
"ENSG00000102401","ARMCX3",101622797,101627843,5046
"ENSG00000102409","BEX4",103215108,103217246,2138
"ENSG00000102445","KIAA0226L",46342000,46438190,96190
"ENSG00000102452","NALCN",101053776,101416508,362732
"ENSG00000102466","FGF14",101710804,102402457,691653
"ENSG00000102468","HTR2A",46831550,46897076,65526
"ENSG00000102471","NDFIP2",79481124,79556075,74951
"ENSG00000102524","TNFSF13B",108251240,108308484,57244
"ENSG00000102531","FNDC3A",48975912,49209779,233867
"ENSG00000102539","MLNR",49220338,49222377,2039
"ENSG00000102543","CDADC1",49247925,49293485,45560
"ENSG00000102547","CAB39L",49308650,49444064,135414
"ENSG00000102554","KLF5",73054976,73077541,22565
"ENSG00000102572","STK24",98445185,98577940,132755
"ENSG00000102575","ACP5",11574660,11579008,4348
"ENSG00000102580","DNAJC3",95677139,95794988,117849
"ENSG00000102595","UGGT2",95801580,96053482,251902
"ENSG00000102606","ARHGEF7",111114559,111305737,191178
"ENSG00000102678","FGF9",21671383,21704498,33115
"ENSG00000102683","SGCG",23180952,23325165,144213
"ENSG00000102699","PARP4",24420931,24512778,91847
"ENSG00000102710","FAM48A",37009312,37059713,50401
"ENSG00000102738","MRPS31",40729135,40771173,42038
"ENSG00000102743","SLC25A15",40789412,40812460,23048
"ENSG00000102753","KPNA3",49699320,49792682,93362
"ENSG00000102755","FLT1",28300346,28495145,194799
"ENSG00000102763","VWA8",41566835,41961120,394285
"ENSG00000102780","DGKH",42040036,42256578,216542
"ENSG00000102781","KATNAL1",30202630,30307551,104921
"ENSG00000102786","INTS6",51354077,51454264,100187
"ENSG00000102796","DHRS12",51767993,51804162,36169
"ENSG00000102802","C13orf33",30906271,30925572,19301
"ENSG00000102804","TSC22D1",44432143,44577147,145004
"ENSG00000102805","CLN5",76990660,77019143,28483
"ENSG00000102837","OLFM4",53028813,53052057,23244
"ENSG00000102854","MSLN",760734,768865,8131
"ENSG00000102858","MGRN1",4616493,4690974,74481
"ENSG00000102870","ZNF629",30778456,30787205,8749
"ENSG00000102871","TRADD",67154185,67159909,5724
"ENSG00000102878","HSF4",67164681,67169945,5264
"ENSG00000102879","CORO1A",30182827,30189076,6249
"ENSG00000102882","MAPK3",30114105,30123506,9401
"ENSG00000102890","ELMO3",67199111,67204029,4918
"ENSG00000102891","MT4",56565049,56568957,3908
"ENSG00000102893","PHKB",47461123,47701523,240400
"ENSG00000102897","LYRM1",20899868,20925006,25138
"ENSG00000102898","NUTF2",67846923,67872567,25644
"ENSG00000102900","NUP93",56730118,56850286,120168
"ENSG00000102904","TSNAXIP1",67806765,67832148,25383
"ENSG00000102908","NFAT5",69565094,69704666,139572
"ENSG00000102910","LONP2",48244296,48363122,118826
"ENSG00000102921","N4BP1",48538726,48620148,81422
"ENSG00000102924","CBLN1",49277917,49281838,3921
"ENSG00000102934","PLLP",57248547,57284672,36125
"ENSG00000102935","ZNF423",49487524,49857919,370395
"ENSG00000102974","CTCF",67562467,67639177,76710
"ENSG00000102977","ACD",67657512,67660815,3303
"ENSG00000102978","POLR2C",57462660,57472009,9349
"ENSG00000102981","PARD6A",67660946,67662778,1832
"ENSG00000102984","ZNF821",71859680,71895336,35656
"ENSG00000102996","MMP15",58025754,58046901,21147
"ENSG00000103005","USB1",57999546,58021618,22072
"ENSG00000103021","CCDC113",58231157,58283836,52679
"ENSG00000103023","PRSS54",58279997,58295047,15050
"ENSG00000103034","NDRG4",58462846,58513628,50782
"ENSG00000103035","PSMD7",74296814,74306288,9474
"ENSG00000103042","SLC38A7",58665109,58684770,19661
"ENSG00000103043","VAC14",70687439,70801160,113721
"ENSG00000103044","HAS3",69105653,69118719,13066
"ENSG00000103047","TMCO7",68843531,69085182,241651
"ENSG00000103051","COG4",70480568,70523558,42990
"ENSG00000103056","SMPD3",68358327,68448508,90181
"ENSG00000103061","SLC7A6OS",68284503,68310946,26443
"ENSG00000103064","SLC7A6",68264516,68301823,37307
"ENSG00000103066","PLA2G15",68245304,68261058,15754
"ENSG00000103067","ESRP2",68229111,68238102,8991
"ENSG00000103091","WDR59",74871362,75000173,128811
"ENSG00000103111","MON1B",77190835,77202405,11570
"ENSG00000103126","AXIN1",287440,352723,65283
"ENSG00000103145","HCFC1R1",3022620,3024286,1666
"ENSG00000103148","NPRL3",84271,138860,54589
"ENSG00000103150","MLYCD",83899115,83927031,27916
"ENSG00000103152","MPG",77007,85853,8846
"ENSG00000103154","NECAB2",83968632,84002776,34144
"ENSG00000103160","HSDL1",84122141,84145192,23051
"ENSG00000103168","TAF1C",84177847,84187070,9223
"ENSG00000103174","NAGPA",5024844,5034141,9297
"ENSG00000103184","SEC14L5",4958330,5019157,60827
"ENSG00000103187","COTL1",84565596,84618078,52482
"ENSG00000103194","USP10",84699978,84779922,79944
"ENSG00000103196","CRISPLD2",84819985,84920768,100783
"ENSG00000103197","TSC2",2047967,2089491,41524
"ENSG00000103199","ZNF500",4748239,4767624,19385
"ENSG00000103202","NME4",396725,410367,13642
"ENSG00000103222","ABCC1",15949577,16143074,193497
"ENSG00000103226","NOMO3",16232528,16294811,62283
"ENSG00000103241","FOXF1",86510527,86515422,4895
"ENSG00000103245","NARFL",729760,741329,11569
"ENSG00000103248","MTHFSD",86530176,86555235,25059
"ENSG00000103249","CLCN7",1444934,1475084,30150
"ENSG00000103253","HAGHL",726936,735525,8589
"ENSG00000103257","SLC7A5",87830023,87869507,39484
"ENSG00000103260","METRN",715118,719655,4537
"ENSG00000103264","FBXO31",87326987,87392142,65155
"ENSG00000103266","STUB1",680224,682870,2646
"ENSG00000103275","UBE2I",1308880,1327018,18138
"ENSG00000103310","ZP2",21197450,21214510,17060
"ENSG00000103313","MEFV",3242028,3256627,14599
"ENSG00000103316","CRYM",21238874,21303083,64209
"ENSG00000103319","EEF2K",22206278,22288738,82460
"ENSG00000103326","SOLH",527712,554636,26924
"ENSG00000103335","PIEZO1",88715338,88785220,69882
"ENSG00000103342","GSPT1",11868128,11916082,47954
"ENSG00000103343","ZNF174",3401215,3409364,8149
"ENSG00000103351","CLUAP1",3500976,3539048,38072
"ENSG00000103353","UBFD1",23557721,23574389,16668
"ENSG00000103355","PRSS33",2783953,2787948,3995
"ENSG00000103356","EARS2",23522014,23557731,35717
"ENSG00000103365","GGA2",23463542,23521995,58453
"ENSG00000103375","AQP8",25215731,25228932,13201
"ENSG00000103404","USP31",23061406,23149270,87864
"ENSG00000103415","HMOX2",4474690,4510347,35657
"ENSG00000103423","DNAJA3",4425805,4456775,30970
"ENSG00000103426","CORO7",4340251,4420494,80243
"ENSG00000103429","BFAR",14632931,14669236,36305
"ENSG00000103449","SALL1",51135975,51151367,15392
"ENSG00000103460","TOX3",52436417,52547802,111385
"ENSG00000103472","RRN3P2",29074976,29116718,41742
"ENSG00000103479","RBL2",53433977,53491648,57671
"ENSG00000103489","XYLT1",17101769,17470881,369112
"ENSG00000103490","PYCARD",31201486,31203450,1964
"ENSG00000103494","RPGRIP1L",53598153,53703938,105785
"ENSG00000103495","MAZ",29806106,29811164,5058
"ENSG00000103496","STX4",31032889,31042975,10086
"ENSG00000103502","CDIPT",29858357,29863414,5057
"ENSG00000103507","BCKDK",31106107,31112791,6684
"ENSG00000103510","KAT8",31114489,31131393,16904
"ENSG00000103512","NOMO1",14833721,14896157,62436
"ENSG00000103522","IL21R",27402174,27452042,49868
"ENSG00000103528","SYT17",19167971,19268332,100361
"ENSG00000103534","TMC5",19410496,19499113,88617
"ENSG00000103540","CCP110",19523811,19553408,29597
"ENSG00000103544","C16orf62",19555240,19706793,151553
"ENSG00000103546","SLC6A2",55655604,55706192,50588
"ENSG00000103549","RNF40",30761745,30776307,14562
"ENSG00000103550","C16orf88",19701937,19718235,16298
"ENSG00000103591","AAGAB",67201033,67255195,54162
"ENSG00000103599","IQCH",67254786,67502260,247474
"ENSG00000103642","LACTB",63121833,63142061,20228
"ENSG00000103647","CORO2B",68578969,68727806,148837
"ENSG00000103657","HERC1",63608618,63833948,225330
"ENSG00000103671","TRIP4",64387748,64455303,67555
"ENSG00000103710","RASL12",65053337,65076690,23353
"ENSG00000103723","AP3B2",82659280,82710156,50876
"ENSG00000103740","ACSBG1",78167468,78245688,78220
"ENSG00000103742","IGDCC4",65381484,65422947,41463
"ENSG00000103769","RAB11A",65726054,65891989,165935
"ENSG00000103811","CTSH",78921058,78949574,28516
"ENSG00000103852","TTC23",99136323,99251223,114900
"ENSG00000103855","CD276",73683966,73714514,30548
"ENSG00000103876","FAH",80152490,80186946,34456
"ENSG00000103888","KIAA1199",80779343,80951776,172433
"ENSG00000103932","RPAP1",41517176,41544269,27093
"ENSG00000103942","HOMER2",82836946,82986153,149207
"ENSG00000103966","EHD4",41895933,41972557,76624
"ENSG00000103978","TMEM87A",42210452,42273663,63211
"ENSG00000103994","ZFP106",42412823,42491141,78318
"ENSG00000103995","CEP152",48712928,48811146,98218
"ENSG00000104043","ATP8B4",49858238,50182817,324579
"ENSG00000104044","OCA2",27754875,28099315,344440
"ENSG00000104047","DTWD1",49621037,49656232,35195
"ENSG00000104055","TGM5",43232595,43266857,34262
"ENSG00000104059","FAM189A1",29120254,29570723,450469
"ENSG00000104064","GABPB1",50275392,50355408,80016
"ENSG00000104067","TJP1",29699367,29968865,269498
"ENSG00000104081","BMF",40087890,40108892,21002
"ENSG00000104093","DMXL2",51447711,51622833,175122
"ENSG00000104112","SCG3",51681492,51721026,39534
"ENSG00000104129","DNAJC17",40765161,40807478,42317
"ENSG00000104133","SPG11",44562696,44663678,100982
"ENSG00000104142","VPS18",40894450,40903975,9525
"ENSG00000104147","OIP5",41309273,41332591,23318
"ENSG00000104154","SLC30A4",45479606,45522755,43149
"ENSG00000104164","BLOC1S6",45587123,45615999,28876
"ENSG00000104177","MYEF2",48134632,48178353,43721
"ENSG00000104205","SGK3",66667552,66862022,194470
"ENSG00000104213","PDGFRL",17576433,17644071,67638
"ENSG00000104218","CSPP1",67062426,67196263,133837
"ENSG00000104219","ZDHHC2",17156482,17224799,68317
"ENSG00000104221","BRF2",37843268,37849904,6636
"ENSG00000104228","TRIM35",27284886,27311272,26386
"ENSG00000104231","ZFAND1",81701334,81732903,31569
"ENSG00000104237","RP1",54509422,54871720,362298
"ENSG00000104267","CA2",85463968,85481493,17525
"ENSG00000104290","FZD3",28494205,28574267,80062
"ENSG00000104299","INTS9",28767661,28890242,122581
"ENSG00000104312","RIPK2",89757806,89791064,33258
"ENSG00000104313","EYA1",71197433,71592025,394592
"ENSG00000104320","NBN",89933336,90003228,69892
"ENSG00000104321","TRPA1",72019917,72075584,55667
"ENSG00000104324","CPQ",96645242,97149654,504412
"ENSG00000104325","DECR1",90001405,90053633,52228
"ENSG00000104327","CALB1",90058608,90095475,36867
"ENSG00000104332","SFRP1",41261962,41309473,47511
"ENSG00000104341","LAPTM4B",97775057,97853013,77956
"ENSG00000104343","UBE2W",73780097,73878910,98813
"ENSG00000104356","POP1",98117293,98159835,42542
"ENSG00000104361","NIPAL2",98189826,98294393,104567
"ENSG00000104365","IKBKB",42271302,42332653,61351
"ENSG00000104368","PLAT",42175233,42207724,32491
"ENSG00000104369","JPH1",74234700,74321540,86840
"ENSG00000104371","DKK4",42374063,42377229,3166
"ENSG00000104375","STK3",98371228,98942827,571599
"ENSG00000104381","GDAP1",74321130,74488872,167742
"ENSG00000104388","RAB2A",60516936,60623644,106708
"ENSG00000104408","EIF3E",108201216,108435333,234117
"ENSG00000104412","EMC2",108443601,108489196,45595
"ENSG00000104413","ESRP1",94641074,94707466,66392
"ENSG00000104415","WISP1",133191039,133231690,40651
"ENSG00000104419","NDRG1",133237171,133302022,64851
"ENSG00000104427","ZC2HC1A",78666089,78719765,53676
"ENSG00000104432","IL7",78675743,78805523,129780
"ENSG00000104442","ARMC1",65602458,65634217,31759
"ENSG00000104447","TRPS1",115408496,115809673,401177
"ENSG00000104450","SPAG1",100157906,100259278,101372
"ENSG00000104490","NCALD",101686542,102124907,438365
"ENSG00000104497","SNX16",81799581,81842866,43285
"ENSG00000104517","UBR5",102252273,102412759,160486
"ENSG00000104522","TSTA3",143612618,143618048,5430
"ENSG00000104524","PYCRL",143603210,143609773,6563
"ENSG00000104529","EEF1D",143579697,143599541,19844
"ENSG00000104537","ANXA13",123680794,123737402,56608
"ENSG00000104549","SQLE",124998497,125022283,23786
"ENSG00000104611","SH2D4A",19313693,19396218,82525
"ENSG00000104613","INTS10",19817391,19852083,34692
"ENSG00000104626","ERI1",9002147,9116746,114599
"ENSG00000104635","SLC39A14",22367249,22434129,66880
"ENSG00000104643","MTMR9",11284816,11328146,43330
"ENSG00000104660","LEPROTL1",30095398,30177208,81810
"ENSG00000104671","DCTN6",30156319,30183639,27320
"ENSG00000104679","R3HCC1",23270120,23296279,26159
"ENSG00000104687","GSR",30678066,30727846,49780
"ENSG00000104689","TNFRSF10A",23190452,23225126,34674
"ENSG00000104691","UBXN8",30732247,30767006,34759
"ENSG00000104695","PPP2CB",30774457,30814314,39857
"ENSG00000104714","ERICH1",614746,738106,123360
"ENSG00000104722","NEFM",24913758,24919098,5340
"ENSG00000104723","TUSC3",15417215,15766649,349434
"ENSG00000104728","ARHGEF10",1823926,1958641,134715
"ENSG00000104731","KLHDC4",87696485,87765992,69507
"ENSG00000104738","MCM4",47960185,47978160,17975
"ENSG00000104755","ADAM2",39743735,39838289,94554
"ENSG00000104756","KCTD9",25427847,25458476,30629
"ENSG00000104760","FGL1",17864380,17910365,45985
"ENSG00000104763","ASAH1",18055992,18084998,29006
"ENSG00000104774","MAN2B1",12646511,12666742,20231
"ENSG00000104783","KCNN4",43766533,43781257,14724
"ENSG00000104804","TULP2",48880965,48898733,17768
"ENSG00000104805","NUCB1",48900312,48923372,23060
"ENSG00000104808","DHDH",48933699,48944969,11270
"ENSG00000104812","GYS1",48968130,48993310,25180
"ENSG00000104814","MAP4K1",38587641,38618882,31241
"ENSG00000104818","CGB2",49031912,49033238,1326
"ENSG00000104823","ECH1",38815422,38831841,16419
"ENSG00000104824","HNRNPL",38836388,38852347,15959
"ENSG00000104825","NFKBIB",38899700,38908893,9193
"ENSG00000104827","CGB",49022869,49024333,1464
"ENSG00000104833","TUBB4A",6494319,6502848,8529
"ENSG00000104835","FBXO17",38915266,38930896,15630
"ENSG00000104848","KCNA7",49067418,49072941,5523
"ENSG00000104852","SNRNP70",49085419,49108605,23186
"ENSG00000104853","CLPTM1",44954585,44993341,38756
"ENSG00000104856","RELB",45001449,45038198,36749
"ENSG00000104859","CLASRP",45039045,45070956,31911
"ENSG00000104863","LIN7B",49114324,49118460,4136
"ENSG00000104866","PPP1R37",45091396,45148077,56681
"ENSG00000104870","FCGRT",49506816,49526333,19517
"ENSG00000104872","PIH1D1",49446298,49453497,7199
"ENSG00000104879","CKM",45306413,45322875,16462
"ENSG00000104880","ARHGEF18",7395113,7472484,77371
"ENSG00000104881","PPP1R13L",45379638,45406349,26711
"ENSG00000104883","PEX11G",7476875,7497449,20574
"ENSG00000104884","ERCC2",45349837,45370918,21081
"ENSG00000104885","DOT1L",2163933,2232578,68645
"ENSG00000104888","SLC17A7",49429401,49442360,12959
"ENSG00000104889","RNASEH2A",12806556,12815201,8645
"ENSG00000104892","KLC3",45333434,45351520,18086
"ENSG00000104894","CD37",49335171,49343335,8164
"ENSG00000104897","SF3A2",2236824,2248655,11831
"ENSG00000104899","AMH",2249309,2252073,2764
"ENSG00000104901","DKKL1",49361783,49375116,13333
"ENSG00000104907","TRMT1",13104902,13117567,12665
"ENSG00000104915","STX10",13144058,13150383,6325
"ENSG00000104921","FCER2",7688758,7702146,13388
"ENSG00000104936","DMPK",45769717,45782552,12835
"ENSG00000104938","CLEC4M",7763149,7769605,6456
"ENSG00000104941","RSPH6A",45795713,45815308,19595
"ENSG00000104946","TBC1D17",49877425,49888750,11325
"ENSG00000104951","IL4I1",49889654,49929539,39885
"ENSG00000104953","TLE6",2977538,2995179,17641
"ENSG00000104957","CCDC130",13731760,13763296,31536
"ENSG00000104960","PTOV1",49850735,49860744,10009
"ENSG00000104967","NOVA2",45933734,45973865,40131
"ENSG00000104970","KIR3DX1",54532692,54545771,13079
"ENSG00000104972","LILRB1",54617158,54637528,20370
"ENSG00000104973","MED25",49818279,49840383,22104
"ENSG00000104974","LILRA1",54593582,54602090,8508
"ENSG00000104979","C19orf53",13774456,13778773,4317
"ENSG00000104980","TIMM44",7926718,7943667,16949
"ENSG00000104983","CCDC61",45995461,46021318,25857
"ENSG00000104998","IL27RA",14031762,14053218,21456
"ENSG00000105011","ASF1B",14119512,14136613,17101
"ENSG00000105048","TNNT1",55132698,55149206,16508
"ENSG00000105053","VRK3",49976468,50025946,49478
"ENSG00000105058","FAM32A",16185380,16192046,6666
"ENSG00000105063","PPP6R1",55229779,55259017,29238
"ENSG00000105072","C19orf44",16496394,16521352,24958
"ENSG00000105085","MED26",16574907,16629062,54155
"ENSG00000105088","OLFM2",9853718,9936552,82834
"ENSG00000105122","RASAL3",15451624,15464544,12920
"ENSG00000105127","AKAP8",15353385,15379798,26413
"ENSG00000105131","EPHX3",15226919,15233435,6516
"ENSG00000105135","ILVBL",15114984,15125786,10802
"ENSG00000105136","ZNF419",57487711,57496097,8386
"ENSG00000105137","SYDE1",15107401,15114985,7584
"ENSG00000105141","CASP14",15049480,15058293,8813
"ENSG00000105143","SLC1A6",14950034,15022990,72956
"ENSG00000105146","AURKC",57230802,57235548,4746
"ENSG00000105171","POP4",29606283,29617237,10954
"ENSG00000105173","CCNE1",29811991,29824312,12321
"ENSG00000105176","URI1",29923644,30016612,92968
"ENSG00000105186","ANKRD27",32597006,32676597,79591
"ENSG00000105193","RPS16",39433137,39435949,2812
"ENSG00000105197","TIMM50",39480412,39493785,13373
"ENSG00000105198","LGALS13",39602501,39607474,4973
"ENSG00000105202","FBL",39834458,39846379,11921
"ENSG00000105204","DYRK1B",39825350,39834201,8851
"ENSG00000105205","CLC",39731255,39738029,6774
"ENSG00000105219","CNTD2",40222208,40226697,4489
"ENSG00000105220","GPI",34359480,34402413,42933
"ENSG00000105221","AKT2",40230317,40285536,55219
"ENSG00000105223","PLD3",40348456,40380439,31983
"ENSG00000105227","PRX",40393768,40413366,19598
"ENSG00000105229","PIAS4",4007736,4039386,31650
"ENSG00000105245","NUMBL",40665905,40690972,25067
"ENSG00000105248","CCDC94",4247080,4269088,22008
"ENSG00000105251","SHD",4278601,4290724,12123
"ENSG00000105254","TBCB",36114289,36125947,11658
"ENSG00000105255","FSD1",4304598,4323843,19245
"ENSG00000105270","CLIP3",36014660,36033343,18683
"ENSG00000105278","ZFR2",3804024,3869038,65014
"ENSG00000105287","PRKD2",46674275,46717127,42852
"ENSG00000105289","TJP3",3708362,3750813,42451
"ENSG00000105290","APLP1",35867899,35879791,11892
"ENSG00000105298","CACTIN",3610645,3626815,16170
"ENSG00000105321","CCDC9",47255980,47273701,17721
"ENSG00000105323","HNRNPUL1",41262496,41307598,45102
"ENSG00000105327","BBC3",47220822,47232766,11944
"ENSG00000105329","TGFB1",41301587,41353911,52324
"ENSG00000105339","DENND3",141117278,141195808,78530
"ENSG00000105341","ATP5SL",41431318,41440717,9399
"ENSG00000105352","CEACAM4",41618971,41627074,8103
"ENSG00000105355","PLIN3",4838341,4867694,29353
"ENSG00000105357","MYH14",50188186,50310542,122356
"ENSG00000105364","MRPL4",10251901,10260045,8144
"ENSG00000105366","SIGLEC8",51450847,51458456,7609
"ENSG00000105370","LIM2",51379909,51387960,8051
"ENSG00000105371","ICAM4",10286955,10288522,1567
"ENSG00000105376","ICAM5",10289952,10296778,6826
"ENSG00000105379","ETFB",51345169,51366418,21249
"ENSG00000105383","CD33",51225064,51243860,18796
"ENSG00000105388","CEACAM5",41708585,41729798,21213
"ENSG00000105392","CRX",47819779,47843330,23551
"ENSG00000105393","BABAM1",17267376,17281249,13873
"ENSG00000105397","TYK2",10350529,10380676,30147
"ENSG00000105401","CDC37",10391133,10420121,28988
"ENSG00000105402","NAPA",47487637,47515091,27454
"ENSG00000105404","RABAC1",41956681,41959321,2640
"ENSG00000105409","ATP1A3",41966582,41997497,30915
"ENSG00000105419","MEIS3",47403124,47419523,16399
"ENSG00000105426","PTPRS",5158495,5340803,182308
"ENSG00000105427","CNFN",42387019,42390297,3278
"ENSG00000105428","ZNRF4",5455431,5456856,1425
"ENSG00000105429","MEGF8",42325609,42378769,53160
"ENSG00000105438","KDELR1",48382575,48391551,8976
"ENSG00000105443","CYTH2",48469208,48482314,13106
"ENSG00000105447","GRWD1",48445773,48457022,11249
"ENSG00000105464","GRIN2D",48394875,48444931,50056
"ENSG00000105467","SYNGR4",48364395,48376376,11981
"ENSG00000105472","CLEC11A",50723364,50725718,2354
"ENSG00000105479","CCDC114",48296457,48321894,25437
"ENSG00000105483","CARD8",48180770,48255946,75176
"ENSG00000105486","LIG1",48115445,48170603,55158
"ENSG00000105492","SIGLEC6",51517819,51531856,14037
"ENSG00000105497","ZNF175",51571283,51592510,21227
"ENSG00000105499","PLA2G4C",48047843,48110817,62974
"ENSG00000105501","SIGLEC5",51611927,51645545,33618
"ENSG00000105507","CABP5",48029953,48044053,14100
"ENSG00000105509","HAS1",51713112,51723994,10882
"ENSG00000105514","RAB3D",11322068,11346270,24202
"ENSG00000105516","DBP",48630030,48637438,7408
"ENSG00000105518","TMEM205",11342776,11346518,3742
"ENSG00000105519","CAPS",5911375,5915877,4502
"ENSG00000105520","LPPR2",11355386,11365698,10312
"ENSG00000105523","FAM83E",48600810,48614854,14044
"ENSG00000105538","RASIP1",48720585,48740610,20025
"ENSG00000105549","THEG",361747,376670,14923
"ENSG00000105550","FGF21",48755559,48758333,2774
"ENSG00000105552","BCAT2",48795062,48811029,15967
"ENSG00000105556","MIER2",301444,344815,43371
"ENSG00000105559","PLEKHA4",48837097,48868617,31520
"ENSG00000105568","PPP2R1A",52190048,52229518,39470
"ENSG00000105576","TNPO2",12699194,12724011,24817
"ENSG00000105583","WDR83OS",12668073,12669415,1342
"ENSG00000105605","CACNG7",53909335,53943941,34606
"ENSG00000105607","GCDH",12891160,12914207,23047
"ENSG00000105609","LILRB5",54249431,54257301,7870
"ENSG00000105612","DNASE2",12875209,12881466,6257
"ENSG00000105613","MAST1",12833951,12874952,41001
"ENSG00000105617","LENG1",54155161,54159882,4721
"ENSG00000105618","PRPF31",54115410,54131719,16309
"ENSG00000105619","TFPT",54107013,54115675,8662
"ENSG00000105639","JAK3",17824780,17848071,23291
"ENSG00000105640","RPL18A",17859910,17864153,4243
"ENSG00000105641","SLC5A5",17871945,17895174,23229
"ENSG00000105643","ARRDC2",18001132,18014102,12970
"ENSG00000105647","PIK3R2",18153163,18170532,17369
"ENSG00000105649","RAB3A",18196784,18204074,7290
"ENSG00000105650","PDE4C",18208652,18248200,39548
"ENSG00000105655","ISYNA1",18434388,18438301,3913
"ENSG00000105656","ELL",18442663,18522116,79453
"ENSG00000105662","CRTC1",18683678,18782333,98655
"ENSG00000105664","COMP",18782773,18791305,8532
"ENSG00000105668","UPK1A",35666516,35678483,11967
"ENSG00000105669","COPE",18899514,18919387,19873
"ENSG00000105671","DDX49",18919705,18929189,9484
"ENSG00000105672","ETV2",35641745,35644871,3126
"ENSG00000105675","ATP4A",35550043,35563658,13615
"ENSG00000105676","ARMC6",19033575,19060311,26736
"ENSG00000105677","TMEM147",35545600,35547526,1926
"ENSG00000105679","GAPDHS",35533455,35545319,11864
"ENSG00000105695","MAG",35292125,35313807,21682
"ENSG00000105696","TMEM59L",18607430,18621039,13609
"ENSG00000105697","HAMP",35280716,35285143,4427
"ENSG00000105699","LSR",35248330,35267964,19634
"ENSG00000105700","KXD1",18557762,18569387,11625
"ENSG00000105701","FKBP8",18531751,18544077,12326
"ENSG00000105705","SUGP1",19276018,19320509,44491
"ENSG00000105707","HPN",35040506,35066571,26065
"ENSG00000105708","ZNF14",19710472,19733112,22640
"ENSG00000105711","SCN1B",35030470,35040449,9979
"ENSG00000105717","PBX4",19561707,19618693,56986
"ENSG00000105722","ERF",42247569,42255128,7559
"ENSG00000105723","GSK3A",42230190,42242625,12435
"ENSG00000105726","ATP13A1",19645198,19663676,18478
"ENSG00000105732","ZNF574",42068477,42081552,13075
"ENSG00000105737","GRIK5",41998321,42069498,71177
"ENSG00000105738","SIPA1L3",37907208,38208369,301161
"ENSG00000105750","ZNF85",20923222,20950697,27475
"ENSG00000105755","ETHE1",43506719,43527230,20511
"ENSG00000105767","CADM4",43622368,43639850,17482
"ENSG00000105771","SMG9",43727983,43754962,26979
"ENSG00000105778","AVL9",32495426,32588726,93300
"ENSG00000105784","RUNDC3B",87627548,87832296,204748
"ENSG00000105792","C7orf63",90245174,90311063,65889
"ENSG00000105793","GTPBP10",90335223,90391455,56232
"ENSG00000105808","RASA4",102573807,102616757,42950
"ENSG00000105810","CDK6",92604921,92836594,231673
"ENSG00000105821","DNAJC2",103312289,103344830,32541
"ENSG00000105825","TFPI2",93885396,93890753,5357
"ENSG00000105829","BET1",93962762,94004382,41620
"ENSG00000105835","NAMPT",106248298,106286326,38028
"ENSG00000105849","TWISTNB",19695461,19709037,13576
"ENSG00000105851","PIK3CG",106865278,106908980,43702
"ENSG00000105852","PON3",95359872,95396375,36503
"ENSG00000105854","PON2",95404862,95435329,30467
"ENSG00000105855","ITGB8",20330702,20415754,85052
"ENSG00000105856","HBP1",107168961,107202522,33561
"ENSG00000105865","DUS4L",107563484,107578523,15039
"ENSG00000105866","SP4",21428043,21514822,86779
"ENSG00000105875","WDR91",135183839,135211534,27695
"ENSG00000105877","DNAH11",21543039,21901839,358800
"ENSG00000105879","CBLL1",107743949,107761667,17718
"ENSG00000105880","DLX5",97020396,97024950,4554
"ENSG00000105887","MTPN",135926760,135977359,50599
"ENSG00000105889","STEAP1B",22419444,22727613,308169
"ENSG00000105894","PTN",137227341,137343865,116524
"ENSG00000105926","MPP6",24573268,24694193,120925
"ENSG00000105928","DFNA5",24698355,24757940,59585
"ENSG00000105929","ATP6V0A4",138706294,138799560,93266
"ENSG00000105939","ZC3HAV1",139043515,139109720,66205
"ENSG00000105948","TTC26",139133744,139191986,58242
"ENSG00000105953","OGDH",44606572,44709066,102494
"ENSG00000105954","NPVF",25224570,25228486,3916
"ENSG00000105967","TFEC",115935148,116159896,224748
"ENSG00000105971","CAV2",116287380,116508541,221161
"ENSG00000105974","CAV1",116525001,116561184,36183
"ENSG00000105976","MET",116672196,116798386,126190
"ENSG00000105982","RNF32",156640281,156677130,36849
"ENSG00000105983","LMBR1",156668946,156893230,224284
"ENSG00000105989","WNT2",117275451,117323289,47838
"ENSG00000105991","HOXA1",27093313,27095996,2683
"ENSG00000105993","DNAJB6",157335381,157417439,82058
"ENSG00000105996","HOXA2",27100354,27102686,2332
"ENSG00000105997","HOXA3",27106184,27152581,46397
"ENSG00000106004","HOXA5",27141052,27143681,2629
"ENSG00000106006","HOXA6",27145396,27150603,5207
"ENSG00000106009","BRAT1",2537810,2555694,17884
"ENSG00000106012","IQCE",2558972,2614733,55761
"ENSG00000106013","ANKRD7",118214669,118496171,281502
"ENSG00000106018","VIPR2",159028175,159144867,116692
"ENSG00000106025","TSPAN12",120787320,120858402,71082
"ENSG00000106028","SSBP1",141738334,141787922,49588
"ENSG00000106031","HOXA13",27193503,27200091,6588
"ENSG00000106034","CPED1",120988697,121297442,308745
"ENSG00000106049","HIBADH",27525442,27662883,137441
"ENSG00000106052","TAX1BP1",27739331,27844564,105233
"ENSG00000106066","CPVL",28995235,29195451,200216
"ENSG00000106069","CHN2",29146569,29514328,367759
"ENSG00000106070","GRB10",50590063,50793462,203399
"ENSG00000106077","ABHD11",73736094,73738867,2773
"ENSG00000106078","COBL",51016212,51316818,300606
"ENSG00000106086","PLEKHA8",30027404,30130483,103079
"ENSG00000106089","STX1A",73699206,73719672,20466
"ENSG00000106100","NOD1",30424527,30478784,54257
"ENSG00000106105","GARS",30594838,30634033,39195
"ENSG00000106113","CRHR2",30651942,30700129,48187
"ENSG00000106123","EPHB6",142855061,142871094,16033
"ENSG00000106125","FAM188B",30771417,30892387,120970
"ENSG00000106128","GHRHR",30938669,30993254,54585
"ENSG00000106133","NSUN5P2",72947581,72954790,7209
"ENSG00000106144","CASP2",143288215,143307696,19481
"ENSG00000106153","CHCHD2",56101573,56106476,4903
"ENSG00000106236","NPTX2",98617285,98629869,12584
"ENSG00000106244","PDAP1",99392048,99408597,16549
"ENSG00000106245","BUD31",99408641,99419616,10975
"ENSG00000106246","PTCD1",99416739,99466163,49424
"ENSG00000106258","CYP3A5",99648194,99679998,31804
"ENSG00000106261","ZKSCAN1",100015572,100041689,26117
"ENSG00000106263","EIF3B",2354086,2380745,26659
"ENSG00000106266","SNX8",2251770,2354318,102548
"ENSG00000106268","NUDT1",2242222,2251146,8924
"ENSG00000106278","PTPRZ1",121873089,122062036,188947
"ENSG00000106290","TAF6",100107070,100119841,12771
"ENSG00000106299","WASL",123681943,123749003,67060
"ENSG00000106302","HYAL4",123828983,123877478,48495
"ENSG00000106304","SPAM1",123925237,123971414,46177
"ENSG00000106305","AIMP2",6009255,6023834,14579
"ENSG00000106327","TFR2",100620416,100642779,22363
"ENSG00000106328","FSCN3",127591409,127602144,10735
"ENSG00000106331","PAX4",127610292,127618075,7783
"ENSG00000106333","PCOLCE",100602363,100608175,5812
"ENSG00000106336","FBXO24",100583982,100601117,17135
"ENSG00000106341","PPP1R17",31687215,31708455,21240
"ENSG00000106344","RBM28",128297685,128343908,46223
"ENSG00000106346","USP42",6104884,6161564,56680
"ENSG00000106348","IMPDH1",128392277,128410252,17975
"ENSG00000106351","AGFG2",100539203,100568220,29017
"ENSG00000106355","LSM5",32485338,32495283,9945
"ENSG00000106366","SERPINE1",101127089,101139266,12177
"ENSG00000106367","AP1S1",101154456,101161596,7140
"ENSG00000106384","MOGAT3",101195007,101201038,6031
"ENSG00000106392","C1GALT1",7156934,7248651,91717
"ENSG00000106397","PLOD3",101205977,101218420,12443
"ENSG00000106399","RPA3",7636518,7718607,82089
"ENSG00000106400","ZNHIT1",101218165,101224190,6025
"ENSG00000106404","CLDN15",101232092,101238820,6728
"ENSG00000106410","NOBOX",144397240,144410227,12987
"ENSG00000106415","GLCCI1",7968796,8094272,125476
"ENSG00000106436","MYL10",101613325,101629296,15971
"ENSG00000106443","PHF14",10973336,11169630,196294
"ENSG00000106459","NRF1",129611720,129757082,145362
"ENSG00000106460","TMEM106B",12211270,12243367,32097
"ENSG00000106462","EZH2",148807383,148884321,76938
"ENSG00000106477","CEP41",130393771,130442433,48662
"ENSG00000106479","ZNF862",149838375,149867479,29104
"ENSG00000106483","SFRP4",37905932,38025695,119763
"ENSG00000106484","MEST",130486171,130506465,20294
"ENSG00000106511","MEOX2",15611212,15686683,75471
"ENSG00000106524","ANKMY2",16599779,16645817,46038
"ENSG00000106536","POU6F2",38977998,39493095,515097
"ENSG00000106537","TSPAN13",16753755,16784536,30781
"ENSG00000106538","RARRES2",150338317,150341662,3345
"ENSG00000106541","AGR2",16791811,16833433,41622
"ENSG00000106546","AHR",16916359,17346152,429793
"ENSG00000106554","CHCHD3",132784870,133082090,297220
"ENSG00000106560","GIMAP2",150685697,150693641,7944
"ENSG00000106565","TMEM176B",150791285,150801360,10075
"ENSG00000106571","GLI3",41960949,42237870,276921
"ENSG00000106588","PSMA2",42916861,42932185,15324
"ENSG00000106603","COA1",43608456,43729717,121261
"ENSG00000106605","BLVRA",43758680,43807342,48662
"ENSG00000106608","URGCP",43875894,43926411,50517
"ENSG00000106609","TMEM248",66921225,66958551,37326
"ENSG00000106610","STAG3L4",67302621,67362950,60329
"ENSG00000106615","RHEB",151466012,151520120,54108
"ENSG00000106617","PRKAG2",151556124,151877125,321001
"ENSG00000106624","AEBP1",44104345,44114562,10217
"ENSG00000106628","POLD2",44114681,44124358,9677
"ENSG00000106631","MYL7",44138864,44141332,2468
"ENSG00000106633","GCK",44144271,44198170,53899
"ENSG00000106635","BCL7B",73536356,73557690,21334
"ENSG00000106638","TBL2",73567533,73578791,11258
"ENSG00000106648","GALNTL5",151956379,152019929,63550
"ENSG00000106665","CLIP2",74289475,74405943,116468
"ENSG00000106682","EIF4H",74174245,74197101,22856
"ENSG00000106683","LIMK1",74082933,74122525,39592
"ENSG00000106686","SPATA6L",4553386,4666674,113288
"ENSG00000106688","SLC1A1",4490468,4587469,97001
"ENSG00000106689","LHX2",124001670,124033301,31631
"ENSG00000106692","FKTN",105558130,105641118,82988
"ENSG00000106701","FSD1L",105447796,105552433,104637
"ENSG00000106714","CNTNAP3",39072767,39288315,215548
"ENSG00000106723","SPIN1",88388430,88478694,90264
"ENSG00000106733","NMRK1",75060573,75088217,27644
"ENSG00000106771","TMEM245",109015135,109119947,104812
"ENSG00000106772","PRUNE2",76611376,76906114,294738
"ENSG00000106780","MEGF9",120600811,120714470,113659
"ENSG00000106785","TRIM14",98069275,98119222,49947
"ENSG00000106789","CORO2A",98120975,98192637,71662
"ENSG00000106799","TGFBR1",99104038,99154192,50154
"ENSG00000106804","C5",120952335,121050276,97941
"ENSG00000106809","OGN",92383268,92404696,21428
"ENSG00000106819","ASPN",92456205,92482506,26301
"ENSG00000106823","ECM2",92493554,92536655,43101
"ENSG00000106829","TLE4",79571773,79726882,155109
"ENSG00000106852","LHX6",122202577,122229626,27049
"ENSG00000106853","PTGR1",111549722,111599893,50171
"ENSG00000106868","SUSD1",112040785,112175408,134623
"ENSG00000106927","AMBP",114060127,114078328,18201
"ENSG00000106948","AKNA",114334156,114394405,60249
"ENSG00000106952","TNFSF8",114893343,114930595,37252
"ENSG00000106976","DNM1",128191655,128255248,63593
"ENSG00000106991","ENG",127815012,127854756,39744
"ENSG00000106992","AK1",127866486,127877675,11189
"ENSG00000106993","CDC37L1",4679559,4708399,28840
"ENSG00000107014","RLN2",5299864,5304716,4852
"ENSG00000107018","RLN1",5334930,5339876,4946
"ENSG00000107021","TBC1D13",128787253,128810430,23177
"ENSG00000107036","KIAA1432",5629025,5776557,147532
"ENSG00000107077","KDM4C",6720863,7175648,454785
"ENSG00000107099","DOCK8",214854,465259,250405
"ENSG00000107104","KANK1",470291,746106,275815
"ENSG00000107130","NCS1",130172404,130237303,64899
"ENSG00000107140","TESK1",35605262,35610041,4779
"ENSG00000107147","KCNT1",135702185,135795508,93323
"ENSG00000107159","CA9",35673918,35681159,7241
"ENSG00000107164","FUBP3",130578965,130638352,59387
"ENSG00000107165","TYRP1",12685439,12710290,24851
"ENSG00000107175","CREB3",35732598,35736999,4401
"ENSG00000107185","RGP1",35749287,35758575,9288
"ENSG00000107186","MPDZ",13105704,13279590,173886
"ENSG00000107201","DDX58",32455302,32526208,70906
"ENSG00000107242","PIP5K1B",68705240,69009176,303936
"ENSG00000107249","GLIS3",3824127,4348392,524265
"ENSG00000107262","BAG1",33247820,33264720,16900
"ENSG00000107263","RAPGEF1",131576770,131740074,163304
"ENSG00000107281","NPDC1",137039463,137046179,6716
"ENSG00000107282","APBA1",69427532,69672371,244839
"ENSG00000107290","SETX",132261356,132354986,93630
"ENSG00000107295","SH3GL2",17579066,17797124,218058
"ENSG00000107317","PTGDS",136975092,136981742,6650
"ENSG00000107331","ABCA2",137007234,137028922,21688
"ENSG00000107338","SHB",37915898,38069227,153329
"ENSG00000107341","UBE2R2",33817160,33920399,103239
"ENSG00000107362","FAM108B1",71862452,71910931,48479
"ENSG00000107404","DVL1",1335276,1349418,14142
"ENSG00000107438","PDLIM1",95237572,95291012,53440
"ENSG00000107443","CCNJ",96043394,96060870,17476
"ENSG00000107447","DNTT",96304409,96338564,34155
"ENSG00000107485","GATA3",8045378,8075198,29820
"ENSG00000107518","ATRNL1",115093365,115948999,855634
"ENSG00000107521","HPS1",98416198,98446947,30749
"ENSG00000107537","PHYH",13277796,13302412,24616
"ENSG00000107551","RASSF4",44959407,44995891,36484
"ENSG00000107554","DNMBP",99875577,100009947,134370
"ENSG00000107560","RAB11FIP2",118004916,118046941,42025
"ENSG00000107566","ERLIN1",100150094,100186033,35939
"ENSG00000107581","EIF3A",119033670,119080823,47153
"ENSG00000107593","PKD2L1",100288149,100330264,42115
"ENSG00000107611","CUBN",16823966,17129817,305851
"ENSG00000107614","TRDMT1",17137336,17202054,64718
"ENSG00000107625","DDX50",68901286,68946847,45561
"ENSG00000107643","MAPK8",48306639,48439360,132721
"ENSG00000107651","SEC23IP",119892730,119944657,51927
"ENSG00000107669","ATE1",121740421,121928801,188380
"ENSG00000107672","NSMCE4A",121957091,121975217,18126
"ENSG00000107679","PLEKHA1",122374696,122442602,67906
"ENSG00000107719","PALD1",70478767,70568450,89683
"ENSG00000107731","UNC5B",71212570,71302864,90294
"ENSG00000107736","CDH23",71396934,71815947,419013
"ENSG00000107742","SPOCK2",72059034,72089032,29998
"ENSG00000107745","MICU1",72367327,72626191,258864
"ENSG00000107758","PPP3CB",73436428,73496024,59596
"ENSG00000107771","FAM190B",84328586,84518521,189935
"ENSG00000107779","BMPR1A",86756601,86932838,176237
"ENSG00000107789","MINPP1",87504875,87553461,48586
"ENSG00000107796","ACTA2",88935074,88991339,56265
"ENSG00000107798","LIPA",89213569,89414557,200988
"ENSG00000107815","C10orf2",100987367,100994403,7036
"ENSG00000107816","LZTS2",100996618,101007836,11218
"ENSG00000107819","SFXN3",101031234,101041244,10010
"ENSG00000107821","KAZALD1",101061841,101068131,6290
"ENSG00000107829","FBXW4",101610664,101695295,84631
"ENSG00000107831","FGF8",101770130,101780369,10239
"ENSG00000107833","NPM3",101781325,101783413,2088
"ENSG00000107854","TNKS2",91798426,91865475,67049
"ENSG00000107862","GBF1",102245532,102382899,137367
"ENSG00000107863","ARHGAP21",24583609,24723887,140278
"ENSG00000107864","CPEB3",92046692,92291078,244386
"ENSG00000107874","CUEDC2",102423245,102432584,9339
"ENSG00000107882","SUFU",102503987,102633535,129548
"ENSG00000107890","ANKRD26",26991914,27100498,108584
"ENSG00000107897","ACBD5",27195214,27242130,46916
"ENSG00000107929","LARP4B",806914,931705,124791
"ENSG00000107937","GTPBP4",988434,1019932,31498
"ENSG00000107938","C10orf137",125719515,125764143,44628
"ENSG00000107949","BCCIP",125823546,125853695,30149
"ENSG00000107951","MTPAP",30309801,30374448,64647
"ENSG00000107954","NEURL",103493979,103592552,98573
"ENSG00000107957","SH3PXD2A",103594027,103855543,261516
"ENSG00000107959","PITRM1",3137728,3172841,35113
"ENSG00000107960","OBFC1",103877569,103918184,40615
"ENSG00000107968","MAP3K8",30434021,30461833,27812
"ENSG00000107984","DKK1",52314281,52318042,3761
"ENSG00000108001","EBF3",129835283,129963841,128558
"ENSG00000108010","GLRX3",130136391,130184521,48130
"ENSG00000108018","SORCS1",106573663,107164534,590871
"ENSG00000108021","FAM208B",5684838,5763740,78902
"ENSG00000108039","XPNPEP1",109864766,109923553,58787
"ENSG00000108055","SMC3",110567691,110604636,36945
"ENSG00000108061","SHOC2",110919547,111013667,94120
"ENSG00000108064","TFAM",58385345,58399220,13875
"ENSG00000108091","CCDC6",59788747,59906556,117809
"ENSG00000108094","CUL2",35008551,35090642,82091
"ENSG00000108100","CCNY",35247025,35572669,325644
"ENSG00000108175","ZMIZ1",79068966,79316528,247562
"ENSG00000108179","PPIF",79347469,79355334,7865
"ENSG00000108187","PBLD",68282660,68333049,50389
"ENSG00000108219","TSPAN14",80454166,80533124,78958
"ENSG00000108231","LGI1",93757840,93806272,48432
"ENSG00000108239","TBC1D12",94402504,94535930,133426
"ENSG00000108242","CYP2C18",94683729,94736190,52461
"ENSG00000108244","KRT23",40922696,40937634,14938
"ENSG00000108255","CRYBA1",29246863,29254494,7631
"ENSG00000108256","NUFIP2",29255839,29294148,38309
"ENSG00000108262","GIT1",29573469,29594054,20585
"ENSG00000108298","RPL19",39200283,39204732,4449
"ENSG00000108306","FBXL20",39252663,39402523,149860
"ENSG00000108309","RUNDC3A",44308413,44318670,10257
"ENSG00000108312","UBTF",44205033,44221626,16593
"ENSG00000108342","CSF3",40015361,40017813,2452
"ENSG00000108344","PSMD3",39980807,39997959,17152
"ENSG00000108349","CASC3",40140318,40172171,31853
"ENSG00000108352","RAPGEFL1",40177010,40195656,18646
"ENSG00000108370","RGS9",65100812,65227703,126891
"ENSG00000108375","RNF43",58352500,58417595,65095
"ENSG00000108379","WNT3",46762506,46833154,70648
"ENSG00000108381","ASPA",3472374,3503405,31031
"ENSG00000108384","RAD51C",58692573,58735611,43038
"ENSG00000108387","SEPT4",58520250,58540818,20568
"ENSG00000108389","MTMR4",58489529,58517905,28376
"ENSG00000108395","TRIM37",58982638,59106921,124283
"ENSG00000108405","P2RX1",3896592,3916476,19884
"ENSG00000108406","DHX40",59565558,59608345,42787
"ENSG00000108417","KRT37",41420753,41424523,3770
"ENSG00000108423","TUBD1",59859479,59892945,33466
"ENSG00000108424","KPNB1",47649476,47685505,36029
"ENSG00000108439","PNPO",47941506,47949308,7802
"ENSG00000108443","RPS6KB1",59893046,59950574,57528
"ENSG00000108448","TRIM16L",18697998,18736118,38120
"ENSG00000108465","CDK5RAP3",47967810,47981781,13971
"ENSG00000108468","CBX1",48070052,48101478,31426
"ENSG00000108469","RECQL5",75626845,75667189,40344
"ENSG00000108474","PIGL",16217191,16351797,134606
"ENSG00000108506","INTS2",61865367,61928016,62649
"ENSG00000108509","CAMTA2",4967992,4987675,19683
"ENSG00000108510","MED13",61942605,62065278,122673
"ENSG00000108511","HOXB6",48595751,48604992,9241
"ENSG00000108515","ENO3",4948092,4957131,9039
"ENSG00000108518","PFN1",4945652,4949061,3409
"ENSG00000108523","RNF167",4940008,4945222,5214
"ENSG00000108528","SLC25A11",4937130,4940053,2923
"ENSG00000108551","RASD1",17494437,17496395,1958
"ENSG00000108557","RAI1",17681458,17811453,129995
"ENSG00000108559","NUP88",5360963,5419676,58713
"ENSG00000108576","SLC6A4",30194319,30236002,41683
"ENSG00000108578","BLMH",30248203,30292056,43853
"ENSG00000108582","CPD",30378927,30469989,91062
"ENSG00000108587","GOSR1",30477362,30527592,50230
"ENSG00000108588","CCDC47",63745255,63776351,31096
"ENSG00000108590","MED31",6643311,6651634,8323
"ENSG00000108591","DRG2",18087892,18107970,20078
"ENSG00000108592","FTSJ3",63819433,63830012,10579
"ENSG00000108599","AKAP10",19904302,19978343,74041
"ENSG00000108602","ALDH3A1",19737984,19748943,10959
"ENSG00000108604","SMARCD2",63832081,63843065,10984
"ENSG00000108622","ICAM2",64002594,64020634,18040
"ENSG00000108639","SYNGR2",78168558,78173527,4969
"ENSG00000108641","B9D1",19334308,19378193,43885
"ENSG00000108651","UTP6",31860904,31901708,40804
"ENSG00000108654","DDX5",64499616,64508199,8583
"ENSG00000108666","C17orf75",32324565,32350023,25458
"ENSG00000108669","CYTH1",78674048,78782297,108249
"ENSG00000108671","PSMD11",32444379,32483319,38940
"ENSG00000108679","LGALS3BP",78971238,78979947,8709
"ENSG00000108684","ASIC2",33013087,34174964,1161877
"ENSG00000108691","CCL2",34255218,34257203,1985
"ENSG00000108759","KRT32",41459811,41467429,7618
"ENSG00000108771","DHX58",42101404,42112714,11310
"ENSG00000108773","KAT2A",42113111,42121367,8256
"ENSG00000108774","RAB5C",42124976,42155044,30068
"ENSG00000108784","NAGLU",42536241,42544449,8208
"ENSG00000108786","HSD17B1",42549214,42555213,5999
"ENSG00000108788","MLX",42567068,42573239,6171
"ENSG00000108797","CNTNAP1",42682531,42699993,17462
"ENSG00000108798","ABI3",49210411,49223225,12814
"ENSG00000108799","EZH1",42700275,42745049,44774
"ENSG00000108813","DLX4",49968970,49974959,5989
"ENSG00000108819","PPP1R9B",50133737,50150677,16940
"ENSG00000108821","COL1A1",50183289,50201632,18343
"ENSG00000108823","SGCA",50164214,50175928,11714
"ENSG00000108825","AARSD1",42950526,42980528,30002
"ENSG00000108826","MRPL27",50367857,50373207,5350
"ENSG00000108828","VAT1",43014607,43025123,10516
"ENSG00000108839","ALOX12",6996049,7010754,14705
"ENSG00000108840","HDAC5",44076746,44123702,46956
"ENSG00000108846","ABCC3",50634777,50692253,57476
"ENSG00000108848","LUC7L3",50719565,50756219,36654
"ENSG00000108849","PPY",43940804,43942468,1664
"ENSG00000108852","MPP2",43875357,43909711,34354
"ENSG00000108854","SMURF2",64542282,64662307,120025
"ENSG00000108878","CACNG1",67044554,67056797,12243
"ENSG00000108883","EFTUD2",44849948,44899445,49497
"ENSG00000108924","HLF",55264960,55325187,60227
"ENSG00000108932","SLC16A6",68267026,68291267,24241
"ENSG00000108946","PRKAR1A",68511780,68551319,39539
"ENSG00000108947","EFNB3",7705202,7711372,6170
"ENSG00000108950","FAM20A",68535113,68601367,66254
"ENSG00000108960","MMD",55392622,55421924,29302
"ENSG00000108961","RANGRF",8288654,8290092,1438
"ENSG00000108963","DPH1",2030110,2043430,13320
"ENSG00000108984","MAP2K6",69414697,69553865,139168
"ENSG00000109016","DHRS7B",21123364,21193265,69901
"ENSG00000109046","WSB1",27294076,27315926,21850
"ENSG00000109047","RCVRN",9896320,9905621,9301
"ENSG00000109061","MYH1",10492307,10518542,26235
"ENSG00000109062","SLC9A3R1",74748628,74769353,20725
"ENSG00000109063","MYH3",10628526,10657309,28783
"ENSG00000109065","NAT9",74770547,74776367,5820
"ENSG00000109066","TMEM104",74776483,74839779,63296
"ENSG00000109072","SEBOX",28367284,28373091,5807
"ENSG00000109079","TNFAIP1",28335602,28347009,11407
"ENSG00000109083","IFT20",28328325,28335489,7164
"ENSG00000109084","TMEM97",28319200,28328685,9485
"ENSG00000109089","CDR2L",74987632,75005800,18168
"ENSG00000109099","PMP22",15229777,15265326,35549
"ENSG00000109101","FOXN1",28506243,28538896,32653
"ENSG00000109103","UNC119",28546707,28552668,5961
"ENSG00000109107","ALDOC",28573115,28576948,3833
"ENSG00000109111","SUPT6H",28662198,28702679,40481
"ENSG00000109118","PHF12",28905250,28951771,46521
"ENSG00000109132","PHOX2B",41744082,41748970,4888
"ENSG00000109133","TMEM33",41935129,41960803,25674
"ENSG00000109158","GABRA4",46918900,46993581,74681
"ENSG00000109171","SLAIN2",48341529,48426201,84672
"ENSG00000109180","OCIAD1",48805212,48861817,56605
"ENSG00000109181","UGT2B10",68815994,68832023,16029
"ENSG00000109182","CWH43",48986275,49062081,75806
"ENSG00000109184","DCUN1D4",51843000,51916837,73837
"ENSG00000109189","USP46",52590960,52659301,68341
"ENSG00000109193","SULT1E1",69841212,69860145,18933
"ENSG00000109205","ODAM",70196496,70204576,8080
"ENSG00000109208","SMR3A",70360761,70367158,6397
"ENSG00000109220","CHIC2",54009789,54064605,54816
"ENSG00000109255","NMU",55595229,55636698,41469
"ENSG00000109265","KIAA1211",56049073,56328625,279552
"ENSG00000109272","PF4V1",73853296,73854483,1187
"ENSG00000109320","NFKB1",102501331,102617302,115971
"ENSG00000109321","AREG",74445136,74455005,9869
"ENSG00000109323","MANBA",102630770,102760994,130224
"ENSG00000109332","UBE2D3",102794383,102868896,74513
"ENSG00000109339","MAPK10",85990007,86594625,604618
"ENSG00000109381","ELF2",139028112,139177218,149106
"ENSG00000109424","UCP1",140559431,140568961,9530
"ENSG00000109436","TBC1D9",140620782,140756385,135603
"ENSG00000109445","ZNF330",141220887,141234697,13810
"ENSG00000109452","INPP4B",142023160,142847432,824272
"ENSG00000109458","GAB1",143336762,143474568,137806
"ENSG00000109466","KLHL2",165207561,165323156,115595
"ENSG00000109472","CPE",165361194,165498547,137353
"ENSG00000109501","WFS1",6269849,6303265,33416
"ENSG00000109511","ANXA10",168092515,168187690,95175
"ENSG00000109519","GRPEL1",7058895,7068064,9169
"ENSG00000109534","GAR1",109815510,109824740,9230
"ENSG00000109536","FRG1",189940870,189963202,22332
"ENSG00000109572","CLCN3",169612633,169723673,111040
"ENSG00000109576","AADAT",170060222,170091699,31477
"ENSG00000109586","GALNT7",173168811,173323967,155156
"ENSG00000109606","DHX15",24517441,24584554,67113
"ENSG00000109618","SEPSECS",25120014,25160449,40435
"ENSG00000109625","CPZ",8592660,8619759,27099
"ENSG00000109654","TRIM2",153152342,153339317,186975
"ENSG00000109667","SLC2A9",9771153,10054936,283783
"ENSG00000109670","FBXW7",152320544,152536092,215548
"ENSG00000109674","NEIL3",177309874,177362936,53062
"ENSG00000109680","TBC1D19",26576437,26756223,179786
"ENSG00000109684","CLNK",10486395,10684768,198373
"ENSG00000109685","WHSC1",1871393,1982207,110814
"ENSG00000109686","SH3D19",151102751,151325632,222881
"ENSG00000109689","STIM2",26857601,27025381,167780
"ENSG00000109705","NKX3-2",13540830,13545050,4220
"ENSG00000109736","MFSD10",2930561,2934834,4273
"ENSG00000109738","GLRB",157076125,157172090,95965
"ENSG00000109743","BST1",15703065,15738313,35248
"ENSG00000109756","RAPGEF2",159103013,159360174,257161
"ENSG00000109758","HGFAC",3441887,3449495,7608
"ENSG00000109762","SNX25",185204237,185370185,165948
"ENSG00000109771","LRP2BP",185363879,185395899,32020
"ENSG00000109775","UFSP2",185399537,185425979,26442
"ENSG00000109787","KLF3",38664197,38701517,37320
"ENSG00000109790","KLHL5",39045039,39126857,81818
"ENSG00000109794","FAM149A",186104419,186172667,68248
"ENSG00000109805","NCAPG",17810979,17844865,33886
"ENSG00000109814","UGDH",39498755,39528311,29556
"ENSG00000109819","PPARGC1A",23755041,23904089,149048
"ENSG00000109832","DDX25",125903348,125943702,40354
"ENSG00000109846","CRYAB",111908619,111923722,15103
"ENSG00000109851","DBX1",20156155,20160613,4458
"ENSG00000109854","HTATIP2",20363685,20383783,20098
"ENSG00000109861","CTSC",88293592,88337761,44169
"ENSG00000109881","CCDC34",27330827,27363234,32407
"ENSG00000109906","ZBTB16",114059593,114250676,191083
"ENSG00000109911","ELP4",31509755,31790324,280569
"ENSG00000109917","ZNF259",116773799,116788039,14240
"ENSG00000109919","MTCH2",47617315,47642607,25292
"ENSG00000109920","FNBP4",47716517,47767443,50926
"ENSG00000109927","TECTA",121101173,121191493,90320
"ENSG00000109943","CRTAM",122838500,122872643,34143
"ENSG00000109944","C11orf63",122882528,122959798,77270
"ENSG00000109956","B3GAT1",134378504,134412242,33738
"ENSG00000109971","HSPA8",123057489,123063230,5741
"ENSG00000109991","P2RX3",57338374,57370600,32226
"ENSG00000110002","VWA5A",124115362,124147721,32359
"ENSG00000110011","DNAJC4",64230278,64234286,4008
"ENSG00000110013","SIAE",124633113,124695707,62594
"ENSG00000110025","SNX15",65027439,65040572,13133
"ENSG00000110031","LPXN",58526871,58578220,51349
"ENSG00000110042","DTX4",59171430,59208588,37158
"ENSG00000110046","ATG2A",64894546,64917211,22665
"ENSG00000110047","EHD1",64851642,64888296,36654
"ENSG00000110048","OSBP",59574398,59615774,41376
"ENSG00000110057","UNC93B1",67991100,68004982,13882
"ENSG00000110063","DCPS",126304060,126350005,45945
"ENSG00000110066","SUV420H1",68154863,68213828,58965
"ENSG00000110074","FOXRED1",126269055,126278131,9076
"ENSG00000110075","PPP6R3",68460731,68615334,154603
"ENSG00000110076","NRXN2",64606174,64723188,117014
"ENSG00000110080","ST3GAL4",126355640,126440344,84704
"ENSG00000110090","CPT1A",68754620,68844410,89790
"ENSG00000110092","CCND1",69641087,69654474,13387
"ENSG00000110104","CCDC86",60842113,60851081,8968
"ENSG00000110107","PRPF19",60890547,60906585,16038
"ENSG00000110148","CCKBR",6259806,6272127,12321
"ENSG00000110169","HPX",6431049,6442617,11568
"ENSG00000110171","TRIM3",6448613,6474459,25846
"ENSG00000110172","CHORDC1",90200429,90223077,22648
"ENSG00000110195","FOLR1",72189558,72196323,6765
"ENSG00000110203","FOLR3",72114869,72139892,25023
"ENSG00000110218","PANX1",94128841,94181968,53127
"ENSG00000110237","ARHGEF17",73308289,73369388,61099
"ENSG00000110243","APOA5",116789367,116792420,3053
"ENSG00000110244","APOA4",116820700,116823304,2604
"ENSG00000110274","CEP164",117314557,117413266,98709
"ENSG00000110318","KIAA1377",101915012,102001058,86046
"ENSG00000110321","EIF4G2",10797050,10808940,11890
"ENSG00000110324","IL10RA",117986348,118003037,16689
"ENSG00000110328","GALNTL4",11270877,11622005,351128
"ENSG00000110330","BIRC2",102347211,102378670,31459
"ENSG00000110344","UBE4A",118359585,118399211,39626
"ENSG00000110367","DDX6",118747763,118791164,43401
"ENSG00000110375","UPK2",118925164,118958559,33395
"ENSG00000110395","CBL",119206276,119313926,107650
"ENSG00000110400","PVRL1",119623408,119729200,105792
"ENSG00000110422","HIPK3",33256672,33357023,100351
"ENSG00000110427","KIAA1549L",33376083,33674102,298019
"ENSG00000110429","FBXO3",33740939,33774543,33604
"ENSG00000110435","PDHX",34915829,35020591,104762
"ENSG00000110436","SLC1A2",35251205,35420063,168858
"ENSG00000110442","COMMD9",36269284,36289449,20165
"ENSG00000110446","SLC15A3",60937084,60952530,15446
"ENSG00000110448","CD5",61102489,61127852,25363
"ENSG00000110455","ACCS",44065925,44084222,18297
"ENSG00000110497","AMBRA1",46396414,46594125,197711
"ENSG00000110514","MADD",47269161,47330031,60870
"ENSG00000110583","NAA40",63938959,63957319,18360
"ENSG00000110619","CARS",3000922,3057613,56691
"ENSG00000110628","SLC22A18",2899721,2925246,25525
"ENSG00000110660","SLC35F2",107790991,107928293,137302
"ENSG00000110665","C11orf21",2295645,2303049,7404
"ENSG00000110675","ELMOD1",107591091,107666779,75688
"ENSG00000110680","CALCA",14966668,14972354,5686
"ENSG00000110693","SOX6",15966449,16739591,773142
"ENSG00000110696","C11orf58",16613132,16758340,145208
"ENSG00000110697","PITPNM1",67491768,67506263,14495
"ENSG00000110711","AIP",67483026,67491103,8077
"ENSG00000110713","NUP98",3671083,3797792,126709
"ENSG00000110717","NDUFS8",68030617,68036644,6027
"ENSG00000110719","TCIRG1",68039025,68050895,11870
"ENSG00000110721","CHKA",68052859,68121444,68585
"ENSG00000110723","EXPH5",108505435,108593768,88333
"ENSG00000110756","HPS5",18278668,18322198,43530
"ENSG00000110768","GTF2H1",18322295,18367045,44750
"ENSG00000110786","PTPN5",18727928,18792721,64793
"ENSG00000110799","VWF",5948874,6124770,175896
"ENSG00000110801","PSMD9",121888731,121918297,29566
"ENSG00000110811","LEPREL2",6828407,6839847,11440
"ENSG00000110841","PPFIBP1",27523431,27695564,172133
"ENSG00000110844","PRPF40B",49568218,49644666,76448
"ENSG00000110848","CD69",9752486,9760901,8415
"ENSG00000110851","PRDM4",107732871,107761272,28401
"ENSG00000110871","COQ5",120503279,120534434,31155
"ENSG00000110876","SELPLG",108622277,108633959,11682
"ENSG00000110880","CORO1C",108645109,108731596,86487
"ENSG00000110881","ASIC1",50057548,50083611,26063
"ENSG00000110887","DAO",108858932,108901043,42111
"ENSG00000110888","CAPRIN2",30709552,30754951,45399
"ENSG00000110900","TSPAN11",30926428,30996602,70174
"ENSG00000110906","KCTD10",109448655,109477359,28704
"ENSG00000110911","SLC11A2",50979401,51028566,49165
"ENSG00000110917","MLEC",120687149,120701859,14710
"ENSG00000110921","MVK",109573255,109598125,24870
"ENSG00000110925","CSRNP2",51061205,51083664,22459
"ENSG00000110931","CAMKK2",121237675,121298308,60633
"ENSG00000110934","BIN2",51281038,51324668,43630
"ENSG00000110944","IL23A",56334174,56340410,6236
"ENSG00000110955","ATP5B",56638175,56645984,7809
"ENSG00000110958","PTGES3",56663341,56688408,25067
"ENSG00000110975","SYT10",33374238,33439819,65581
"ENSG00000111011","RSRC2",122503454,122527000,23546
"ENSG00000111012","CYP27B1",57762334,57768986,6652
"ENSG00000111046","MYF6",80707634,80709474,1840
"ENSG00000111049","MYF5",80716912,80719671,2759
"ENSG00000111052","LIN7A",80792520,80937925,145405
"ENSG00000111057","KRT18",52948871,52952906,4035
"ENSG00000111058","ACSS3",80936414,81261210,324796
"ENSG00000111077","TENC1",53046969,53064372,17403
"ENSG00000111087","GLI1",57459785,57472268,12483
"ENSG00000111110","PPM1H",62643994,62935150,291156
"ENSG00000111142","METAP2",95473520,95515839,42319
"ENSG00000111144","LTA4H",96000753,96043520,42767
"ENSG00000111145","ELK3",96194375,96269824,75449
"ENSG00000111181","SLC6A12",190077,214570,24493
"ENSG00000111186","WNT5B",1529891,1647212,117321
"ENSG00000111196","MAGOHB",10604193,10613609,9416
"ENSG00000111199","TRPV4",109783085,109833401,50316
"ENSG00000111203","ITFG2",2812622,2859791,47169
"ENSG00000111206","FOXM1",2857681,2877155,19474
"ENSG00000111215","PRR4",10845849,10849475,3626
"ENSG00000111218","PRMT8",3381349,3593973,212624
"ENSG00000111224","PARP11",3791047,3873448,82401
"ENSG00000111231","GPN3",110452486,110469268,16782
"ENSG00000111241","FGF6",4428155,4445614,17459
"ENSG00000111247","RAD51AP1",4538798,4560048,21250
"ENSG00000111249","CUX2",111034165,111350554,316389
"ENSG00000111252","SH2B3",111405948,111451623,45675
"ENSG00000111254","AKAP3",4615508,4649051,33543
"ENSG00000111261","MANSC1",12326056,12350242,24186
"ENSG00000111262","KCNA1",4909905,4918256,8351
"ENSG00000111266","DUSP16",12474210,12562383,88173
"ENSG00000111269","CREBL2",12611827,12645108,33281
"ENSG00000111271","ACAD10",111686056,111757107,71051
"ENSG00000111275","ALDH2",111766887,111817532,50645
"ENSG00000111276","CDKN1B",12715058,12722369,7311
"ENSG00000111291","GPRC5D",12940775,12952147,11372
"ENSG00000111300","NAA25",112026689,112108796,82107
"ENSG00000111319","SCNN1A",6346843,6377730,30887
"ENSG00000111321","LTBR",6375045,6391571,16526
"ENSG00000111331","OAS3",112938444,112973251,34807
"ENSG00000111335","OAS2",112978395,113011723,33328
"ENSG00000111344","RASAL1",113098819,113136239,37420
"ENSG00000111348","ARHGDIB",14942031,14961728,19697
"ENSG00000111358","GTF2H3",123633739,123662604,28865
"ENSG00000111361","EIF2B1",123620406,123633766,13360
"ENSG00000111364","DDX55",123602077,123620943,18866
"ENSG00000111371","SLC38A1",46183063,46270017,86954
"ENSG00000111404","RERGL",18080869,18320107,239238
"ENSG00000111405","ENDOU",47709734,47725567,15833
"ENSG00000111424","VDR",47841537,47943048,101511
"ENSG00000111432","FZD10",130162459,130165740,3281
"ENSG00000111445","RFC5",118013588,118033130,19542
"ENSG00000111450","STX2",130789600,130839266,49666
"ENSG00000111452","GPR133",130953907,131141469,187562
"ENSG00000111490","TBC1D30",64780516,64881032,100516
"ENSG00000111530","CAND1",67269358,67319953,50595
"ENSG00000111537","IFNG",68154768,68159740,4972
"ENSG00000111554","MDM1",68272443,68332381,59938
"ENSG00000111581","NUP107",68686951,68745809,58858
"ENSG00000111596","CNOT2",70242994,70354993,111999
"ENSG00000111602","TIMELESS",56416363,56449426,33063
"ENSG00000111605","CPSF6",69239569,69274358,34789
"ENSG00000111615","KRR1",75490863,75511636,20773
"ENSG00000111639","MRPL51",6491886,6493841,1955
"ENSG00000111640","GAPDH",6534512,6538374,3862
"ENSG00000111641","NOP2",6556863,6568691,11828
"ENSG00000111642","CHD4",6570082,6614524,44442
"ENSG00000111644","ACRBP",6638075,6647433,9358
"ENSG00000111647","UHRF1BP1L",100028455,100142874,114419
"ENSG00000111652","COPS7A",6724014,6731875,7861
"ENSG00000111653","ING4",6650301,6663142,12841
"ENSG00000111664","GNB3",6839954,6847393,7439
"ENSG00000111665","CDCA3",6844793,6852066,7273
"ENSG00000111666","CHPT1",101696947,101744140,47193
"ENSG00000111667","USP5",6852128,6866632,14504
"ENSG00000111669","TPI1",6867119,6870948,3829
"ENSG00000111670","GNPTAB",101745499,101830959,85460
"ENSG00000111671","SPSB2",6870935,6889358,18423
"ENSG00000111674","ENO2",6913745,6923698,9953
"ENSG00000111676","ATN1",6924463,6942321,17858
"ENSG00000111678","C12orf57",6942978,6946003,3025
"ENSG00000111679","PTPN6",6946468,6961316,14848
"ENSG00000111684","LPCAT3",6976185,7018477,42292
"ENSG00000111696","NT5DC3",103770453,103841234,70781
"ENSG00000111700","SLCO1B3",20810702,20916911,106209
"ENSG00000111701","APOBEC1",7649400,7665908,16508
"ENSG00000111707","SUDS3",118376555,118418033,41478
"ENSG00000111711","GOLT1B",21501781,21518408,16627
"ENSG00000111713","GYS2",21536189,21604847,68658
"ENSG00000111725","PRKAB1",119667864,119681624,13760
"ENSG00000111726","CMAS",22046218,22065674,19456
"ENSG00000111727","HCFC2",104064531,104106524,41993
"ENSG00000111728","ST8SIA1",22063773,22437041,373268
"ENSG00000111729","CLEC4A",8123632,8138607,14975
"ENSG00000111731","KIAA0528",22448583,22544546,95963
"ENSG00000111737","RAB35",120095099,120117502,22403
"ENSG00000111752","PHC1",8913896,8941467,27571
"ENSG00000111775","COX6A1",120438090,120440737,2647
"ENSG00000111780","GATC",120438198,120460006,21808
"ENSG00000111783","RFX4",106582907,106762803,179896
"ENSG00000111785","RIC8B",106774621,106889316,114695
"ENSG00000111786","SRSF9",120461672,120469748,8076
"ENSG00000111790","FGFR1OP2",26938470,26966650,28180
"ENSG00000111796","KLRB1",9594551,9607886,13335
"ENSG00000111799","COL12A1",75084326,75206053,121727
"ENSG00000111801","BTN3A3",26440472,26453415,12943
"ENSG00000111802","TDP2",24649979,24666930,16951
"ENSG00000111816","FRK",115931149,116060891,129742
"ENSG00000111817","DSE",116254173,116444860,190687
"ENSG00000111834","RSPH4A",116616479,116632985,16506
"ENSG00000111837","MAK",10762723,10838555,75832
"ENSG00000111845","PAK1IP1",10694972,10709782,14810
"ENSG00000111846","GCNT2",10492223,10629368,137145
"ENSG00000111859","NEDD9",11183298,11382348,199050
"ENSG00000111860","CEP85L",118460772,118710075,249303
"ENSG00000111863","ADTRP",11712054,11807046,94992
"ENSG00000111875","ASF1A",118894152,118909171,15019
"ENSG00000111877","MCM9",118813442,118935162,121720
"ENSG00000111879","FAM184A",118959763,119149387,189624
"ENSG00000111880","RNGTT",88609897,88963618,353721
"ENSG00000111885","MAN1A1",119177205,119349761,172556
"ENSG00000111897","SERINC1",122443351,122471807,28456
"ENSG00000111906","HDDC2",125219962,125302078,82116
"ENSG00000111907","TPD52L1",125119049,125264407,145358
"ENSG00000111912","NCOA7",125781161,125932034,150873
"ENSG00000111913","FAM65B",24804282,25042170,237888
"ENSG00000111961","SASH1",148272304,148552048,279744
"ENSG00000111962","UST",148747030,149076990,329960
"ENSG00000111981","ULBP1",149963943,149973715,9772
"ENSG00000112029","FBXO5",152970519,152983579,13060
"ENSG00000112031","MTRF1L",152987362,153002709,15347
"ENSG00000112033","PPARD",35342558,35428191,85633
"ENSG00000112038","OPRM1",154010496,154246867,236371
"ENSG00000112039","FANCE",35452356,35467103,14747
"ENSG00000112041","TULP1",35497874,35512896,15022
"ENSG00000112053","SLC26A8",35943514,36024868,81354
"ENSG00000112062","MAPK14",36027677,36111236,83559
"ENSG00000112077","RHAG",49605158,49636884,31726
"ENSG00000112078","KCTD20",36442767,36491143,48376
"ENSG00000112079","STK38",36493892,36547479,53587
"ENSG00000112096","SOD2",159669069,159745186,76117
"ENSG00000112110","MRPL18",159789812,159798436,8624
"ENSG00000112115","IL17A",52186375,52190638,4263
"ENSG00000112116","IL17F",52236681,52244537,7856
"ENSG00000112118","MCM3",52264009,52284881,20872
"ENSG00000112130","RNF8",37353979,37394734,40755
"ENSG00000112137","PHACTR1",12716805,13290484,573679
"ENSG00000112139","MDGA1",37630679,37699306,68627
"ENSG00000112144","ICK",53001279,53061802,60523
"ENSG00000112146","FBXO9",53051991,53100873,48882
"ENSG00000112149","CD83",14117256,14136918,19662
"ENSG00000112159","MDN1",89642498,89819794,177296
"ENSG00000112164","GLP1R",39048781,39091303,42522
"ENSG00000112175","BMP5",55753653,55875590,121937
"ENSG00000112182","BACH2",89926528,90296908,370380
"ENSG00000112183","RBM24",17281361,17293871,12510
"ENSG00000112186","CAP2",17393505,17557790,164285
"ENSG00000112195","TREML2",41189749,41201149,11400
"ENSG00000112200","ZNF451",57086844,57170305,83461
"ENSG00000112208","BAG2",57172326,57189833,17507
"ENSG00000112210","RAB23",57186992,57222307,35315
"ENSG00000112212","TSPO2",41042467,41044337,1870
"ENSG00000112214","FHL5",96562548,96616636,54088
"ENSG00000112218","GPR63",96794125,96837477,43352
"ENSG00000112232","KHDRBS2",61679961,62286225,606264
"ENSG00000112234","FBXL4",98868535,98948006,79471
"ENSG00000112237","CCNC",99542387,99568825,26438
"ENSG00000112238","PRDM13",99606730,99615578,8848
"ENSG00000112242","E2F3",20401879,20493714,91835
"ENSG00000112246","SIM1",100385015,100464929,79914
"ENSG00000112249","ASCC3",100508194,100881372,373178
"ENSG00000112276","BVES",105096822,105137157,40335
"ENSG00000112280","COL9A1",70215061,70303083,88022
"ENSG00000112282","MED23",131573966,131628242,54276
"ENSG00000112290","WASF1",110099819,110180004,80185
"ENSG00000112293","GPLD1",24424565,24495205,70640
"ENSG00000112294","ALDH5A1",24494852,24537207,42355
"ENSG00000112297","AIM1",106360808,106571978,211170
"ENSG00000112299","VNN1",132680849,132714055,33206
"ENSG00000112303","VNN2",132743870,132763459,19589
"ENSG00000112305","SMAP1",70667776,70862015,194239
"ENSG00000112306","RPS12",132814569,132817564,2995
"ENSG00000112308","C6orf62",24704861,24719998,15137
"ENSG00000112309","B3GAT2",70856679,70957038,100359
"ENSG00000112312","GMNN",24774931,24786099,11168
"ENSG00000112319","EYA4",133240598,133532128,291530
"ENSG00000112320","SOBP",107490106,107661306,171200
"ENSG00000112333","NR2E1",108166058,108188809,22751
"ENSG00000112335","SNX3",108211222,108261246,50024
"ENSG00000112337","SLC17A2",25912754,25930726,17972
"ENSG00000112339","HBS1L",134960378,135103056,142678
"ENSG00000112343","TRIM38",25962802,25991231,28429
"ENSG00000112357","PEX7",136822564,136913934,91370
"ENSG00000112365","ZBTB24",109462594,109483237,20643
"ENSG00000112367","FIG4",109691312,109825428,134116
"ENSG00000112378","PERP",138088505,138107419,18914
"ENSG00000112379","KIAA1244",138161939,138344663,182724
"ENSG00000112394","SLC16A10",111087503,111231194,143691
"ENSG00000112406","HECA",139135080,139180802,45722
"ENSG00000112414","GPR126",142301854,142446266,144412
"ENSG00000112419","PHACTR2",143536845,143831185,294340
"ENSG00000112425","EPM2A",145382535,145736023,353488
"ENSG00000112462","OR12D3",29373423,29375291,1868
"ENSG00000112473","SLC39A7",33200445,33204439,3994
"ENSG00000112486","CCR6",167111807,167139696,27889
"ENSG00000112494","UNC93A",167271169,167316014,44845
"ENSG00000112499","SLC22A2",160171061,160277638,106577
"ENSG00000112511","PHF1",33410399,33416453,6054
"ENSG00000112514","CUTA",33416442,33418317,1875
"ENSG00000112530","PACRG",162727132,163315492,588360
"ENSG00000112531","QKI",163414000,163578592,164592
"ENSG00000112539","C6orf118",165279664,165309605,29941
"ENSG00000112541","PDE10A",165327287,165988078,660791
"ENSG00000112561","TFEB",41683978,41736259,52281
"ENSG00000112562","SMOC2",168441151,168673445,232294
"ENSG00000112576","CCND3",41934933,42050357,115424
"ENSG00000112578","BYSL",41921499,41933046,11547
"ENSG00000112584","FAM120B",170290703,170407065,116362
"ENSG00000112592","TBP",170554302,170572870,18568
"ENSG00000112599","GUCA1B",42183284,42194956,11672
"ENSG00000112624","KIAA0240",42746958,42868560,121602
"ENSG00000112640","PPP2R5D",42984553,43012342,27789
"ENSG00000112651","MRPL2",43054029,43059438,5409
"ENSG00000112655","PTK7",43076307,43161719,85412
"ENSG00000112658","SRF",43171269,43181506,10237
"ENSG00000112659","CUL9",43182184,43224587,42403
"ENSG00000112679","DUSP22",291630,351355,59725
"ENSG00000112685","EXOC2",485154,693139,207985
"ENSG00000112695","COX7A2",75237675,75250323,12648
"ENSG00000112697","TMEM30A",75252924,75284948,32024
"ENSG00000112699","GMDS",1623806,2245605,621799
"ENSG00000112701","SENP6",75601509,75718281,116772
"ENSG00000112706","IMPG1",75921114,76072678,151564
"ENSG00000112715","VEGFA",43770184,43786487,16303
"ENSG00000112739","PRPF4B",4021267,4064983,43716
"ENSG00000112742","TTK",80003887,80042527,38640
"ENSG00000112759","SLC29A1",44219505,44234151,14646
"ENSG00000112761","WISP3",112054072,112070969,16897
"ENSG00000112763","BTN2A1",26457904,26476621,18717
"ENSG00000112769","LAMA4",112108757,112254939,146182
"ENSG00000112773","FAM46A",81491439,81752774,261335
"ENSG00000112782","CLIC5",45880827,46080348,199521
"ENSG00000112787","FBRSL1",132489551,132585188,95637
"ENSG00000112796","ENPP5",46159185,46170980,11795
"ENSG00000112799","LY86",6588108,6654983,66875
"ENSG00000112812","PRSS16",27247701,27256624,8923
"ENSG00000112818","MEP1A",46793389,46839782,46393
"ENSG00000112837","TBX18",84687351,84764598,77247
"ENSG00000112851","ERBB2IP",65926475,66082549,156074
"ENSG00000112852","PCDHB2",141094578,141098703,4125
"ENSG00000112874","NUDT12",103548855,103562790,13935
"ENSG00000112877","CEP72",612340,667168,54828
"ENSG00000112893","MAN2A1",109689366,109869625,180259
"ENSG00000112902","SEMA5A",9035033,9546075,511042
"ENSG00000112936","C7",40909252,40982939,73687
"ENSG00000112941","PAPD7",6713432,6757044,43612
"ENSG00000112964","GHR",42423439,42721878,298439
"ENSG00000112972","HMGCS1",43287470,43313512,26042
"ENSG00000112977","DAP",10679230,10761272,82042
"ENSG00000112983","BRD8",138139766,138178986,39220
"ENSG00000112984","KIF20A",138178719,138187723,9004
"ENSG00000112992","NNT",43602692,43707405,104713
"ENSG00000112996","MRPS30",44808947,44820428,11481
"ENSG00000113013","HSPA9",138553756,138575416,21660
"ENSG00000113048","MRPS27",72219409,72320646,101237
"ENSG00000113068","PFDN1",140245039,140303121,58082
"ENSG00000113070","HBEGF",140332843,140346603,13760
"ENSG00000113073","SLC4A9",140360194,140375141,14947
"ENSG00000113083","LOX",122063195,122078360,15165
"ENSG00000113088","GZMK",55024253,55034570,10317
"ENSG00000113100","CDH9",26880597,27121150,240553
"ENSG00000113108","APBB3",140558268,140564781,6513
"ENSG00000113119","TMCO6",140639427,140645408,5981
"ENSG00000113140","SPARC",151661096,151686975,25879
"ENSG00000113141","IK",140647058,140662480,15422
"ENSG00000113161","HMGCR",75336329,75362101,25772
"ENSG00000113163","COL4A3BP",75356345,75512138,155793
"ENSG00000113194","FAF2",176447628,176510074,62446
"ENSG00000113196","HAND1",154474972,154478227,3255
"ENSG00000113205","PCDHB3",141100473,141103827,3354
"ENSG00000113209","PCDHB5",141135218,141138625,3407
"ENSG00000113211","PCDHB6",141150022,141153287,3265
"ENSG00000113212","PCDHB7",141172619,141176383,3764
"ENSG00000113231","PDE8B",77210449,77429807,219358
"ENSG00000113240","CLK4",178602664,178630615,27951
"ENSG00000113248","PCDHB15",141245395,141249365,3970
"ENSG00000113249","HAVCR1",157029413,157059119,29706
"ENSG00000113262","GRM6",178977587,178996206,18619
"ENSG00000113263","ITK",157142933,157255191,112258
"ENSG00000113269","RNF130",179911651,180072113,160462
"ENSG00000113272","THG1L",157731420,157741449,10029
"ENSG00000113273","ARSB",78777209,78986087,208878
"ENSG00000113282","CLINT1",157785743,157859175,73432
"ENSG00000113296","THBS4",79991311,80083287,91976
"ENSG00000113300","CNOT6",180494379,180578405,84026
"ENSG00000113302","IL12B",159314783,159330887,16104
"ENSG00000113303","BTNL8",180899077,180950906,51829
"ENSG00000113318","MSH3",80654652,80876815,222163
"ENSG00000113319","RASGRF2",80960363,81230162,269799
"ENSG00000113327","GABRG2",162000057,162162977,162920
"ENSG00000113360","DROSHA",31400497,31532196,131699
"ENSG00000113361","CDH6",31193686,31329146,135460
"ENSG00000113368","LMNB1",126776623,126837020,60397
"ENSG00000113369","ARRDC3",91368631,91383317,14686
"ENSG00000113384","GOLPH3",32124716,32174319,49603
"ENSG00000113387","SUB1",32531633,32604079,72446
"ENSG00000113389","NPR3",32689070,32791724,102654
"ENSG00000113391","FAM172A",93617725,94111699,493974
"ENSG00000113396","SLC27A6",128538013,129033642,495629
"ENSG00000113407","TARS",33440696,33469539,28843
"ENSG00000113430","IRX4",1877413,1887236,9823
"ENSG00000113441","LNPEP",96935394,97037513,102119
"ENSG00000113448","PDE4D",58969038,60522120,1553082
"ENSG00000113456","RAD1",34905260,34918989,13729
"ENSG00000113460","BRIX1",34915376,34925996,10620
"ENSG00000113492","AGXT2",34998101,35048135,50034
"ENSG00000113494","PRLR",35048756,35230487,181731
"ENSG00000113504","SLC12A7",1050384,1112063,61679
"ENSG00000113520","IL4",132673986,132682678,8692
"ENSG00000113522","RAD50",132556019,132646349,90330
"ENSG00000113532","ST8SIA4",100806933,100903282,96349
"ENSG00000113555","PCDH12",141943585,141969741,26156
"ENSG00000113558","SKP1",134148935,134177038,28103
"ENSG00000113569","NUP155",37288137,37371106,82969
"ENSG00000113575","PPP2CA",134194332,134226073,31741
"ENSG00000113580","NR3C1",143277931,143435512,157581
"ENSG00000113583","C5orf15",133955510,133968674,13164
"ENSG00000113593","PPWD1",65563236,65587549,24313
"ENSG00000113594","LIFR",38474668,38608354,133686
"ENSG00000113595","TRIM23",65589690,65625975,36285
"ENSG00000113597","C5orf44",65625004,65666233,41229
"ENSG00000113600","C9",39284140,39424868,140728
"ENSG00000113615","SEC24A",134648785,134727909,79124
"ENSG00000113621","TXNDC15",134873803,134901525,27722
"ENSG00000113643","RARS",168486451,168519301,32850
"ENSG00000113645","WWC1",168291651,168472303,180652
"ENSG00000113648","H2AFY",135333900,135399914,66014
"ENSG00000113649","TCERG1",146447311,146511961,64650
"ENSG00000113657","DPYSL3",147390808,147510068,119260
"ENSG00000113658","SMAD5",136132845,136188747,55902
"ENSG00000113712","CSNK1A1",149492982,149551471,58489
"ENSG00000113716","HMGXB3",150000046,150053142,53096
"ENSG00000113719","ERGIC1",172834251,172952683,118432
"ENSG00000113721","PDGFRB",150113839,150155872,42033
"ENSG00000113732","ATP6V0E1",172983771,173035445,51674
"ENSG00000113734","BNIP1",173144442,173164387,19945
"ENSG00000113739","STC2",173314713,173329503,14790
"ENSG00000113742","CPEB4",173888349,173961980,73631
"ENSG00000113749","HRH2",175658030,175710756,52726
"ENSG00000113758","DBN1",177456608,177474401,17793
"ENSG00000113761","ZNF346",177022696,177081189,58493
"ENSG00000113763","UNC5A",176810519,176880898,70379
"ENSG00000113790","EHHADH",185190624,185281990,91366
"ENSG00000113805","CNTN3",74262568,74521140,258572
"ENSG00000113810","SMC4",160399274,160434954,35680
"ENSG00000113811","SELK",53884417,53891962,7545
"ENSG00000113812","ACTR8",53867066,53882152,15086
"ENSG00000113838","TBCCD1",186546067,186570543,24476
"ENSG00000113845","TIMMDC1",119498532,119525090,26558
"ENSG00000113851","CRBN",3144628,3179727,35099
"ENSG00000113889","KNG1",186717348,186744410,27062
"ENSG00000113905","HRG",186660216,186678240,18024
"ENSG00000113916","BCL6",187721377,187745725,24348
"ENSG00000113924","HGD",120628172,120682269,54097
"ENSG00000113946","CLDN16",190322541,190412143,89602
"ENSG00000113966","ARL6",97764521,97801229,36708
"ENSG00000113971","NPHP3",132680609,132722414,41805
"ENSG00000114013","CD86",122055362,122121139,65777
"ENSG00000114019","AMOTL2",134355874,134375479,19605
"ENSG00000114021","NIT2",100334739,100361635,26896
"ENSG00000114023","FAM162A",122384176,122412334,28158
"ENSG00000114026","OGG1",9749944,9788219,38275
"ENSG00000114030","KPNA1",122421902,122514945,93043
"ENSG00000114054","PCCB",136250340,136337896,87556
"ENSG00000114062","UBE3A",25333728,25439051,105323
"ENSG00000114098","ARMC8",138187248,138298389,111141
"ENSG00000114107","CEP70",138494344,138594538,100194
"ENSG00000114115","RBP1",139517434,139539829,22395
"ENSG00000114120","SLC25A36",140941830,140980961,39131
"ENSG00000114124","GRK7",141778148,141818490,40342
"ENSG00000114125","RNF7",141738249,141747560,9311
"ENSG00000114126","TFDP2",141944428,142149544,205116
"ENSG00000114127","XRN1",142306607,142448062,141455
"ENSG00000114166","KAT2B",20040446,20154404,113958
"ENSG00000114200","BCHE",165772904,165837462,64558
"ENSG00000114204","SERPINI2",167441789,167479004,37215
"ENSG00000114209","PDCD10",167683298,167734939,51641
"ENSG00000114248","LRRC31",169839179,169869930,30751
"ENSG00000114251","WNT5A",55465715,55490539,24824
"ENSG00000114268","PFKFB4",48517684,48562015,44331
"ENSG00000114270","COL7A1",48564073,48595267,31194
"ENSG00000114279","FGF12",192139395,192767764,628369
"ENSG00000114302","PRKAR2A",48744597,48847874,103277
"ENSG00000114315","HES1",194136148,194138732,2584
"ENSG00000114316","USP4",49277831,49340712,62881
"ENSG00000114331","ACAP2",195274745,195443044,168299
"ENSG00000114346","ECT2",172750682,172821474,70792
"ENSG00000114349","GNAT1",50191612,50196516,4904
"ENSG00000114353","GNAI2",50226292,50259362,33070
"ENSG00000114354","TFG",100709331,100748964,39633
"ENSG00000114383","TUSC2",50320027,50328251,8224
"ENSG00000114388","NPRL2",50347330,50351091,3761
"ENSG00000114391","RPL24",101681091,101686718,5627
"ENSG00000114395","CYB561D2",50350695,50358460,7765
"ENSG00000114405","C3orf14",62318973,62336213,17240
"ENSG00000114416","FXR1",180868141,180982753,114612
"ENSG00000114423","CBLB",105655461,105869552,214091
"ENSG00000114439","BBX",107522936,107811339,288403
"ENSG00000114446","IFT57",108160812,108222435,61623
"ENSG00000114455","HHLA2",108296490,108378285,81795
"ENSG00000114473","IQCG",197889077,197960142,71065
"ENSG00000114480","GBE1",81489703,81761645,271942
"ENSG00000114487","MORC1",108958239,109118142,159903
"ENSG00000114491","UMPS",124730433,124749273,18840
"ENSG00000114503","NCBP2",196935402,196942594,7192
"ENSG00000114520","SNX4",125446650,125520202,73552
"ENSG00000114529","C3orf52",112086335,112131004,44669
"ENSG00000114541","FRMD4B",69168782,69542583,373801
"ENSG00000114544","SLC41A3",126006355,126101561,95206
"ENSG00000114547","ROPN1B",125969160,125983454,14294
"ENSG00000114554","PLXNA1",126988594,127037392,48798
"ENSG00000114573","ATP6V1A",113747033,113812056,65023
"ENSG00000114626","ABTB1",127672935,127680926,7991
"ENSG00000114631","PODXL2",127629185,127672802,43617
"ENSG00000114646","CSPG5",47562238,47580792,18554
"ENSG00000114648","KLHL18",47282917,47346816,63899
"ENSG00000114650","SCAP",47413681,47477126,63445
"ENSG00000114654","CCDC48",129001629,129040742,39113
"ENSG00000114656","KIAA1257",128909866,129002690,92824
"ENSG00000114670","NEK11",131026850,131350465,323615
"ENSG00000114686","MRPL3",131462212,131502983,40771
"ENSG00000114698","PLSCR4",146192335,146251179,58844
"ENSG00000114735","HEMK1",50569152,50596168,27016
"ENSG00000114737","CISH",50606490,50611831,5341
"ENSG00000114738","MAPKAPK3",50611520,50649291,37771
"ENSG00000114739","ACVR2B",38453890,38493142,39252
"ENSG00000114742","WDR48",39052013,39096671,44658
"ENSG00000114744","COMMD2",149738472,149752495,14023
"ENSG00000114745","GORASP1",39096659,39108363,11704
"ENSG00000114757","PEX5L",179794958,180037053,242095
"ENSG00000114767","RRP9",51933429,51941904,8475
"ENSG00000114770","ABCC5",183919934,184017939,98005
"ENSG00000114771","AADAC",151814073,151828488,14415
"ENSG00000114790","ARHGEF26",154121003,154257827,136824
"ENSG00000114796","KLHL24",183635610,183684519,48909
"ENSG00000114805","PLCH1",155375580,155745067,369487
"ENSG00000114812","VIPR1",42489299,42537573,48274
"ENSG00000114841","DNAH1",52316319,52400491,84172
"ENSG00000114850","SSR3",156540140,156555184,15044
"ENSG00000114853","ZBTB47",42653697,42667580,13883
"ENSG00000114857","NKTR",42600655,42648735,48080
"ENSG00000114859","CLCN2",184346185,184361650,15465
"ENSG00000114861","FOXP1",70952817,71583993,631176
"ENSG00000114867","EIF4G1",184314495,184335358,20863
"ENSG00000114904","NEK4",52708444,52770946,62502
"ENSG00000114923","SLC4A3",219627394,219641980,14586
"ENSG00000114933","INO80D",205993721,206086303,92582
"ENSG00000114942","EEF1B2",206159585,206162928,3343
"ENSG00000114948","ADAM23",206443532,206621127,177595
"ENSG00000114956","DGUOK",73926826,73958961,32135
"ENSG00000114978","MOB1A",74152528,74178898,26370
"ENSG00000114982","KANSL3",96593170,96642787,49617
"ENSG00000114988","LMAN2L",96705929,96740064,34135
"ENSG00000114993","RTKN",74425836,74442422,16586
"ENSG00000114999","TTL",112482156,112541739,59583
"ENSG00000115008","IL1A",112773915,112784590,10675
"ENSG00000115009","CCL20",227805739,227817564,11825
"ENSG00000115020","PIKFYVE",208266255,208358746,92491
"ENSG00000115041","KCNIP3",95297327,95386077,88750
"ENSG00000115042","FAHD2A",95402708,95416616,13908
"ENSG00000115053","NCL",231453531,231483641,30110
"ENSG00000115073","ACTR1B",97655963,97664107,8144
"ENSG00000115084","SLC35F5",113705011,113756693,51682
"ENSG00000115085","ZAP70",97713560,97739862,26302
"ENSG00000115091","ACTR3",113889960,113962596,72636
"ENSG00000115107","STEAP3",119223831,119265652,41821
"ENSG00000115109","EPB41L5",120013077,120179119,166042
"ENSG00000115112","TFCP2L1",121216587,121285202,68615
"ENSG00000115128","SF3B14",24067586,24076373,8787
"ENSG00000115129","TP53I3",24077433,24085861,8428
"ENSG00000115137","DNAJC27",24943636,24972094,28458
"ENSG00000115138","POMC",25160853,25168903,8050
"ENSG00000115145","STAM2",152116801,152175763,58962
"ENSG00000115155","OTOF",26457203,26558698,101495
"ENSG00000115159","GPD2",156435290,156613735,178445
"ENSG00000115163","CENPA",26764289,26801067,36778
"ENSG00000115165","CYTIP",157414619,157488961,74342
"ENSG00000115170","ACVR1",157736444,157875862,139418
"ENSG00000115183","TANC1",158968640,159232659,264019
"ENSG00000115194","SLC30A3",27253684,27275817,22133
"ENSG00000115207","GTF3C2",27325849,27357034,31185
"ENSG00000115211","EIF2B4",27364352,27370486,6134
"ENSG00000115216","NRBP1",27427790,27442259,14469
"ENSG00000115221","ITGB6",160099667,160200313,100646
"ENSG00000115226","FNDC4",27491883,27495200,3317
"ENSG00000115232","ITGA4",181457202,181538940,81738
"ENSG00000115233","PSMD14",161308425,161411717,103292
"ENSG00000115234","SNX17",27370496,27377535,7039
"ENSG00000115239","ASB3",53532672,53860160,327488
"ENSG00000115241","PPM1G",27381195,27409591,28396
"ENSG00000115252","PDE1A",182140036,182523192,383156
"ENSG00000115255","REEP6",1491166,1497927,6761
"ENSG00000115257","PCSK4",1481428,1490752,9324
"ENSG00000115266","APC2",1446302,1473244,26942
"ENSG00000115267","IFIH1",162267074,162318684,51610
"ENSG00000115274","INO80B",74455087,74457944,2857
"ENSG00000115275","MOGS",74461057,74465410,4353
"ENSG00000115282","TTC31",74483073,74494886,11813
"ENSG00000115286","NDUFS7",1383527,1395589,12062
"ENSG00000115289","PCGF1",74505043,74507695,2652
"ENSG00000115290","GRB14",164492812,164621848,129036
"ENSG00000115295","CLIP4",29097705,29189643,91938
"ENSG00000115297","TLX2",74513463,74517148,3685
"ENSG00000115306","SPTBN1",54456317,54671446,215129
"ENSG00000115307","AUP1",74526645,74529760,3115
"ENSG00000115310","RTN4",54972187,55112621,140434
"ENSG00000115317","HTRA2",74529377,74533348,3971
"ENSG00000115318","LOXL3",74532258,74555690,23432
"ENSG00000115325","DOK1",74549026,74557554,8528
"ENSG00000115339","GALNT3",165747591,165794682,47091
"ENSG00000115350","POLE4",74958492,74970128,11636
"ENSG00000115353","TACR1",75046463,75199520,153057
"ENSG00000115355","CCDC88A",55287842,55419895,132053
"ENSG00000115361","ACADL",210187126,210225447,38321
"ENSG00000115363","FAM176A",75469302,75569722,100420
"ENSG00000115365","LANCL1",210431249,210477652,46403
"ENSG00000115368","WDR75",189441446,189475552,34106
"ENSG00000115380","EFEMP1",55865967,55924139,58172
"ENSG00000115386","REG1A",79120362,79123409,3047
"ENSG00000115392","FANCL",58159243,58241372,82129
"ENSG00000115414","FN1",215360440,215436073,75633
"ENSG00000115415","STAT1",190964358,191020960,56602
"ENSG00000115419","GLS",190880827,190965552,84725
"ENSG00000115421","PAPOLG",60756253,60802086,45833
"ENSG00000115423","DNAH6",84516455,84819589,303134
"ENSG00000115446","UNC50",98608579,98618515,9936
"ENSG00000115457","IGFBP2",216632828,216664436,31608
"ENSG00000115459","ELMOD3",85354394,85391752,37358
"ENSG00000115461","IGFBP5",216672105,216695549,23444
"ENSG00000115464","USP34",61187463,61470769,283306
"ENSG00000115468","EFHD1",232606057,232682780,76723
"ENSG00000115474","KCNJ13",232766464,232776568,10104
"ENSG00000115484","CCT4",61868085,61888671,20586
"ENSG00000115486","GGCX",85544720,85561547,16827
"ENSG00000115488","NEU2",233032672,233035057,2385
"ENSG00000115504","EHBP1",62673851,63046487,372636
"ENSG00000115520","COQ10B",197453423,197475308,21885
"ENSG00000115523","GNLY",85685175,85698854,13679
"ENSG00000115524","SF3B1",197388515,197435091,46576
"ENSG00000115525","ST3GAL5",85837120,85905199,68079
"ENSG00000115526","CHST10",100391860,100417668,25808
"ENSG00000115539","PDCL3",100562993,100576739,13746
"ENSG00000115540","MOB4",197515571,197553699,38128
"ENSG00000115548","KDM3A",86440647,86492716,52069
"ENSG00000115556","PLCD4",218607855,218637184,29329
"ENSG00000115561","CHMP3",86503430,86563479,60049
"ENSG00000115568","ZNF142",218637916,218659655,21739
"ENSG00000115590","IL1R2",101991960,102028544,36584
"ENSG00000115592","PRKAG3",218822383,218832086,9703
"ENSG00000115593","SMYD1",88067825,88113384,45559
"ENSG00000115594","IL1R1",102064544,102179874,115330
"ENSG00000115596","WNT6",218859805,218874233,14428
"ENSG00000115598","IL1RL2",102187006,102240002,52996
"ENSG00000115602","IL1RL1",102311502,102352037,40535
"ENSG00000115604","IL18R1",102311529,102398775,87246
"ENSG00000115607","IL18RAP",102418689,102452565,33876
"ENSG00000115616","SLC9A2",102619707,102711318,91611
"ENSG00000115641","FHL2",105357712,105438513,80801
"ENSG00000115648","MLPH",237485428,237555322,69894
"ENSG00000115649","CNPPD1",219171897,219178106,6209
"ENSG00000115652","UXS1",106093303,106194339,101036
"ENSG00000115657","ABCB6",219209772,219218994,9222
"ENSG00000115661","STK16",219245455,219250337,4882
"ENSG00000115665","SLC5A7",107986523,108013994,27471
"ENSG00000115677","HDLBP",241227264,241317061,89797
"ENSG00000115685","PPP1R7",241149576,241183652,34076
"ENSG00000115687","PASK",241106099,241150264,44165
"ENSG00000115694","STK25",241492670,241509730,17060
"ENSG00000115705","TPO",1374066,1543711,169645
"ENSG00000115718","PROC",127418427,127429246,10819
"ENSG00000115738","ID2",8678845,8684461,5616
"ENSG00000115750","TAF1B",9843443,9934416,90973
"ENSG00000115756","HPCAL1",10302889,10427617,124728
"ENSG00000115758","ODC1",10439968,10448327,8359
"ENSG00000115760","BIRC6",32357028,32618899,261871
"ENSG00000115761","NOL10",10570754,10689987,119233
"ENSG00000115762","PLEKHB2",131104847,131353709,248862
"ENSG00000115806","GORASP2",170928464,170967130,38666
"ENSG00000115808","STRN",36837698,36966536,128838
"ENSG00000115825","PRKD3",37250502,37324808,74306
"ENSG00000115827","DCAF17",171434217,171485052,50835
"ENSG00000115828","QPCT",37342827,37373322,30495
"ENSG00000115839","RAB3GAP1",135052265,135176394,124129
"ENSG00000115840","SLC25A12",171783405,171999859,216454
"ENSG00000115841","FAM82A1",37923187,38067142,143955
"ENSG00000115844","DLX2",172099438,172102900,3462
"ENSG00000115850","LCT",135787850,135837184,49334
"ENSG00000115866","DARS",135905881,135986100,80219
"ENSG00000115875","SRSF7",38743599,38751494,7895
"ENSG00000115884","SDC1",20200797,20225433,24636
"ENSG00000115896","PLCL1",197804593,198572581,767988
"ENSG00000115902","SLC1A4",64988477,65023865,35388
"ENSG00000115904","SOS1",38981396,39124345,142949
"ENSG00000115919","KYNU",142877657,143055833,178176
"ENSG00000115935","WIPF1",174559572,174682916,123344
"ENSG00000115942","ORC2",200908977,200963680,54703
"ENSG00000115944","COX7A2L",42333546,42425088,91542
"ENSG00000115946","PNO1",68157888,68176238,18350
"ENSG00000115947","ORC4",147930397,148021604,91207
"ENSG00000115956","PLEK",68365282,68397453,32171
"ENSG00000115963","RND3",150468195,150539011,70816
"ENSG00000115966","ATF2",175072250,175168382,96132
"ENSG00000115970","THADA",43230836,43596046,365210
"ENSG00000115977","AAK1",69457997,69674349,216352
"ENSG00000115993","TRAK2",201377207,201451500,74293
"ENSG00000115998","C2orf42",70149880,70248615,98735
"ENSG00000116001","TIA1",70209444,70248660,39216
"ENSG00000116005","PCYOX1",70257386,70281185,23799
"ENSG00000116014","KISS1R",917287,921005,3718
"ENSG00000116016","EPAS1",46293667,46386697,93030
"ENSG00000116017","ARID3A",925781,975939,50158
"ENSG00000116030","SUMO1",202206180,202238608,32428
"ENSG00000116031","CD207",70830211,70835816,5605
"ENSG00000116032","GRIN3B",1000419,1009732,9313
"ENSG00000116035","VAX2",70900576,70965373,64797
"ENSG00000116039","ATP6V1B1",70935900,70965431,29531
"ENSG00000116044","NFE2L2",177227595,177392697,165102
"ENSG00000116062","MSH6",47695530,47810101,114571
"ENSG00000116095","PLEKHA3",178480457,178516463,36006
"ENSG00000116096","SPR",72887382,72892158,4776
"ENSG00000116106","EPHA4",221418027,221574202,156175
"ENSG00000116117","PARD3B",204545475,205620162,1074687
"ENSG00000116120","FARSB",222566899,222656337,89438
"ENSG00000116127","ALMS1",73385758,73625166,239408
"ENSG00000116128","BCL9",147541501,147626216,84715
"ENSG00000116132","PRRX1",170662728,170739421,76693
"ENSG00000116133","DHCR24",54849627,54887195,37568
"ENSG00000116138","DNAJC16",15526813,15592379,65566
"ENSG00000116141","MARK1",220528183,220664461,136278
"ENSG00000116147","TNR",175315194,175743616,428422
"ENSG00000116151","MORN1",2321253,2391707,70454
"ENSG00000116161","CACYBP",174999163,175011715,12552
"ENSG00000116171","SCP2",52927276,53051698,124422
"ENSG00000116183","PAPPA2",176463171,176845601,382430
"ENSG00000116191","RALGPS2",178725147,178921841,196694
"ENSG00000116194","ANGPTL1",178849535,178871077,21542
"ENSG00000116198","CEP104",3812086,3857214,45128
"ENSG00000116199","FAM20B",179025804,179076567,50763
"ENSG00000116205","TCEANC2",54053584,54112519,58935
"ENSG00000116209","TMEM59",54026681,54053504,26823
"ENSG00000116212","LRRC42",53946085,53968168,22083
"ENSG00000116213","WRAP73",3630767,3652761,21994
"ENSG00000116218","NPHS2",179550539,179575952,25413
"ENSG00000116221","MRPL37",54184041,54225464,41423
"ENSG00000116237","ICMT",6221193,6235972,14779
"ENSG00000116251","RPL22",6185020,6209389,24369
"ENSG00000116254","CHD5",6101787,6180321,78534
"ENSG00000116260","QSOX1",180154869,180204030,49161
"ENSG00000116266","STXBP3",108746674,108809523,62849
"ENSG00000116273","PHF13",6613731,6624030,10299
"ENSG00000116299","KIAA1324",109113679,109206781,93102
"ENSG00000116329","OPRD1",28812142,28871267,59125
"ENSG00000116337","AMPD2",109616104,109632053,15949
"ENSG00000116350","SRSF4",29147743,29181900,34157
"ENSG00000116396","KCNC4",110211343,110283100,71757
"ENSG00000116406","EDEM3",184690237,184754907,64670
"ENSG00000116459","ATP5F1",111448864,111462773,13909
"ENSG00000116473","RAP1A",111542218,111716691,174473
"ENSG00000116478","HDAC1",32292083,32333635,41552
"ENSG00000116489","CAPZA1",112619805,112671616,51811
"ENSG00000116497","S100PBP",32816767,32858875,42108
"ENSG00000116514","RNF19B",32936445,32964685,28240
"ENSG00000116521","SCAMP3",155255979,155262430,6451
"ENSG00000116525","TRIM62",33145399,33182059,36660
"ENSG00000116539","ASH1L",155335268,155562807,227539
"ENSG00000116544","DLGAP3",34865436,34929650,64214
"ENSG00000116560","SFPQ",35176378,35193145,16767
"ENSG00000116580","GON4L",155749662,155859400,109738
"ENSG00000116584","ARHGEF2",155946851,156007070,60219
"ENSG00000116586","LAMTOR2",156054752,156058510,3758
"ENSG00000116604","MEF2D",156463727,156500779,37052
"ENSG00000116641","DOCK7",62454298,62688368,234070
"ENSG00000116649","SRM",11054584,11060020,5436
"ENSG00000116661","FBXO2",11637018,11655785,18767
"ENSG00000116663","FBXO6",11664200,11674354,10154
"ENSG00000116668","SWT1",185157080,185291781,134701
"ENSG00000116670","MAD2L2",11674480,11691650,17170
"ENSG00000116675","DNAJC6",65248219,65415871,167652
"ENSG00000116678","LEPR",65420652,65641559,220907
"ENSG00000116679","IVNS1ABP",185296388,185317273,20885
"ENSG00000116685","KIAA2013",11919591,11926428,6837
"ENSG00000116688","MFN2",11980181,12013514,33333
"ENSG00000116690","PRG4",186296279,186314562,18283
"ENSG00000116691","MIIP",12019466,12032045,12579
"ENSG00000116698","SMG7",183472216,183598246,126030
"ENSG00000116701","NCF2",183555563,183590876,35313
"ENSG00000116703","PDC",186443566,186461122,17556
"ENSG00000116704","SLC35D1",66999350,67054148,54798
"ENSG00000116711","PLA2G4A",186828949,186988981,160032
"ENSG00000116721","PRAMEF1",12791397,12796628,5231
"ENSG00000116726","PRAMEF12",12774841,12777906,3065
"ENSG00000116729","WLS",68098473,68233120,134647
"ENSG00000116731","PRDM2",13700198,13825079,124881
"ENSG00000116741","RGS2",192809039,192812275,3236
"ENSG00000116745","RPE65",68428822,68449954,21132
"ENSG00000116747","TROVE2",193059422,193091777,32355
"ENSG00000116748","AMPD1",114673090,114695618,22528
"ENSG00000116750","UCHL5",193012250,193060080,47830
"ENSG00000116752","BCAS2",114567557,114581629,14072
"ENSG00000116754","SRSF11",70205682,70253052,47370
"ENSG00000116761","CTH",70411218,70439851,28633
"ENSG00000116771","AGMAT",15571699,15585051,13352
"ENSG00000116774","OLFML3",113979391,114035572,56181
"ENSG00000116783","FPGT-TNNI3K",74235387,74544428,309041
"ENSG00000116785","CFHR3",196774795,196795406,20611
"ENSG00000116786","PLEKHM2",15684320,15734769,50449
"ENSG00000116791","CRYZ",74705482,74733408,27926
"ENSG00000116793","PHTF1",113696831,113759489,62658
"ENSG00000116809","ZBTB17",15941869,15976132,34263
"ENSG00000116815","CD58",116514534,116571039,56505
"ENSG00000116819","TFAP2E",35573314,35595328,22014
"ENSG00000116824","CD2",116754430,116769229,14799
"ENSG00000116830","TTF2",117060326,117107453,47127
"ENSG00000116833","NR5A2",200027614,200177420,149806
"ENSG00000116852","KIF21B",200969390,201023700,54310
"ENSG00000116857","TMEM9",201134772,201171574,36802
"ENSG00000116863","ADPRHL2",36088892,36093932,5040
"ENSG00000116871","MAP7D1",36155579,36180849,25270
"ENSG00000116874","WARS2",119031216,119140671,109455
"ENSG00000116882","HAO2",119368779,119394130,25351
"ENSG00000116885","OSCP1",36415827,36450451,34624
"ENSG00000116898","MRPS15",36455718,36464384,8666
"ENSG00000116903","EXOC8",231332753,231337852,5099
"ENSG00000116906","GNPAT",231241207,231277973,36766
"ENSG00000116918","TSNAX",231528541,231566524,37983
"ENSG00000116922","C1orf109",37681570,37692249,10679
"ENSG00000116954","RRAGC",38838198,38859772,21574
"ENSG00000116962","NID1",235975830,236065109,89279
"ENSG00000116977","LGALS8",236518000,236552981,34981
"ENSG00000116981","NT5C1A",39659121,39672038,12917
"ENSG00000116983","HPCAL4",39678648,39691485,12837
"ENSG00000116984","MTR",236795292,236921278,125986
"ENSG00000116985","BMP8B",39757182,39788865,31683
"ENSG00000116990","MYCL1",39895426,39902256,6830
"ENSG00000116991","SIPA1L2",232397965,232561558,163593
"ENSG00000116996","ZP4",237877864,237890922,13058
"ENSG00000117000","RLF",40161387,40240921,79534
"ENSG00000117009","KMO",241532134,241595642,63508
"ENSG00000117010","ZNF684",40531573,40548167,16594
"ENSG00000117013","KCNQ4",40783787,40840452,56665
"ENSG00000117016","RIMS3",40620680,40665682,45002
"ENSG00000117020","AKT3",243488233,243851079,362846
"ENSG00000117036","ETV3",157121191,157138474,17283
"ENSG00000117069","ST6GALNAC5",76867480,77067546,200066
"ENSG00000117090","SLAMF1",160608106,160647295,39189
"ENSG00000117091","CD48",160678746,160711831,33085
"ENSG00000117114","LPHN2",81306160,81992436,686276
"ENSG00000117115","PADI2",17066761,17119451,52690
"ENSG00000117118","SDHB",17018722,17054170,35448
"ENSG00000117122","MFAP2",16974502,16980835,6333
"ENSG00000117133","RPF1",84479259,84498352,19093
"ENSG00000117139","KDM5B",202724495,202809470,84975
"ENSG00000117143","UAP1",162561506,162599842,38336
"ENSG00000117148","ACTL8",17755333,17827063,71730
"ENSG00000117151","CTBS",84549611,84574480,24869
"ENSG00000117152","RGS4",163068775,163076802,8027
"ENSG00000117153","KLHL12",202891116,202928636,37520
"ENSG00000117154","IGSF21",18107798,18378483,270685
"ENSG00000117155","SSX2IP",84643707,84690803,47096
"ENSG00000117174","ZNHIT6",85649417,85708433,59016
"ENSG00000117215","PLA2G2D",20111939,20119566,7627
"ENSG00000117222","RBBP5",205086142,205122015,35873
"ENSG00000117226","GBP3",89006679,89022894,16215
"ENSG00000117228","GBP1",89052319,89065230,12911
"ENSG00000117245","KIF17",20664014,20718017,54003
"ENSG00000117262","GPR89A",145607988,145670650,62662
"ENSG00000117266","CDK18",205504595,205532793,28198
"ENSG00000117280","RAB7L1",205767986,205775482,7496
"ENSG00000117298","ECE1",21217247,21345572,128325
"ENSG00000117305","HMGCL",23801885,23838620,36735
"ENSG00000117308","GALE",23795599,23800781,5182
"ENSG00000117318","ID3",23557926,23559501,1575
"ENSG00000117322","CR2",207454230,207489895,35665
"ENSG00000117335","CD46",207752057,207795513,43456
"ENSG00000117360","PRPF3",150321479,150353233,31754
"ENSG00000117362","APH1A",150265399,150269580,4181
"ENSG00000117385","LEPRE1",42746335,42767084,20749
"ENSG00000117394","SLC2A1",42925375,42959176,33801
"ENSG00000117395","EBNA1BP2",43164175,43270936,106761
"ENSG00000117399","CDC20",43358981,43363203,4222
"ENSG00000117400","MPL",43337849,43352772,14923
"ENSG00000117408","IPO13",43946950,43968022,21072
"ENSG00000117410","ATP6V0B",43974487,43978295,3808
"ENSG00000117419","ERI3",44221070,44355260,134190
"ENSG00000117425","PTCH2",44819844,44843253,23409
"ENSG00000117448","AKR1A1",45550543,45570049,19506
"ENSG00000117450","PRDX1",45511036,45523047,12011
"ENSG00000117461","PIK3R3",46040140,46133036,92896
"ENSG00000117472","TSPAN1",46175073,46185962,10889
"ENSG00000117475","BLZF1",169367970,169396540,28570
"ENSG00000117477","C1orf114",169394870,169460669,65799
"ENSG00000117479","SLC19A2",169463909,169485944,22035
"ENSG00000117480","FAAH",46394317,46413848,19531
"ENSG00000117481","NSUN4",46340177,46365152,24975
"ENSG00000117501","C1orf129",170935471,171064765,129294
"ENSG00000117507","FMO6P",171137740,171161568,23828
"ENSG00000117519","CNN3",94896949,94927223,30274
"ENSG00000117523","PRRC2C",171485551,171593511,107960
"ENSG00000117525","F3",94529173,94541759,12586
"ENSG00000117528","ABCD3",94418389,94518666,100277
"ENSG00000117533","VAMP4",171700160,171742074,41914
"ENSG00000117560","FASLG",172659103,172666876,7773
"ENSG00000117569","PTBP2",96721665,96823738,102073
"ENSG00000117586","TNFSF4",173183731,173207331,23600
"ENSG00000117593","DARS2",173824653,173858808,34155
"ENSG00000117594","HSD11B1",209686178,209734949,48771
"ENSG00000117595","IRF6",209785617,209806175,20558
"ENSG00000117597","DIEXF",209827972,209857565,29593
"ENSG00000117598","LPPR5",98890245,99005032,114787
"ENSG00000117600","LPPR4",99263953,99309590,45637
"ENSG00000117601","SERPINC1",173903804,173917378,13574
"ENSG00000117602","RCAN3",24502351,24541040,38689
"ENSG00000117614","SYF2",25222276,25232502,10226
"ENSG00000117616","C1orf63",25242249,25338213,95964
"ENSG00000117620","SLC35A3",99969351,100035634,66283
"ENSG00000117625","RCOR3",211258377,211316385,58008
"ENSG00000117632","STMN1",25884181,25906991,22810
"ENSG00000117640","FAM54B",25818640,25832942,14302
"ENSG00000117650","NEK2",211658657,211675630,16973
"ENSG00000117676","RPS6KA1",26529761,26575030,45269
"ENSG00000117682","DHDDS",26432282,26471306,39024
"ENSG00000117697","NSL1",212726153,212791782,65629
"ENSG00000117707","PROX1",213983181,214041502,58321
"ENSG00000117713","ARID1A",26693236,26782104,88868
"ENSG00000117724","CENPF",214603195,214664571,61376
"ENSG00000117748","RPA2",27891524,27914746,23222
"ENSG00000117751","PPP1R8",27830782,27851676,20894
"ENSG00000117758","STX12",27773219,27824443,51224
"ENSG00000117791","MARC2",220748225,220784815,36590
"ENSG00000117834","SLC5A9",48222685,48248644,25959
"ENSG00000117859","OSBPL9",51577179,51798427,221248
"ENSG00000117862","TXNDC12",52020131,52056171,36040
"ENSG00000117868","ESYT2",158730995,158830253,99258
"ENSG00000117877","CD3EAP",45406209,45410766,4557
"ENSG00000117899","MESDC2",80946289,80989828,43539
"ENSG00000117906","RCN2",76931738,76954393,22655
"ENSG00000117971","CHRNB4",78624111,78727754,103643
"ENSG00000117983","MUC5B",1223066,1262172,39106
"ENSG00000117984","CTSD",1752755,1764573,11818
"ENSG00000118004","COLEC11",3594832,3644644,49812
"ENSG00000118007","STAG1",136336236,136752403,416167
"ENSG00000118017","A4GNT",138123718,138132387,8669
"ENSG00000118046","STK11",1177558,1228435,50877
"ENSG00000118058","MLL",118436464,118526832,90368
"ENSG00000118094","TREH",118657316,118679690,22374
"ENSG00000118096","IFT46",118544528,118572970,28442
"ENSG00000118113","MMP8",102711796,102727050,15254
"ENSG00000118137","APOA1",116835751,116837950,2199
"ENSG00000118156","ZNF541",47520685,47555856,35171
"ENSG00000118160","SLC8A2",47428017,47471893,43876
"ENSG00000118162","KPTN",47475150,47484265,9115
"ENSG00000118181","RPS25",119015712,119018691,2979
"ENSG00000118193","KIF14",200551497,200620751,69254
"ENSG00000118197","DDX59",200623896,200669907,46011
"ENSG00000118200","CAMSAP2",200739558,200860704,121146
"ENSG00000118217","ATF6",161766320,161964070,197750
"ENSG00000118231","CRYGD",208121607,208124524,2917
"ENSG00000118245","TNP1",216859458,216860064,606
"ENSG00000118246","FASTKD2",206765357,206796189,30832
"ENSG00000118257","NRP2",205681990,205798133,116143
"ENSG00000118260","CREB1",207529737,207605988,76251
"ENSG00000118263","KLF7",207074137,207167267,93130
"ENSG00000118276","B4GALT6",31622247,31685836,63589
"ENSG00000118292","C1orf54",150268200,150280916,12716
"ENSG00000118298","CA14",150257251,150265078,7827
"ENSG00000118307","CASC1",25108289,25195162,86873
"ENSG00000118308","LRMP",25004342,25108334,103992
"ENSG00000118322","ATP10B",160563120,160852214,289094
"ENSG00000118363","SPCS2",74949247,74979033,29786
"ENSG00000118369","USP35",78188812,78215232,26420
"ENSG00000118402","ELOVL4",79914814,79947553,32739
"ENSG00000118407","FILIP1",75291859,75493800,201941
"ENSG00000118412","CASP8AP2",89829894,89874436,44542
"ENSG00000118420","UBE3D",82892390,83065841,173451
"ENSG00000118432","CNR1",88139864,88166359,26495
"ENSG00000118434","SPACA1",88047841,88066838,18997
"ENSG00000118454","ANKRD13C",70258999,70354734,95735
"ENSG00000118473","SGIP1",66533383,66751139,217756
"ENSG00000118482","PHF3",63635820,63779336,143516
"ENSG00000118492","ADGB",146598967,146815462,216495
"ENSG00000118495","PLAGL1",143940300,144064599,124299
"ENSG00000118496","FBXO30",145793502,145814795,21293
"ENSG00000118503","TNFAIP3",137867214,137883312,16098
"ENSG00000118507","AKAP7",131135467,131283535,148068
"ENSG00000118513","MYB",135181308,135219173,37865
"ENSG00000118514","ALDH8A1",134917393,134950115,32722
"ENSG00000118515","SGK1",134169246,134318112,148866
"ENSG00000118518","RNF146",127266610,127288567,21957
"ENSG00000118520","ARG1",131573144,131584332,11188
"ENSG00000118523","CTGF",131948176,131951372,3196
"ENSG00000118526","TCF21",133889138,133895553,6415
"ENSG00000118557","PMFBP1",72112157,72176878,64721
"ENSG00000118564","FBXL5",15604539,15681679,77140
"ENSG00000118596","SLC16A7",59596029,59789855,193826
"ENSG00000118620","ZNF430",21020634,21060050,39416
"ENSG00000118655","DCLRE1B",113905213,113914086,8873
"ENSG00000118680","MYL12B",3261479,3278431,16952
"ENSG00000118689","FOXO3",108559835,108684774,124939
"ENSG00000118690","ARMC2",108848416,108974476,126060
"ENSG00000118702","GHRH",37251082,37261835,10753
"ENSG00000118705","RPN2",37178410,37241619,63209
"ENSG00000118707","TGIF2",36573488,36593950,20462
"ENSG00000118729","CASQ2",115700007,115768781,68774
"ENSG00000118733","OLFM3",101802574,101997030,194456
"ENSG00000118762","PKD2",88007635,88077777,70142
"ENSG00000118777","ABCG2",88090150,88231628,141478
"ENSG00000118785","SPP1",87975650,87983426,7776
"ENSG00000118804","STBD1",76306026,76311599,5573
"ENSG00000118849","RARRES1",158696892,158732489,35597
"ENSG00000118855","MFSD1",158732198,158829719,97521
"ENSG00000118873","RAB3GAP2",220148293,220272453,124160
"ENSG00000118898","PPL",4882507,4960741,78234
"ENSG00000118900","UBN1",4846665,4882360,35695
"ENSG00000118922","KLF12",73686089,73995056,308967
"ENSG00000118939","UCHL3",75549480,75606020,56540
"ENSG00000118946","PCDH17",57631744,57729311,97567
"ENSG00000118960","HS1BP3",20560448,20651130,90682
"ENSG00000118961","C2orf43",20684014,20823130,139116
"ENSG00000118965","WDR35",19910260,19990131,79871
"ENSG00000118971","CCND2",4273762,4305353,31591
"ENSG00000118972","FGF23",4368227,4379728,11501
"ENSG00000118985","ELL2",95885098,95961851,76753
"ENSG00000118997","DNAH7",195737703,196068837,331134
"ENSG00000119004","CYP20A1",203238940,203305611,66671
"ENSG00000119013","NDUFB3",201071433,201085750,14317
"ENSG00000119041","GTF3C3",196763035,196799725,36690
"ENSG00000119042","SATB2",199269500,199471266,201766
"ENSG00000119121","TRPM6",74722495,74888094,165599
"ENSG00000119125","GDA",72114595,72257193,142598
"ENSG00000119139","TJP2",69121264,69274615,153351
"ENSG00000119147","C2orf40",106063246,106078155,14909
"ENSG00000119185","ITGB1BP1",9403475,9423547,20072
"ENSG00000119203","CPSF3",9423651,9473101,49450
"ENSG00000119227","PIGZ",196946356,196969060,22704
"ENSG00000119231","SENP5",196867856,196934714,66858
"ENSG00000119242","CCDC92",123918660,123972831,54171
"ENSG00000119280","C1orf198",230837119,230869589,32470
"ENSG00000119283","TRIM67",231162112,231221556,59444
"ENSG00000119285","HEATR1",236549005,236604516,55511
"ENSG00000119314","PTBP3",112217716,112333667,115951
"ENSG00000119318","RAD23B",107283137,107332192,49055
"ENSG00000119321","FKBP15",113161006,113221318,60312
"ENSG00000119326","CTNNAL1",108942569,109013522,70953
"ENSG00000119333","WDR34",128633661,128656787,23126
"ENSG00000119383","PPP2R4",129110950,129148946,37996
"ENSG00000119392","GLE1",128504700,128542288,37588
"ENSG00000119396","RAB14",121178133,121223014,44881
"ENSG00000119397","CNTRL",121074863,121177610,102747
"ENSG00000119401","TRIM32",116687302,116701300,13998
"ENSG00000119402","FBXW2",120751978,120793416,41438
"ENSG00000119403","PHF19",120855651,120894896,39245
"ENSG00000119408","NEK6",124257606,124353307,95701
"ENSG00000119414","PPP6C",125146573,125189939,43366
"ENSG00000119431","HDHD3",113373419,113376999,3580
"ENSG00000119446","RBM18",122237622,122264840,27218
"ENSG00000119457","SLC46A2",112878920,112890876,11956
"ENSG00000119471","HSDL2",112380080,112472405,92325
"ENSG00000119487","MAPKAP1",125437393,125707234,269841
"ENSG00000119508","NR4A3",99821855,99866891,45036
"ENSG00000119509","INVS",100099243,100302175,202932
"ENSG00000119514","GALNT12",98807670,98850081,42411
"ENSG00000119522","DENND1A",123379654,123930152,550498
"ENSG00000119523","ALG2",99216425,99221942,5517
"ENSG00000119535","CSF3R",36466043,36483278,17235
"ENSG00000119541","VPS4B",63389190,63422483,33293
"ENSG00000119547","ONECUT2",57435374,57491298,55924
"ENSG00000119559","C19orf25",1461143,1479556,18413
"ENSG00000119574","ZBTB45",58513530,58538911,25381
"ENSG00000119596","YLPM1",74763316,74859435,96119
"ENSG00000119599","DCAF4",72926332,72959703,33371
"ENSG00000119608","PROX2",74852871,74871940,19069
"ENSG00000119614","VSX2",74239449,74262738,23289
"ENSG00000119630","PGF",74941834,74955626,13792
"ENSG00000119636","C14orf45",74019349,74082863,63514
"ENSG00000119638","NEK9",75079353,75127344,47991
"ENSG00000119640","ACYP1",75053237,75069483,16246
"ENSG00000119655","NPC2",74476192,74494177,17985
"ENSG00000119661","DNAL1",73644875,73703732,58857
"ENSG00000119669","IRF2BPL",77024543,77028708,4165
"ENSG00000119673","ACOT2",73567620,73575658,8038
"ENSG00000119681","LTBP2",74498183,74612378,114195
"ENSG00000119682","KIAA0317",74653437,74713108,59671
"ENSG00000119684","MLH3",75013764,75051532,37768
"ENSG00000119685","TTLL5",75633625,75955079,321454
"ENSG00000119686","FLVCR2",75578620,75663214,84594
"ENSG00000119688","ABCD4",74285269,74303055,17786
"ENSG00000119689","DLST",74881891,74903743,21852
"ENSG00000119698","PPP4R4",94146128,94279734,133606
"ENSG00000119699","TGFB3",75958099,75982991,24892
"ENSG00000119703","ZC2HC1C",75064170,75079988,15818
"ENSG00000119705","SLIRP",77708071,77761104,53033
"ENSG00000119707","RBM25",73058532,73123899,65367
"ENSG00000119711","ALDH6A1",74056850,74084493,27643
"ENSG00000119714","GPR68",91232532,91253925,21393
"ENSG00000119715","ESRRB",76310712,76501837,191125
"ENSG00000119718","EIF2B2",75002921,75012366,9445
"ENSG00000119720","C14orf102",90267860,90331969,64109
"ENSG00000119723","COQ6",73949926,73963670,13744
"ENSG00000119725","ZNF410",73886617,73932511,45894
"ENSG00000119729","RHOQ",46541806,46584688,42882
"ENSG00000119737","GPR75",53852913,53859989,7076
"ENSG00000119760","SUPT7L",27650809,27663840,13031
"ENSG00000119771","KLHL29",23385179,23708611,323432
"ENSG00000119772","DNMT3A",25227855,25342590,114735
"ENSG00000119777","TMEM214",27032910,27041694,8784
"ENSG00000119778","ATAD2B",23748664,23927123,178459
"ENSG00000119782","FKBP1B",24049701,24063681,13980
"ENSG00000119787","ATL2",38293954,38377285,83331
"ENSG00000119801","YPEL5",30146941,30160533,13592
"ENSG00000119812","FAM98A",33583660,33599382,15722
"ENSG00000119820","YIPF4",32277904,32316594,38690
"ENSG00000119844","AFTPH",64524305,64593005,68700
"ENSG00000119862","LGALSL",64453969,64461381,7412
"ENSG00000119865","CNRIP1",68284171,68320051,35880
"ENSG00000119866","BCL11A",60450520,60555154,104634
"ENSG00000119899","SLC17A5",73593379,73653992,60613
"ENSG00000119900","OGFRL1",71288811,71309059,20248
"ENSG00000119906","FAM178A",100912963,100965134,52171
"ENSG00000119912","IDE",92451684,92574076,122392
"ENSG00000119913","TECTB",112283400,112305038,21638
"ENSG00000119915","ELOVL3",102226299,102229589,3290
"ENSG00000119917","IFIT3",89327997,89340971,12974
"ENSG00000119919","NKX2-3",99532942,99536524,3582
"ENSG00000119922","IFIT2",89283694,89309271,25577
"ENSG00000119927","GPAM",112149865,112215377,65512
"ENSG00000119938","PPP1R3C",91628442,91633071,4629
"ENSG00000119943","PYROXD2",98383565,98415182,31617
"ENSG00000119946","CNNM1",99329356,99394330,64974
"ENSG00000119950","MXI1",110207605,110287365,79760
"ENSG00000119953","SMNDC1",110290730,110304951,14221
"ENSG00000119965","C10orf88",122930901,122954311,23410
"ENSG00000119969","HELLS",94501434,94613905,112471
"ENSG00000119973","PRLHR",118589997,118595648,5651
"ENSG00000119977","TCTN3",95663396,95694143,30747
"ENSG00000119979","FAM45A",119104086,119137984,33898
"ENSG00000119986","AVPI1",97677424,97687241,9817
"ENSG00000120008","WDR11",120851305,120909524,58219
"ENSG00000120029","C10orf76",101845599,102056193,210594
"ENSG00000120049","KCNIP2",101825974,101843920,17946
"ENSG00000120051","CCDC147",104353833,104455102,101269
"ENSG00000120053","GOT1",99396870,99430624,33754
"ENSG00000120054","CPN1",100042193,100081877,39684
"ENSG00000120055","C10orf95",102449837,102451543,1706
"ENSG00000120063","GNA13",65009289,65056740,47451
"ENSG00000120068","HOXB8",48611377,48614939,3562
"ENSG00000120071","KANSL1",46029916,46225389,195473
"ENSG00000120075","HOXB5",48591257,48593961,2704
"ENSG00000120088","CRHR1",45784280,45835828,51548
"ENSG00000120093","HOXB3",48548870,48604912,56042
"ENSG00000120094","HOXB1",48528526,48531011,2485
"ENSG00000120129","DUSP1",172768096,172771195,3099
"ENSG00000120137","PANK3",168548495,168579368,30873
"ENSG00000120149","MSX2",174724582,174730896,6314
"ENSG00000120156","TEK",27109141,27230174,121033
"ENSG00000120158","RCL1",4792944,4885917,92973
"ENSG00000120159","CAAP1",26840685,26892803,52118
"ENSG00000120160","C9orf11",27284654,27297150,12496
"ENSG00000120210","INSL6",5123880,5185647,61767
"ENSG00000120215","MLANA",5890802,5910606,19804
"ENSG00000120217","CD274",5450503,5470566,20063
"ENSG00000120235","IFNA6",21349835,21351378,1543
"ENSG00000120242","IFNA8",21409147,21410185,1038
"ENSG00000120251","GRIA2",157204182,157366075,161893
"ENSG00000120253","NUP43",149724315,149749665,25350
"ENSG00000120254","MTHFD1L",150865549,151101887,236338
"ENSG00000120256","LRP11",149818798,149864026,45228
"ENSG00000120262","CCDC170",151494017,151621193,127176
"ENSG00000120265","PCMT1",149749443,149811420,61977
"ENSG00000120278","PLEKHG1",150599883,150843665,243782
"ENSG00000120279","MYCT1",152697895,152724567,26672
"ENSG00000120280","CXorf21",30558824,30577844,19020
"ENSG00000120289","MAGEB4",30242052,30244193,2141
"ENSG00000120306","CYSTM1",140175156,140282052,106896
"ENSG00000120314","WDR55",140664676,140674124,9448
"ENSG00000120318","ARAP3",141653401,141682230,28829
"ENSG00000120322","PCDHB8",141177790,141180529,2739
"ENSG00000120324","PCDHB10",141192353,141195642,3289
"ENSG00000120327","PCDHB14",141222932,141227759,4827
"ENSG00000120328","PCDHB12",141208697,141212571,3874
"ENSG00000120329","SLC25A2",141302629,141304045,1416
"ENSG00000120332","TNN",175067858,175148066,80208
"ENSG00000120333","MRPS14",175010789,175023425,12636
"ENSG00000120334","CENPL",173799550,173824720,25170
"ENSG00000120337","TNFSF18",173039960,173050963,11003
"ENSG00000120341","SEC16B",177923956,177984303,60347
"ENSG00000120370","GORAB",170532129,170553446,21317
"ENSG00000120436","GPR31",167156271,167158329,2058
"ENSG00000120437","ACAT2",159760328,159779055,18727
"ENSG00000120438","TCP1",159778498,159789703,11205
"ENSG00000120440","TTLL2",167325071,167359503,34432
"ENSG00000120451","SNX19",130875436,130916509,41073
"ENSG00000120457","KCNJ5",128891356,128921163,29807
"ENSG00000120458","MSANTD2",124766498,124800673,34175
"ENSG00000120498","TEX11",70528940,70908731,379791
"ENSG00000120500","ARR3",70268305,70281840,13535
"ENSG00000120509","PDZD11",70286595,70290514,3919
"ENSG00000120519","SLC10A7",146253975,146521964,267989
"ENSG00000120526","NUDCD1",109240919,109334118,93199
"ENSG00000120539","MASTL",27154824,27186924,32100
"ENSG00000120549","KIAA1217",23694746,24547848,853102
"ENSG00000120555","SEPT7L",38383069,38402916,19847
"ENSG00000120563","LYZL1",29289061,29318328,29267
"ENSG00000120594","PLXDC2",19816239,20289856,473617
"ENSG00000120616","EPC1",32267751,32378798,111047
"ENSG00000120645","IQSEC3",66765,178460,111695
"ENSG00000120647","CCDC77",389273,442642,53369
"ENSG00000120658","ENOX1",43213518,43786908,573390
"ENSG00000120662","MTRF1",41216369,41263577,47208
"ENSG00000120669","SOHLH2",36168217,36214588,46371
"ENSG00000120675","DNAJC15",43023203,43114213,91010
"ENSG00000120685","PROSER1",39009865,39038089,28224
"ENSG00000120688","WBP4",41061509,41084006,22497
"ENSG00000120690","ELF1",40931924,41061440,129516
"ENSG00000120693","SMAD9",36844831,36920765,75934
"ENSG00000120694","HSPH1",31134974,31162388,27414
"ENSG00000120696","KBTBD7",41189833,41194566,4733
"ENSG00000120697","ALG5",36949738,37000261,50523
"ENSG00000120699","EXOSC8",36998816,37009614,10798
"ENSG00000120705","ETF1",138506095,138543236,37141
"ENSG00000120708","TGFBI",136028988,136063818,34830
"ENSG00000120709","FAM53C",138331935,138349729,17794
"ENSG00000120725","SIL1",138946724,139293557,346833
"ENSG00000120727","PAIP2",139341587,139369720,28133
"ENSG00000120729","MYOT",137867791,137887851,20060
"ENSG00000120733","KDM3B",138352685,138437028,84343
"ENSG00000120738","EGR1",138465479,138469303,3824
"ENSG00000120742","SERP1",150541998,150603228,61230
"ENSG00000120756","PLS1",142596393,142713664,117271
"ENSG00000120784","ZFP30",37613749,37692337,78588
"ENSG00000120798","NR2C1",95020229,95073628,53399
"ENSG00000120800","UTP20",101280105,101386618,106513
"ENSG00000120802","TMPO",98515512,98550379,34867
"ENSG00000120805","ARL1",101393116,101407772,14656
"ENSG00000120820","GLT8D2",103988984,104064183,75199
"ENSG00000120832","MTERFD3",106977277,106987160,9883
"ENSG00000120833","SOCS2",93569814,93583487,13673
"ENSG00000120837","NFYB",104117086,104138241,21155
"ENSG00000120860","CCDC53",102012927,102062149,49222
"ENSG00000120868","APAF1",98645141,98735433,90292
"ENSG00000120875","DUSP4",29333064,29350684,17620
"ENSG00000120885","CLU",27596917,27615031,18114
"ENSG00000120889","TNFRSF10B",23020133,23069031,48898
"ENSG00000120896","SORBS3",22544986,22575788,30802
"ENSG00000120899","PTK2B",27311482,27459391,147909
"ENSG00000120903","CHRNA2",27459756,27479883,20127
"ENSG00000120907","ADRA1A",26748150,26867273,119123
"ENSG00000120910","PPP3CC",22440819,22541142,100323
"ENSG00000120913","PDLIM2",22578279,22598025,19746
"ENSG00000120915","EPHX2",27490779,27545564,54785
"ENSG00000120925","RNF170",42849637,42897290,47653
"ENSG00000120942","UBIAD1",11273206,11296049,22843
"ENSG00000120948","TARDBP",11012344,11026420,14076
"ENSG00000120949","TNFRSF8",12063303,12144207,80904
"ENSG00000120952","PRAMEF2",12857086,12861909,4823
"ENSG00000120992","LYPLA1",54046367,54102017,55650
"ENSG00000121005","CRISPLD1",74984505,75034558,50053
"ENSG00000121039","RDH10",73294602,73325281,30679
"ENSG00000121053","EPX",58192726,58205174,12448
"ENSG00000121057","AKAP1",57085092,57121346,36254
"ENSG00000121058","COIL",56938199,56961050,22851
"ENSG00000121060","TRIM25",56836387,56914080,77693
"ENSG00000121064","SCPEP1",56978105,57006768,28663
"ENSG00000121067","SPOP",49598884,49678163,79279
"ENSG00000121068","TBX2",61399843,61409466,9623
"ENSG00000121073","SLC35B1",49700934,49709014,8080
"ENSG00000121075","TBX4",61452404,61485110,32706
"ENSG00000121101","TEX14",58556678,58692055,135377
"ENSG00000121104","FAM117A",49710332,49789180,78848
"ENSG00000121152","NCAPH",96335766,96377091,41325
"ENSG00000121207","LRAT",154626945,154753120,126175
"ENSG00000121210","KIAA0922",153466346,153636711,170365
"ENSG00000121211","MND1",153344649,153415118,70469
"ENSG00000121236","TRIM6",5596109,5612958,16849
"ENSG00000121270","ABCC11",48166910,48247568,80658
"ENSG00000121274","PAPD5",50152918,50235310,82392
"ENSG00000121281","ADCY7",50246137,50318135,71998
"ENSG00000121289","CEP89",32875925,32971991,96066
"ENSG00000121297","TSHZ3",31149979,31349547,199568
"ENSG00000121310","ECHDC2",52895910,52927212,31302
"ENSG00000121314","TAS2R8",10806051,10807293,1242
"ENSG00000121316","PLBD1",14503661,14567883,64222
"ENSG00000121318","TAS2R10",10825317,10826358,1041
"ENSG00000121335","PRB2",11391540,11501041,109501
"ENSG00000121350","PYROXD1",21437615,21471250,33635
"ENSG00000121351","IAPP",21354959,21379978,25019
"ENSG00000121361","KCNJ8",21764955,21775600,10645
"ENSG00000121380","BCL2L14",12049844,12211084,161240
"ENSG00000121381","TAS2R9",10809094,10810168,1074
"ENSG00000121390","PSPC1",19674752,19783019,108267
"ENSG00000121406","ZNF549",57527325,57557542,30217
"ENSG00000121413","ZSCAN18",58083838,58118427,34589
"ENSG00000121417","ZNF211",57630395,57644041,13646
"ENSG00000121440","PDZRN3",73382431,73624941,242510
"ENSG00000121446","RGSL1",182409192,182560599,151407
"ENSG00000121454","LHX4",180230264,180278984,48720
"ENSG00000121481","RNF2",185045526,185102603,57077
"ENSG00000121486","TRMT1L",185118101,185157072,38971
"ENSG00000121542","SEC22A",123201927,123274136,72209
"ENSG00000121552","CSTA",122325248,122341969,16721
"ENSG00000121570","DPPA4",109326141,109337572,11431
"ENSG00000121577","POPDC2",119636457,119665324,28867
"ENSG00000121578","B4GALT4",119211732,119240946,29214
"ENSG00000121579","NAA50",113716458,113746300,29842
"ENSG00000121594","CD80",119524293,119559614,35321
"ENSG00000121621","KIF18A",28020619,28108156,87537
"ENSG00000121634","GJA8",147907956,147909257,1301
"ENSG00000121644","DESI2",244653103,244709033,55930
"ENSG00000121653","MAPK8IP1",45885651,45906465,20814
"ENSG00000121671","CRY2",45847118,45883248,36130
"ENSG00000121680","PEX16",45909663,45918812,9149
"ENSG00000121690","DEPDC7",33015876,33033582,17706
"ENSG00000121691","CAT",34438934,34472060,33126
"ENSG00000121716","PILRB",100352176,100367733,15557
"ENSG00000121741","ZMYM2",19958670,20091829,133159
"ENSG00000121742","GJB6",20221962,20232365,10403
"ENSG00000121743","GJA3",20138255,20161052,22797
"ENSG00000121749","TBC1D15",71839707,71927248,87541
"ENSG00000121753","BAI2",31727117,31764893,37776
"ENSG00000121764","HCRTR1",31617686,31632518,14832
"ENSG00000121766","ZCCHC17",31296982,31364953,67971
"ENSG00000121769","FABP3",31365625,31376850,11225
"ENSG00000121774","KHDRBS1",32013868,32060850,46982
"ENSG00000121775","TMEM39B",32072031,32102866,30835
"ENSG00000121797","CCRL2",46407166,46412997,5831
"ENSG00000121807","CCR2",46353734,46360928,7194
"ENSG00000121851","POLR3GL",145964690,145978848,14158
"ENSG00000121853","GHSR",172445133,172448456,3323
"ENSG00000121858","TNFSF10",172505508,172523475,17967
"ENSG00000121864","ZNF639",179323031,179338583,15552
"ENSG00000121871","SLITRK3",165186720,165197109,10389
"ENSG00000121879","PIK3CA",179148114,179240093,91979
"ENSG00000121892","PDS5A",39822863,39977956,155093
"ENSG00000121895","TMEM156",38966744,39032922,66178
"ENSG00000121897","LIAS",39458587,39485109,26522
"ENSG00000121898","CPXM2",123706207,123940267,234060
"ENSG00000121900","TMEM54",32894594,32901438,6844
"ENSG00000121903","ZSCAN20",33472645,33496507,23862
"ENSG00000121904","CSMD2",33513999,34165842,651843
"ENSG00000121931","LRIF1",110947190,110963965,16775
"ENSG00000121933","ADORA3",111483348,111563962,80614
"ENSG00000121940","CLCC1",108929508,108963457,33949
"ENSG00000121957","GPSM2",108875350,108934545,59195
"ENSG00000121964","GTDC1",143938068,144332568,394500
"ENSG00000121966","CXCR4",136114349,136118165,3816
"ENSG00000121988","ZRANB3",135136916,135531218,394302
"ENSG00000121989","ACVR2A",147844517,147930826,86309
"ENSG00000122008","POLK",75511756,75601144,89388
"ENSG00000122012","SV2C",76083383,76353939,270556
"ENSG00000122025","FLT3",28003274,28100592,97318
"ENSG00000122034","GTF3A",27424619,27435823,11204
"ENSG00000122035","RASL11A",27270327,27273690,3363
"ENSG00000122042","UBL3",29764371,29850684,86313
"ENSG00000122068","FYTTD1",197737179,197787596,50417
"ENSG00000122085","MTERFD2",241072169,241102332,30163
"ENSG00000122121","XPNPEP2",129738974,129769536,30562
"ENSG00000122122","SASH3",129779949,129795201,15252
"ENSG00000122126","OCRL",129539849,129592561,52712
"ENSG00000122133","PAEP",135561756,135566955,5199
"ENSG00000122136","OBP2A",135546139,135549969,3830
"ENSG00000122140","MRPS2",135499984,135504673,4689
"ENSG00000122145","TBX22",80014753,80031774,17021
"ENSG00000122176","FMOD",203340628,203351758,11130
"ENSG00000122188","LAX1",203765176,203776233,11057
"ENSG00000122194","PLG",160702238,160753315,51077
"ENSG00000122203","KIAA1191",176346062,176361807,15745
"ENSG00000122218","COPA",160288594,160343273,54679
"ENSG00000122223","CD244",160830160,160862887,32727
"ENSG00000122224","LY9",160796074,160828261,32187
"ENSG00000122254","HS3ST2",22814162,22916338,102176
"ENSG00000122257","RBBP6",24537693,24572863,35170
"ENSG00000122299","ZC3H7A",11750586,11797258,46672
"ENSG00000122335","SERAC1",158109519,158168280,58761
"ENSG00000122359","ANXA11",80150889,80205572,54683
"ENSG00000122367","LDB3",86668449,86736068,67619
"ENSG00000122375","OPN4",86654547,86666848,12301
"ENSG00000122376","FAM35A",87094161,87191468,97307
"ENSG00000122386","ZNF205",3112560,3120517,7957
"ENSG00000122406","RPL5",92832013,92841924,9911
"ENSG00000122417","ODF2L",86346824,86396342,49518
"ENSG00000122420","PTGFR",78303884,78540701,236817
"ENSG00000122432","SPATA1",84506300,84566194,59894
"ENSG00000122435","TRMT13",100133150,100150498,17348
"ENSG00000122481","RWDD3",95234210,95247225,13015
"ENSG00000122482","ZNF644",90915298,91022272,106974
"ENSG00000122483","CCDC18",93179919,93278730,98811
"ENSG00000122484","RPAP2",92299059,92402056,102997
"ENSG00000122507","BBS9",33129244,33606068,476824
"ENSG00000122512","PMS2",5970925,6009106,38181
"ENSG00000122515","ZMIZ2",44748581,44769881,21300
"ENSG00000122545","SEPT7",35800932,35907105,106173
"ENSG00000122547","EEPD1",36153254,36301538,148284
"ENSG00000122548","KIAA0087",26533121,26538788,5667
"ENSG00000122550","KLHL7",23105758,23177914,72156
"ENSG00000122557","HERPUD2",35632659,35695571,62912
"ENSG00000122565","CBX3",26201162,26213607,12445
"ENSG00000122566","HNRNPA2B1",26173057,26201529,28472
"ENSG00000122574","WIPF3",29806486,29917066,110580
"ENSG00000122584","NXPH1",8433609,8752961,319352
"ENSG00000122585","NPY",24284188,24291862,7674
"ENSG00000122591","FAM126A",22889371,23014130,124759
"ENSG00000122641","INHBA",41667168,41705834,38666
"ENSG00000122642","FKBP9",32957404,33006930,49526
"ENSG00000122643","NT5C3",33014114,33062797,48683
"ENSG00000122644","ARL4A",12686856,12690958,4102
"ENSG00000122674","CCZ1",5898725,5926550,27825
"ENSG00000122678","POLM",44072062,44082530,10468
"ENSG00000122679","RAMP3",45157791,45186302,28511
"ENSG00000122687","FTSJ2",2234231,2242198,7967
"ENSG00000122691","TWIST1",19020991,19117636,96645
"ENSG00000122692","SMU1",33041765,33076674,34909
"ENSG00000122694","GLIPR2",36136536,36163913,27377
"ENSG00000122696","SLC25A51",37879400,37904353,24953
"ENSG00000122705","CLTA",36190856,36304781,113925
"ENSG00000122707","RECK",36036913,36124455,87542
"ENSG00000122728","TAF1L",32629454,32635669,6215
"ENSG00000122729","ACO1",32384603,32454769,70166
"ENSG00000122733","KIAA1045",34957608,34982544,24936
"ENSG00000122735","DNAI1",34457414,34520988,63574
"ENSG00000122741","DCAF10",37800554,37867666,67112
"ENSG00000122756","CNTFR",34551432,34590140,38708
"ENSG00000122778","KIAA1549",138831381,138981318,149937
"ENSG00000122779","TRIM24",138460259,138589996,129737
"ENSG00000122783","C7orf49",135092363,135170795,78432
"ENSG00000122786","CALD1",134744252,134970729,226477
"ENSG00000122787","AKR1D1",138002324,138118305,115981
"ENSG00000122824","NUDT10",51332231,51337525,5294
"ENSG00000122852","SFTPA1",79610939,79615455,4516
"ENSG00000122859","NEUROG3",69571698,69573238,1540
"ENSG00000122861","PLAU",73909177,73917496,8319
"ENSG00000122862","SRGN",69088103,69104805,16702
"ENSG00000122863","CHST3",71964395,72013558,49163
"ENSG00000122870","BICC1",58513140,58831437,318297
"ENSG00000122877","EGR2",62811996,62919900,107904
"ENSG00000122882","ECD",73130155,73169055,38900
"ENSG00000122884","P4HA1",73007217,73096974,89757
"ENSG00000122912","SLC25A16",68477998,68527523,49525
"ENSG00000122952","ZWINT",56357227,56361273,4046
"ENSG00000122958","VPS26A",69123512,69174412,50900
"ENSG00000122965","RBM19",113816738,113966325,149587
"ENSG00000122966","CIT",119685791,119877320,191529
"ENSG00000122970","IFT81",110124335,110218793,94458
"ENSG00000122971","ACADS",120725774,120740008,14234
"ENSG00000122986","HVCN1",110627841,110704950,77109
"ENSG00000123064","DDX54",113157174,113185479,28305
"ENSG00000123066","MED13L",115953872,116277719,323847
"ENSG00000123095","BHLHE41",26120030,26125037,5007
"ENSG00000123096","SSPN",26121991,26299290,177299
"ENSG00000123104","ITPR2",26335352,26833194,497842
"ENSG00000123106","CCDC91",28133249,28581511,448262
"ENSG00000123119","NECAB1",90791741,90959393,167652
"ENSG00000123124","WWP1",86342738,86478420,135682
"ENSG00000123130","ACOT9",23701055,23766475,65420
"ENSG00000123131","PRDX4",23664262,23686397,22135
"ENSG00000123136","DDX39A",14408819,14419383,10564
"ENSG00000123143","PKN1",14433053,14471867,38814
"ENSG00000123144","C19orf43",12730640,12734684,4044
"ENSG00000123146","CD97",14380501,14408725,28224
"ENSG00000123154","WDR83",12666802,12675832,9030
"ENSG00000123159","GIPC1",14477760,14496149,18389
"ENSG00000123165","ACTRT1",128050962,128052398,1436
"ENSG00000123178","SPRYD7",49912702,49936490,23788
"ENSG00000123179","EBPL",49660674,49691486,30812
"ENSG00000123191","ATP7B",51930436,52012125,81689
"ENSG00000123200","ZC3H13",45954465,46052759,98294
"ENSG00000123201","GUCY1B2",50994511,51080862,86351
"ENSG00000123213","NLN",65722205,65871725,149520
"ENSG00000123219","CENPK",65517766,65563168,45402
"ENSG00000123240","OPTN",13099449,13138308,38859
"ENSG00000123243","ITIH5",7559270,7666998,107728
"ENSG00000123268","ATF1",50763710,50821162,57452
"ENSG00000123297","TSFM",57782761,57808071,25310
"ENSG00000123307","NEUROD4",55019974,55030017,10043
"ENSG00000123329","ARHGAP9",57472264,57488814,16550
"ENSG00000123338","NCKAP1L",54497752,54548243,50491
"ENSG00000123342","MMP19",55835433,55842966,7533
"ENSG00000123352","SPATS2",49366584,49527424,160840
"ENSG00000123353","ORMDL2",55818041,55821879,3838
"ENSG00000123358","NR4A1",52022832,52059507,36675
"ENSG00000123360","PDE1B",54549601,54579239,29638
"ENSG00000123364","HOXC13",53938831,53946544,7713
"ENSG00000123374","CDK2",55966781,55972789,6008
"ENSG00000123384","LRP1",57128493,57213351,84858
"ENSG00000123388","HOXC11",53973126,53977643,4517
"ENSG00000123395","C12orf44",52069246,52077494,8248
"ENSG00000123405","NFE2",54292111,54301015,8904
"ENSG00000123411","IKZF4",56007659,56038435,30776
"ENSG00000123415","SMUG1",54121277,54189008,67731
"ENSG00000123416","TUBA1B",49127782,49131397,3615
"ENSG00000123427","METTL21B",57771492,57782541,11049
"ENSG00000123444","KBTBD4",47572197,47578976,6779
"ENSG00000123453","SARDH",133663560,133739955,76395
"ENSG00000123454","DBH",133635348,133659344,23996
"ENSG00000123472","ATPAF1",46632737,46673867,41130
"ENSG00000123473","STIL",47250139,47314147,64008
"ENSG00000123485","HJURP",233833416,233854566,21150
"ENSG00000123496","IL13RA2",115003975,115019977,16002
"ENSG00000123500","COL10A1",116118909,116158747,39838
"ENSG00000123505","AMD1",110874770,110895713,20943
"ENSG00000123552","USP45",99432379,99521728,89349
"ENSG00000123560","PLP1",103773718,103792619,18901
"ENSG00000123561","SERPINA7",106032435,106038727,6292
"ENSG00000123562","MORF4L2",103675496,103688158,12662
"ENSG00000123569","H2BFWT",104011147,104013687,2540
"ENSG00000123570","RAB9B",103822327,103832257,9930
"ENSG00000123572","NRK",105822539,105958610,136071
"ENSG00000123575","FAM199X",104166453,104195902,29449
"ENSG00000123576","ESX1",104250038,104254933,4895
"ENSG00000123584","MAGEA9B",149781930,149787737,5807
"ENSG00000123594","ATXN3L",13318236,13320399,2163
"ENSG00000123595","RAB9A",13689125,13710506,21381
"ENSG00000123600","METTL8",171317405,171434802,117397
"ENSG00000123607","TTC21B",165857475,165953816,96341
"ENSG00000123609","NMI",151270465,151290057,19592
"ENSG00000123610","TNFAIP6",151357592,151380046,22454
"ENSG00000123612","ACVR1C",157526767,157628864,102097
"ENSG00000123636","BAZ2B",159318979,159616569,297590
"ENSG00000123643","SLC36A1",151437046,151492379,55333
"ENSG00000123684","LPGAT1",211743457,211830763,87306
"ENSG00000123685","BATF3",212686417,212699840,13423
"ENSG00000123700","KCNJ2",70168673,70180048,11375
"ENSG00000123728","RAP2C",132203024,132219480,16456
"ENSG00000123737","EXOSC9",121801317,121817021,15704
"ENSG00000123739","PLA2G12A",109709989,109730070,20081
"ENSG00000123810","B9D2",41354417,41364165,9748
"ENSG00000123836","PFKFB2",207034366,207081024,46658
"ENSG00000123838","C4BPA",207104233,207144972,40739
"ENSG00000123843","C4BPB",207088860,207099993,11133
"ENSG00000123892","RAB38",88113251,88175443,62192
"ENSG00000123901","GPR83",94377316,94401419,24103
"ENSG00000123908","EIF2C2",140520156,140635633,115477
"ENSG00000123933","MXD4",2247432,2262109,14677
"ENSG00000123977","WDR69",227871054,227924344,53290
"ENSG00000123983","ACSL3",222860942,222944639,83697
"ENSG00000123989","CHPF",219538948,219543809,4861
"ENSG00000123992","DNPEP",219373527,219400022,26495
"ENSG00000123999","INHA",219569162,219575711,6549
"ENSG00000124006","OBSL1",219550728,219571859,21131
"ENSG00000124019","FAM124B",224378698,224402107,23409
"ENSG00000124067","SLC12A4",67943474,67969601,26127
"ENSG00000124074","C16orf48",67662945,67667265,4320
"ENSG00000124089","MC3R",56248732,56249815,1083
"ENSG00000124092","CTCFL",57495966,57525652,29686
"ENSG00000124098","FAM210B",56358974,56368663,9689
"ENSG00000124102","PI3",45174902,45176544,1642
"ENSG00000124103","FAM209A",56517187,56526152,8965
"ENSG00000124104","SNX21",45833799,45843276,9477
"ENSG00000124107","SLPI",45252239,45254564,2325
"ENSG00000124116","WFDC3",45747944,45791932,43988
"ENSG00000124120","TTPAL",44475874,44494603,18729
"ENSG00000124126","PREX1",48624252,48827999,203747
"ENSG00000124134","KCNS1",45091214,45101127,9913
"ENSG00000124140","SLC12A5",46021690,46060152,38462
"ENSG00000124143","ARHGAP40",38601934,38651035,49101
"ENSG00000124145","SDC4",45325288,45348424,23136
"ENSG00000124151","NCOA3",47501887,47656877,154990
"ENSG00000124155","PIGT",45416084,45456934,40850
"ENSG00000124157","SEMG2",45221300,45224458,3158
"ENSG00000124159","MATN4",45293445,45308529,15084
"ENSG00000124160","NCOA5",46060991,46089962,28971
"ENSG00000124164","VAPB",58389122,58451101,61979
"ENSG00000124171","PARD6B",50731580,50756795,25215
"ENSG00000124177","CHD6",41402083,41618384,216301
"ENSG00000124181","PLCG1",41136960,41196801,59841
"ENSG00000124191","TOX2",43914852,44069616,154764
"ENSG00000124193","SRSF6",43457893,43466046,8153
"ENSG00000124194","GDAP1L1",44247099,44280917,33818
"ENSG00000124196","GTSF1L",43726164,43726998,834
"ENSG00000124198","ARFGEF2",48921711,49036693,114982
"ENSG00000124201","ZNFX1",49237946,49278426,40480
"ENSG00000124203","ZNF831",59123381,59259113,135732
"ENSG00000124205","EDN3",59300443,59325992,25549
"ENSG00000124207","CSE1L",49046246,49096960,50714
"ENSG00000124208","TMEM189-UBE2V1",50081124,50153637,72513
"ENSG00000124209","RAB22A",58309715,58367507,57792
"ENSG00000124212","PTGIS",49503874,49568137,64263
"ENSG00000124214","STAU1",49113339,49188367,75028
"ENSG00000124215","CDH26",59958427,60034011,75584
"ENSG00000124216","SNAI1",49982980,49988886,5906
"ENSG00000124217","MOCS3",50958826,50963931,5105
"ENSG00000124222","STX16",58651253,58679526,28273
"ENSG00000124224","PPP4R1L",58228940,58309451,80511
"ENSG00000124225","PMEPA1",57648392,57711536,63144
"ENSG00000124226","RNF114",49936336,49953885,17549
"ENSG00000124227","ANKRD60",58218495,58228653,10158
"ENSG00000124228","DDX27",49219295,49244077,24782
"ENSG00000124232","RBPJL",45306840,45317824,10984
"ENSG00000124233","SEMG1",45207033,45209768,2735
"ENSG00000124237","C20orf85",58150904,58161150,10246
"ENSG00000124243","BCAS4",50794894,50882676,87782
"ENSG00000124249","KCNK15",44745865,44752313,6448
"ENSG00000124251","TP53TG5",45372557,45407889,35332
"ENSG00000124253","PCK1",57561080,57568121,7041
"ENSG00000124256","ZBP1",57603846,57620576,16730
"ENSG00000124257","NEURL2",45888625,45891287,2662
"ENSG00000124260","MAGEA10",152133310,152138578,5268
"ENSG00000124275","MTRR",7851186,7906025,54839
"ENSG00000124279","FASTKD3",7859159,7869037,9878
"ENSG00000124299","PEPD",33386950,33521791,134841
"ENSG00000124302","CHST8",33621953,33773509,151556
"ENSG00000124313","IQSEC2",53225828,53321350,95522
"ENSG00000124333","VAMP7",155881345,155943769,62424
"ENSG00000124334","IL9R",155997581,156010817,13236
"ENSG00000124343","XG",2752048,2816500,64452
"ENSG00000124356","STAMBP",73828916,73873659,44743
"ENSG00000124357","NAGK",71064344,71079808,15464
"ENSG00000124380","SNRNP27",69893956,69905575,11619
"ENSG00000124383","MPHOSPH10",71130632,71150101,19469
"ENSG00000124391","IL17C",88638591,88640473,1882
"ENSG00000124406","ATP8A1",42408373,42657105,248732
"ENSG00000124422","USP22",20999596,21043760,44164
"ENSG00000124429","POF1B",85277396,85379717,102321
"ENSG00000124440","HIF3A",46297046,46343433,46387
"ENSG00000124444","ZNF576",43596392,43601157,4765
"ENSG00000124449","IRGC",43716076,43720021,3945
"ENSG00000124459","ZNF45",43912624,43935282,22658
"ENSG00000124466","LYPD3",43460787,43465608,4821
"ENSG00000124467","PSG8",42752686,42855691,103005
"ENSG00000124469","CEACAM8",42580243,42595055,14812
"ENSG00000124486","USP9X",41085445,41236579,151134
"ENSG00000124490","CRISP2",49692358,49713590,21232
"ENSG00000124491","F13A1",6144085,6321013,176928
"ENSG00000124493","GRM4",34018645,34155622,136977
"ENSG00000124496","TRERF1",42224931,42452051,227120
"ENSG00000124507","PACSIN1",34466061,34535229,69168
"ENSG00000124508","BTN2A2",26383096,26394874,11778
"ENSG00000124523","SIRT5",13574529,13615158,40629
"ENSG00000124532","MRS2",24402908,24426194,23286
"ENSG00000124535","WRNIP1",2765414,2786952,21538
"ENSG00000124549","BTN2A3P",26421391,26432383,10992
"ENSG00000124557","BTN1A1",26501221,26510422,9201
"ENSG00000124562","SNRPC",34757505,34773857,16352
"ENSG00000124564","SLC17A3",25833066,25882286,49220
"ENSG00000124568","SLC17A1",25782897,25832059,49162
"ENSG00000124570","SERPINB6",2948159,2972165,24006
"ENSG00000124571","XPO5",43522334,43576038,53704
"ENSG00000124574","ABCC10",43427366,43450427,23061
"ENSG00000124575","HIST1H1D",26234268,26234933,665
"ENSG00000124587","PEX6",42963865,42979181,15316
"ENSG00000124588","NQO2",2987987,3028869,40882
"ENSG00000124593","PRICKLE4",41780349,41790141,9792
"ENSG00000124596","C6orf130",41033627,41097787,64160
"ENSG00000124602","UNC5CL",41026895,41039221,12326
"ENSG00000124608","AARS2",44298731,44313347,14616
"ENSG00000124610","HIST1H1A",26017085,26017732,647
"ENSG00000124613","ZNF391",27374615,27403904,29289
"ENSG00000124614","RPS10",34417454,34426069,8615
"ENSG00000124615","MOCS1",39899578,39934551,34973
"ENSG00000124635","HIST1H2BJ",27125897,27132750,6853
"ENSG00000124641","MED20",41905354,41921139,15785
"ENSG00000124657","OR2B6",27957241,27958182,941
"ENSG00000124659","TBCC",42744481,42746096,1615
"ENSG00000124664","SPDEF",34537802,34556333,18531
"ENSG00000124678","TCP11",35118071,35148610,30539
"ENSG00000124688","MAD2L1BP",43629540,43640952,11412
"ENSG00000124701","APOBEC2",41053304,41064511,11207
"ENSG00000124702","KLHDC3",43014103,43021298,7195
"ENSG00000124713","GNMT",42960754,42963880,3126
"ENSG00000124721","DNAH8",38715341,39030529,315188
"ENSG00000124731","TREM1",41267926,41286682,18756
"ENSG00000124733","MEA1",43011143,43016868,5725
"ENSG00000124743","KLHL31",53647916,53665756,17840
"ENSG00000124749","COL21A1",56056590,56394094,337504
"ENSG00000124762","CDKN1A",36676460,36687339,10879
"ENSG00000124766","SOX4",21592768,21598619,5851
"ENSG00000124772","CPNE5",36740775,36839444,98669
"ENSG00000124780","KCNK17",39299001,39314461,15460
"ENSG00000124782","RREB1",7107597,7251980,144383
"ENSG00000124783","SSR1",7268306,7347446,79140
"ENSG00000124784","RIOK1",7389793,7418037,28244
"ENSG00000124785","NRN1",5997999,6007605,9606
"ENSG00000124786","SLC35B3",8411463,8435611,24148
"ENSG00000124787","RPP40",4994732,5004063,9331
"ENSG00000124788","ATXN1",16299112,16761491,462379
"ENSG00000124789","NUP153",17615035,17706834,91799
"ENSG00000124795","DEK",18223860,18264548,40688
"ENSG00000124812","CRISP1",49834257,49877096,42839
"ENSG00000124813","RUNX2",45328157,45664349,336192
"ENSG00000124818","OPN5",47781982,47832780,50798
"ENSG00000124827","GCM2",10873223,10881941,8718
"ENSG00000124831","LRRFIP1",237627587,237813682,186095
"ENSG00000124839","RAB17",237574322,237601614,27292
"ENSG00000124875","CXCL6",73836640,73849064,12424
"ENSG00000124900","TRIM51",55883297,55891810,8513
"ENSG00000124920","C11orf9",61752642,61788518,35876
"ENSG00000124935","SCGB1D2",62242239,62244812,2573
"ENSG00000124939","SCGB2A1",62208673,62213943,5270
"ENSG00000124942","AHNAK",62433542,62556235,122693
"ENSG00000125037","EMC3",9962537,10011116,48579
"ENSG00000125046","C3orf32",8619400,8745040,125640
"ENSG00000125084","WNT1",48978453,48981676,3223
"ENSG00000125089","SH3TC1",8182072,8241803,59731
"ENSG00000125107","CNOT1",58519951,58629885,109934
"ENSG00000125122","LRRC29",67207139,67227048,19909
"ENSG00000125124","BBS2",56466836,56520087,53251
"ENSG00000125144","MT1G",56666731,56668065,1334
"ENSG00000125149","C16orf70",67109958,67148539,38581
"ENSG00000125166","GOT2",58707131,58734342,27211
"ENSG00000125170","DOK4",57471922,57487327,15405
"ENSG00000125207","PIWIL1",130337887,130372637,34750
"ENSG00000125246","CLYBL",99606669,99897134,290465
"ENSG00000125247","TMTC4",100603927,100675093,71166
"ENSG00000125249","RAP2A",97434169,97469128,34959
"ENSG00000125255","SLC10A2",103043998,103066846,22848
"ENSG00000125257","ABCC4",95019835,95301475,281640
"ENSG00000125266","EFNB2",106489745,106535662,45917
"ENSG00000125304","TM9SF2",99446311,99564006,117695
"ENSG00000125319","C17orf53",44141906,44162476,20570
"ENSG00000125337","KIF25",167996241,168045095,48854
"ENSG00000125347","IRF1",132481609,132490777,9168
"ENSG00000125351","UPF3B",119805311,119852998,47687
"ENSG00000125352","RNF113A",119870475,119871827,1352
"ENSG00000125354","SEPT6",119615724,119693370,77646
"ENSG00000125355","FAM70A",120258650,120311556,52906
"ENSG00000125356","NDUFA1",119871832,119876662,4830
"ENSG00000125363","AMELX",11293413,11300761,7348
"ENSG00000125378","BMP4",53949736,53958761,9025
"ENSG00000125384","PTGER2",52314305,52328598,14293
"ENSG00000125386","FAM193A",2536631,2732565,195934
"ENSG00000125388","GRK4",2963571,3040760,77189
"ENSG00000125398","SOX9",72121020,72126416,5396
"ENSG00000125409","TEKT3",15303811,15341632,37821
"ENSG00000125414","MYH2",10521148,10549700,28552
"ENSG00000125430","HS3ST3B1",14301081,14349404,48323
"ENSG00000125434","SLC25A35",8287763,8295400,7637
"ENSG00000125445","MRPS7",75261674,75266376,4702
"ENSG00000125447","GGA3",75236599,75262363,25764
"ENSG00000125449","ARMC7",75109952,75130272,20320
"ENSG00000125450","NUP85",75205659,75235758,30099
"ENSG00000125454","SLC25A19",75272981,75289510,16529
"ENSG00000125457","MIF4GD",75266228,75271227,4999
"ENSG00000125459","MSTO1",155610205,155614967,4762
"ENSG00000125462","C1orf61",156404250,156430701,26451
"ENSG00000125482","TTF1",132375548,132406851,31303
"ENSG00000125484","GTF3C4",132670035,132694953,24918
"ENSG00000125485","DDX31",132592997,132670401,77404
"ENSG00000125492","BARHL1",132582606,132590252,7646
"ENSG00000125498","KIR2DL1",54769793,54784322,14529
"ENSG00000125503","PPP1R12C",55090914,55117637,26723
"ENSG00000125505","MBOAT7",54173412,54189882,16470
"ENSG00000125510","OPRL1",64080082,64100643,20561
"ENSG00000125514","LINC00029",63034217,63037028,2811
"ENSG00000125520","SLC2A4RG",63739776,63744050,4274
"ENSG00000125531","C20orf195",63547891,63556695,8804
"ENSG00000125534","PPDPF",63520765,63522206,1441
"ENSG00000125571","IL37",112912971,112918882,5911
"ENSG00000125611","CHCHD5",112584240,112589275,5035
"ENSG00000125618","PAX8",113215997,113278921,62924
"ENSG00000125629","INSIG2",118088452,118110997,22545
"ENSG00000125630","POLR1B",112541915,112577150,35235
"ENSG00000125633","CCDC93",117915478,118014133,98655
"ENSG00000125637","PSD4",113157325,113209396,52071
"ENSG00000125648","SLC25A23",6436079,6465203,29124
"ENSG00000125651","GTF2F1",6379572,6393981,14409
"ENSG00000125652","ALKBH7",6372794,6375250,2456
"ENSG00000125656","CLPP",6361531,6368906,7375
"ENSG00000125657","TNFSF9",6531026,6535924,4898
"ENSG00000125675","GRIA3",123184153,123490915,306762
"ENSG00000125676","THOC2",123600561,123733056,132495
"ENSG00000125686","MED1",39404285,39451272,46987
"ENSG00000125691","RPL23",38847860,38853764,5904
"ENSG00000125726","CD70",6583183,6604103,20920
"ENSG00000125730","C3",6677704,6730562,52858
"ENSG00000125731","SH2D3A",6752160,6767463,15303
"ENSG00000125733","TRIP10",6737925,6751530,13605
"ENSG00000125734","GPR108",6729914,6737603,7689
"ENSG00000125735","TNFSF14",6661253,6670588,9335
"ENSG00000125740","FOSB",45467995,45475179,7184
"ENSG00000125741","OPA3",45527427,45602212,74785
"ENSG00000125743","SNRPD2",45687454,45692569,5115
"ENSG00000125744","RTN2",45485294,45497055,11761
"ENSG00000125746","EML2",45606994,45645629,38635
"ENSG00000125755","SYMPK",45815410,45863290,47880
"ENSG00000125772","GPCPD1",5544404,5611026,66622
"ENSG00000125775","SDCBP2",1309909,1329139,19230
"ENSG00000125779","PANK2",3888839,3929882,41043
"ENSG00000125780","TGM3",2296001,2341079,45078
"ENSG00000125788","DEFB126",142590,145751,3161
"ENSG00000125798","FOXA2",22581005,22585455,4450
"ENSG00000125804","FAM182A",25985210,26086917,101707
"ENSG00000125810","CD93",23079360,23086324,6964
"ENSG00000125812","GZF1",23362182,23373062,10880
"ENSG00000125813","PAX1",21705659,21718486,12827
"ENSG00000125815","CST8",23491101,23496018,4917
"ENSG00000125817","CENPB",3783851,3786740,2889
"ENSG00000125818","PSMF1",1113240,1189415,76175
"ENSG00000125820","NKX2-2",21511010,21514026,3016
"ENSG00000125821","DTD1",18587893,18766644,178751
"ENSG00000125823","CSTL1",23439685,23444930,5245
"ENSG00000125827","TMX4",7977346,8019805,42459
"ENSG00000125831","CST11",23450403,23452876,2473
"ENSG00000125834","STK35",2101611,2177038,75427
"ENSG00000125835","SNRPB",2461634,2470853,9219
"ENSG00000125841","NRSN2",346782,359660,12878
"ENSG00000125843","AP5S1",3820524,3828838,8314
"ENSG00000125844","RRBP1",17613678,17682295,68617
"ENSG00000125845","BMP2",6767686,6780246,12560
"ENSG00000125846","ZNF133",18288283,18316996,28713
"ENSG00000125848","FLRT3",14322985,14337614,14629
"ENSG00000125850","OVOL2",17956979,18059188,102209
"ENSG00000125851","PCSK2",17226107,17484578,258471
"ENSG00000125863","MKKS",10401009,10434222,33213
"ENSG00000125864","BFSP1",17493905,17569220,75315
"ENSG00000125869","LAMP5",9514358,9530524,16166
"ENSG00000125870","SNRPB2",16729961,16742564,12603
"ENSG00000125871","C20orf72",17969018,17991122,22104
"ENSG00000125872","LRRN4",6040778,6054049,13271
"ENSG00000125875","TBC1D20",435480,462543,27063
"ENSG00000125877","ITPA",3208868,3223870,15002
"ENSG00000125879","OTOR",16748358,16770062,21704
"ENSG00000125885","MCM8",5950652,5998977,48325
"ENSG00000125895","TMEM74B",1180561,1185415,4854
"ENSG00000125898","FAM110A",833715,857463,23748
"ENSG00000125900","SIRPD",1534251,1557705,23454
"ENSG00000125901","MRPS26",3046052,3048250,2198
"ENSG00000125903","DEFB129",227258,229886,2628
"ENSG00000125910","S1PR4",3172346,3180332,7986
"ENSG00000125912","NCLN",3185563,3209575,24012
"ENSG00000125931","CITED1",72301638,72307187,5549
"ENSG00000125944","HNRNPR",23303771,23344336,40565
"ENSG00000125945","ZNF436",23359448,23369836,10388
"ENSG00000125952","MAX",65006174,65102695,96521
"ENSG00000125954","CHURC1-FNTB",64914485,65061803,147318
"ENSG00000125962","ARMCX5",102599168,102604159,4991
"ENSG00000125965","GDF5",35433347,35454746,21399
"ENSG00000125966","MMP24",35226690,35276998,50308
"ENSG00000125967","NECAB3",33657087,33674463,17376
"ENSG00000125968","ID1",31605283,31606515,1232
"ENSG00000125970","RALY",33993646,34108308,114662
"ENSG00000125975","C20orf173",35523186,35529652,6466
"ENSG00000125977","EIF2S2",34088309,34112243,23934
"ENSG00000125991","ERGIC3",35542021,35557634,15613
"ENSG00000125998","FAM83C",35285731,35292425,6694
"ENSG00000125999","BPIFB1",33273480,33309871,36391
"ENSG00000126001","CEP250",35455164,35519280,64116
"ENSG00000126003","PLAGL2",32192504,32207743,15239
"ENSG00000126005","MT1P3",35201745,35278131,76386
"ENSG00000126010","GRPR",16123556,16153021,29465
"ENSG00000126012","KDM5C",53191321,53225422,34101
"ENSG00000126016","AMOT",112774503,112840815,66312
"ENSG00000126062","TMEM115",50354750,50359521,4771
"ENSG00000126070","EIF2C3",35930718,36072500,141782
"ENSG00000126088","UROD",45010950,45015575,4625
"ENSG00000126091","ST3GAL3",43705824,43931165,225341
"ENSG00000126106","TMEM53",44635238,44674481,39243
"ENSG00000126107","HECTD3",45002540,45011324,8784
"ENSG00000126214","KLC1",103561896,103714249,152353
"ENSG00000126216","TUBGCP3",112485011,112588205,103194
"ENSG00000126217","MCF2L",112894378,113099742,205364
"ENSG00000126218","F10",113122814,113149529,26715
"ENSG00000126226","PCID2",113177539,113208715,31176
"ENSG00000126231","PROZ",113158648,113172386,13738
"ENSG00000126246","IGFLR1",35738801,35742453,3652
"ENSG00000126249","PDCD2L",34404399,34426168,21769
"ENSG00000126251","GPR42",35370929,35372962,2033
"ENSG00000126254","RBM42",35629030,35637686,8656
"ENSG00000126259","KIRREL2",35855861,35867109,11248
"ENSG00000126261","UBA2",34428352,34471251,42899
"ENSG00000126264","HCST",35902480,35904377,1897
"ENSG00000126266","FFAR1",35351552,35353862,2310
"ENSG00000126337","KRT36",41486136,41492546,6410
"ENSG00000126351","THRA",40058290,40093867,35577
"ENSG00000126353","CCR7",40553769,40565472,11703
"ENSG00000126368","NR1D1",40092793,40100589,7796
"ENSG00000126391","FRMD8",65386621,65413525,26904
"ENSG00000126432","PRDX5",64318121,64321811,3690
"ENSG00000126453","BCL2L12",49665142,49673916,8774
"ENSG00000126456","IRF3",49659569,49665875,6306
"ENSG00000126458","RRAS",49635292,49640143,4851
"ENSG00000126460","PRRG2",49580646,49591004,10358
"ENSG00000126461","SCAF1",49642209,49658642,16433
"ENSG00000126464","PRR12",49591182,49626439,35257
"ENSG00000126467","TSKS",49739753,49763306,23553
"ENSG00000126500","FLRT1",64103188,64119173,15985
"ENSG00000126522","ASL",66075798,66093558,17760
"ENSG00000126524","SBDS",66987680,66995587,7907
"ENSG00000126545","CSN1S1",69931068,69946574,15506
"ENSG00000126549","STATH",69995930,70002570,6640
"ENSG00000126561","STAT5A",42287547,42311943,24396
"ENSG00000126562","WNK4",42780610,42797066,16456
"ENSG00000126583","PRKCG",53879190,53907652,28462
"ENSG00000126602","TRAP1",3651639,3717553,65914
"ENSG00000126603","GLIS2",4314761,4339597,24836
"ENSG00000126653","NSRP1",30115521,30186475,70954
"ENSG00000126698","DNAJC8",28199456,28233029,33573
"ENSG00000126705","AHDC1",27534035,27604431,70396
"ENSG00000126733","DACH2",86148451,86832604,684153
"ENSG00000126746","ZNF384",6666477,6689572,23095
"ENSG00000126749","EMG1",6970913,6997428,26515
"ENSG00000126752","SSX1",48255317,48267444,12127
"ENSG00000126756","UXT",47651796,47659180,7384
"ENSG00000126759","CFP",47623172,47630305,7133
"ENSG00000126767","ELK1",47635521,47650604,15083
"ENSG00000126768","TIMM17B",48893447,48898143,4696
"ENSG00000126773","PCNXL4",60091911,60169133,77222
"ENSG00000126775","ATG14",55366392,55411858,45466
"ENSG00000126777","KTN1",55559072,55701526,142454
"ENSG00000126778","SIX1",60643414,60658259,14845
"ENSG00000126785","RHOJ",63204114,63293508,89394
"ENSG00000126787","DLGAP5",55148112,55191608,43496
"ENSG00000126803","HSPA2",64535905,64546173,10268
"ENSG00000126804","ZBTB1",64503712,64533690,29978
"ENSG00000126814","TRMT5",60971451,60981358,9907
"ENSG00000126821","SGPP1",63684216,63728065,43849
"ENSG00000126822","PLEKHG3",64704102,64750249,46147
"ENSG00000126838","PZP",9148840,9208395,59555
"ENSG00000126856","PRDM7",90056566,90092072,35506
"ENSG00000126858","RHOT1",32142454,32253374,110920
"ENSG00000126860","EVI2A",31317560,31321884,4324
"ENSG00000126870","WDR60",158856558,158956747,100189
"ENSG00000126878","AIF1L",131096476,131123152,26676
"ENSG00000126882","FAM78A",131258076,131276510,18434
"ENSG00000126883","NUP214",131125586,131234663,109077
"ENSG00000126890","CTAG2",154651972,154653579,1607
"ENSG00000126895","AVPR2",153902531,153907166,4635
"ENSG00000126903","SLC10A3",154487306,154490690,3384
"ENSG00000126934","MAP2K2",4090321,4124129,33808
"ENSG00000126945","HNRNPH2",101408222,101414133,5911
"ENSG00000126947","ARMCX1",101550531,101554700,4169
"ENSG00000126950","TMEM35",101078879,101096367,17488
"ENSG00000126952","NXF5",101832112,101857577,25465
"ENSG00000126953","TIMM8A",101345661,101348742,3081
"ENSG00000126970","ZC4H2",64915802,65034713,118911
"ENSG00000127022","CANX",179678628,179731641,53013
"ENSG00000127054","CPSF3L",1311585,1324691,13106
"ENSG00000127074","RGS13",192636138,192660306,24168
"ENSG00000127080","IPPK",92613183,92670131,56948
"ENSG00000127081","ZNF484",92844182,92878038,33856
"ENSG00000127083","OMD",92414245,92424461,10216
"ENSG00000127084","FGD3",92947523,93036236,88713
"ENSG00000127124","HIVEP3",41506365,42035925,529560
"ENSG00000127129","EDN2",41478775,41484683,5908
"ENSG00000127152","BCL11B",99169287,99272197,102910
"ENSG00000127184","COX7C",86617928,86620962,3034
"ENSG00000127191","TRAF2",136881912,136926607,44695
"ENSG00000127220","ABHD8",17292131,17310236,18105
"ENSG00000127241","MASP1",187217285,187292022,74737
"ENSG00000127249","ATP13A4",193398967,193593111,194144
"ENSG00000127252","HRASLS",193241125,193277738,36613
"ENSG00000127311","HELB",66302545,66347645,45100
"ENSG00000127314","RAP1B",68610855,68671901,61046
"ENSG00000127318","IL22",68248242,68253604,5362
"ENSG00000127324","TSPAN8",71125085,71441898,316813
"ENSG00000127325","BEST3",69643360,69699476,56116
"ENSG00000127328","RAB3IP",69738681,69823204,84523
"ENSG00000127329","PTPRB",70515866,70637440,121574
"ENSG00000127334","DYRK2",67648338,67665406,17068
"ENSG00000127337","YEATS4",69359710,69390870,31160
"ENSG00000127362","TAS2R3",141764097,141765197,1100
"ENSG00000127366","TAS2R5",141790217,141791367,1150
"ENSG00000127399","LRRC61",150323263,150338156,14893
"ENSG00000127412","TRPV5",142908101,142933808,25707
"ENSG00000127415","IDUA",986997,1004564,17567
"ENSG00000127418","FGFRL1",1009936,1026898,16962
"ENSG00000127419","TMEM175",932387,958656,26269
"ENSG00000127423","AUNIP",25831913,25859458,27545
"ENSG00000127463","EMC1",19215660,19251527,35867
"ENSG00000127481","UBR4",19074510,19210266,135756
"ENSG00000127483","HP1BP3",20742679,20787323,44644
"ENSG00000127507","EMR2",14732392,14778560,46168
"ENSG00000127511","SIN3B",16829400,16880353,50953
"ENSG00000127515","OR7A10",14840466,14848922,8456
"ENSG00000127526","SLC35E1",16549831,16572415,22584
"ENSG00000127527","EPS15L1",16355239,16472085,116846
"ENSG00000127529","OR7C2",14941489,14942448,959
"ENSG00000127530","OR7C1",14789260,14835376,46116
"ENSG00000127540","UQCR11",1597169,1605473,8304
"ENSG00000127564","PKMYT1",2968024,2980479,12455
"ENSG00000127578","WFIKKN1",629239,634117,4878
"ENSG00000127580","WDR24",684622,690444,5822
"ENSG00000127586","CHTF18",788046,800737,12691
"ENSG00000127588","GNG13",798041,800734,2693
"ENSG00000127589","TUBBP1",30351873,30353518,1645
"ENSG00000127603","MACF1",39081316,39487177,405861
"ENSG00000127616","SMARCA4",10960825,11079426,118601
"ENSG00000127663","KDM4B",4969113,5153598,184485
"ENSG00000127666","TICAM1",4815932,4831704,15772
"ENSG00000127720","METTL25",82358528,82479239,120711
"ENSG00000127743","IL17B",149371324,149404202,32878
"ENSG00000127780","OR1E2",3432870,3433841,971
"ENSG00000127804","METTL16",2405562,2511891,106329
"ENSG00000127824","TUBA4A",219249710,219278170,28460
"ENSG00000127831","VIL1",218419092,218453295,34203
"ENSG00000127838","PNKD",218270392,218346793,76401
"ENSG00000127863","TNFRSF19",23570370,23676104,105734
"ENSG00000127870","RNF6",26132115,26222314,90199
"ENSG00000127884","ECHS1",133362485,133373354,10869
"ENSG00000127903","ZNF835",56661980,56671783,9803
"ENSG00000127914","AKAP9",91940867,92110673,169806
"ENSG00000127946","HIP1",75533298,75738962,205664
"ENSG00000127947","PTPN12",77537295,77640069,102774
"ENSG00000127948","POR",75899200,75986855,87655
"ENSG00000127951","FGL2",77193369,77199848,6479
"ENSG00000127952","STYXL1",75996338,76048004,51666
"ENSG00000127954","STEAP4",88270892,88306891,35999
"ENSG00000127955","GNAI1",79768028,80226181,458153
"ENSG00000127957","PMS2P3",75507747,75528148,20401
"ENSG00000127980","PEX1",92487020,92528520,41500
"ENSG00000127989","MTERF",91692008,91880720,188712
"ENSG00000127990","SGCE",94524204,94656572,132368
"ENSG00000127993","RBM48",92528773,92540481,11708
"ENSG00000127995","CASD1",94509219,94557019,47800
"ENSG00000128000","ZNF780B",40028260,40056231,27971
"ENSG00000128011","LRFN1",39306568,39315336,8768
"ENSG00000128016","ZFP36",39406813,39409412,2599
"ENSG00000128039","SRD5A3",55346242,55373100,26858
"ENSG00000128040","SPINK2",56809860,56821742,11882
"ENSG00000128045","RASL11B",52862317,52866835,4518
"ENSG00000128050","PAICS",56435741,56464579,28838
"ENSG00000128052","KDR",55078481,55125595,47114
"ENSG00000128059","PPAT",56393362,56435615,42253
"ENSG00000128159","TUBGCP6",50217689,50245023,27334
"ENSG00000128165","ADM2",50481543,50486440,4897
"ENSG00000128191","DGCR8",20080232,20111877,31645
"ENSG00000128203","ASPHD2",26429260,26445015,15755
"ENSG00000128242","GAL3ST1",30554635,30574665,20030
"ENSG00000128245","YWHAH",31944522,31957603,13081
"ENSG00000128250","RFPL1",29438583,29442455,3872
"ENSG00000128253","RFPL2",32190435,32205001,14566
"ENSG00000128254","C22orf24",31926214,31945518,19304
"ENSG00000128262","POM121L9P",24251828,24265525,13697
"ENSG00000128266","GNAZ",23070519,23125032,54513
"ENSG00000128268","MGAT3",39457012,39492194,35182
"ENSG00000128271","ADORA2A",24417879,24442357,24478
"ENSG00000128272","ATF4",39519695,39522685,2990
"ENSG00000128274","A4GALT",42692121,42721298,29177
"ENSG00000128276","RFPL3",32354885,32361161,6276
"ENSG00000128283","CDC42EP1",37560480,37569405,8925
"ENSG00000128284","APOL3",36140330,36166177,25847
"ENSG00000128285","MCHR1",40678750,40682814,4064
"ENSG00000128294","TPST2",26521996,26596717,74721
"ENSG00000128298","BAIAP2L2",38084900,38110684,25784
"ENSG00000128310","GALR3",37823382,37825495,2113
"ENSG00000128311","TST",37010859,37020183,9324
"ENSG00000128313","APOL5",35717872,35729483,11611
"ENSG00000128335","APOL2",36226209,36239954,13745
"ENSG00000128340","RAC2",37225270,37244448,19178
"ENSG00000128342","LIF",30240453,30246759,6306
"ENSG00000128346","C22orf23",37943050,37953669,10619
"ENSG00000128383","APOBEC3A",38952741,38992778,40037
"ENSG00000128394","APOBEC3F",39040604,39055972,15368
"ENSG00000128422","KRT17",41619442,41624842,5400
"ENSG00000128463","EMC4",34225013,34230156,5143
"ENSG00000128482","RNF112",19411125,19417276,6151
"ENSG00000128487","SPECC1",20009344,20319026,309682
"ENSG00000128510","CPA4",130293134,130324180,31046
"ENSG00000128512","DOCK4",111726110,112206411,480301
"ENSG00000128513","POT1",124822386,124929983,107597
"ENSG00000128519","TAS2R16",122994704,122995700,996
"ENSG00000128536","CDHR3",105876796,106036432,159636
"ENSG00000128563","PRKRIP1",102363872,102426676,62804
"ENSG00000128567","PODXL",131500262,131558217,57955
"ENSG00000128573","FOXP2",114086327,114693772,607445
"ENSG00000128578","FAM40B",129434432,129488399,53967
"ENSG00000128585","MKLN1",131110096,131496632,386536
"ENSG00000128590","DNAJB9",108569867,108574850,4983
"ENSG00000128591","FLNC",128830377,128859274,28897
"ENSG00000128594","LRRC4",128027071,128032107,5036
"ENSG00000128595","CALU",128739292,128773400,34108
"ENSG00000128596","CCDC136",128790757,128822132,31375
"ENSG00000128602","SMO",129188633,129213545,24912
"ENSG00000128604","IRF5",128937457,128950038,12581
"ENSG00000128606","LRRC17",102913000,102945111,32111
"ENSG00000128607","KLHDC10",130070534,130135705,65171
"ENSG00000128610","FEZF1",122301303,122310691,9388
"ENSG00000128617","OPN1SW",128772491,128775790,3299
"ENSG00000128626","MRPS12",38930548,38933162,2614
"ENSG00000128641","MYO1B",191245185,191425389,180204
"ENSG00000128652","HOXD3",176136612,176173102,36490
"ENSG00000128654","MTX2",176269395,176338025,68630
"ENSG00000128655","PDE11A",177623244,178072777,449533
"ENSG00000128656","CHN1",174799313,175005381,206068
"ENSG00000128683","GAD1",170813213,170861151,47938
"ENSG00000128694","OSGEPL1",189746660,189763227,16567
"ENSG00000128699","ORMDL1",189770267,189784364,14097
"ENSG00000128708","HAT1",171922448,171983686,61238
"ENSG00000128710","HOXD10",176108790,176119942,11152
"ENSG00000128713","HOXD11",176104216,176109754,5538
"ENSG00000128714","HOXD13",176092721,176095944,3223
"ENSG00000128731","HERC2",28111040,28322172,211132
"ENSG00000128739","SNRPN",24823637,24978723,155086
"ENSG00000128789","PSMG2",12658043,12725740,67697
"ENSG00000128791","TWSG1",9334767,9402420,67653
"ENSG00000128805","ARHGAP22",48446034,48656265,210231
"ENSG00000128815","WDFY4",48684876,48982956,298080
"ENSG00000128829","EIF2AK4",39934115,40035591,101476
"ENSG00000128833","MYO5C",52192322,52295804,103482
"ENSG00000128849","CGNL1",57375967,57550727,174760
"ENSG00000128881","TTBK2",42738730,42920809,182079
"ENSG00000128886","ELL3",43772605,43777315,4710
"ENSG00000128908","INO80",40978880,41116280,137400
"ENSG00000128915","NARG2",60419609,60479160,59551
"ENSG00000128917","DLL4",40929340,40939073,9733
"ENSG00000128918","ALDH1A2",57953424,58497866,544442
"ENSG00000128923","FAM63B",58771192,58861900,90708
"ENSG00000128928","IVD",40405485,40435947,30462
"ENSG00000128944","C15orf23",40382721,40394246,11525
"ENSG00000128951","DUT",48331011,48343373,12362
"ENSG00000128965","CHAC1",40952962,40956512,3550
"ENSG00000128973","CLN6",68206992,68257211,50219
"ENSG00000128989","ARPP19",52547045,52569883,22838
"ENSG00000129003","VPS13C",61852389,62060473,208084
"ENSG00000129009","ISLR",74173710,74176872,3162
"ENSG00000129028","THAP10",70881342,70892433,11091
"ENSG00000129038","LOXL1",73925989,73952137,26148
"ENSG00000129048","CCRL1",132597237,132618967,21730
"ENSG00000129071","MBD4",129430944,129440179,9235
"ENSG00000129083","COPB1",14443440,14500027,56587
"ENSG00000129084","PSMA1",14504874,14643635,138761
"ENSG00000129103","SUMF2",56064002,56080670,16668
"ENSG00000129116","PALLD",168497052,168928457,431405
"ENSG00000129128","SPCS3",176319966,176332245,12279
"ENSG00000129151","BBOX1",27040725,27127809,87084
"ENSG00000129158","SERGEF",17788048,18013047,224999
"ENSG00000129159","KCNC1",17734774,17856804,122030
"ENSG00000129167","TPH1",18017564,18042426,24862
"ENSG00000129173","E2F8",19224063,19241620,17557
"ENSG00000129187","DCTD",182890060,182917936,27876
"ENSG00000129194","SOX15",7588178,7590170,1992
"ENSG00000129195","FAM64A",6444441,6451469,7028
"ENSG00000129197","RPAIN",5419641,5432876,13235
"ENSG00000129204","USP6",5116438,5175034,58596
"ENSG00000129214","SHBG",7613946,7633382,19436
"ENSG00000129219","PLD2",4807152,4823434,16282
"ENSG00000129221","AIPL1",6393693,6435199,41506
"ENSG00000129226","CD68",7579491,7582111,2620
"ENSG00000129244","ATP1B2",7646627,7657770,11143
"ENSG00000129245","FXR2",7591230,7614871,23641
"ENSG00000129250","KIF1C",4997950,5028401,30451
"ENSG00000129292","PHF20L1",132775358,132848807,73449
"ENSG00000129295","LRRC6",132570416,132675592,105176
"ENSG00000129315","CCNT1",48688458,48716998,28540
"ENSG00000129317","PUS7L",43718993,43758817,39824
"ENSG00000129347","KRI1",10553078,10566037,12959
"ENSG00000129351","ILF3",10654261,10692417,38156
"ENSG00000129353","SLC44A2",10602457,10644557,42100
"ENSG00000129354","AP1M2",10572671,10587315,14644
"ENSG00000129355","CDKN2D",10566462,10569059,2597
"ENSG00000129422","MTUS1",17643795,17800917,157122
"ENSG00000129437","KLK14",51077495,51084245,6750
"ENSG00000129450","SIGLEC9",51124908,51136651,11743
"ENSG00000129451","KLK10",51012739,51020175,7436
"ENSG00000129455","KLK8",50996007,51002711,6704
"ENSG00000129460","NGDN",23469689,23509862,40173
"ENSG00000129465","RIPK3",24336025,24340022,3997
"ENSG00000129467","ADCY4",24318349,24335093,16744
"ENSG00000129472","RAB2B",21459020,21476960,17940
"ENSG00000129473","BCL2L2",23298790,23311759,12969
"ENSG00000129474","AJUBA",22971177,22982551,11374
"ENSG00000129484","PARP2",20343582,20357905,14323
"ENSG00000129493","HEATR5A",31291788,31420550,128762
"ENSG00000129514","FOXA1",37589552,37596059,6507
"ENSG00000129515","SNX6",34561094,34630183,69089
"ENSG00000129518","EAPP",34515938,34539711,23773
"ENSG00000129534","MIS18BP1",45203190,45253540,50350
"ENSG00000129535","NRL",24080107,24115014,34907
"ENSG00000129562","DAD1",22564907,22589224,24317
"ENSG00000129566","TEP1",20365667,20413501,47834
"ENSG00000129595","EPB41L4A",112142441,112419313,276872
"ENSG00000129596","CDO1",115804733,115816659,11926
"ENSG00000129625","REEP5",112876385,112922289,45904
"ENSG00000129636","ITFG1",47154387,47464149,309762
"ENSG00000129646","QRICH2",76274049,76307998,33949
"ENSG00000129654","FOXJ1",76136333,76141245,4912
"ENSG00000129657","SEC14L1",77088749,77217101,128352
"ENSG00000129667","RHBDF2",76470891,76501790,30899
"ENSG00000129673","AANAT",76453351,76470117,16766
"ENSG00000129675","ARHGEF6",136665547,136780932,115385
"ENSG00000129680","MAP7D3",136213220,136256482,43262
"ENSG00000129682","FGF13",138614727,139222777,608050
"ENSG00000129691","ASH2L",38105242,38144076,38834
"ENSG00000129696","TTI2",33473386,33513601,40215
"ENSG00000129749","CHRNA10",3665587,3671384,5797
"ENSG00000129810","SGOL1",20160593,20186206,25613
"ENSG00000129910","CDH15",89171767,89195492,23725
"ENSG00000129933","MAU2",19320829,19358754,37925
"ENSG00000129946","SHC2",416583,460996,44413
"ENSG00000129951","LPPR3",812488,821977,9489
"ENSG00000129965","INS-IGF2",2132538,2161209,28671
"ENSG00000129968","FAM108A1",1876810,1885547,8737
"ENSG00000129988","LBP",38346482,38377013,30531
"ENSG00000129990","SYT5",55171196,55180289,9093
"ENSG00000129991","TNNI3",55151767,55157773,6006
"ENSG00000129993","CBFA2T3",88874858,88977204,102346
"ENSG00000130005","GAMT",1397026,1401570,4544
"ENSG00000130021","HDHD1",6667865,7148190,480325
"ENSG00000130023","C6orf70",169751622,169781600,29978
"ENSG00000130032","PRRG3",151694658,151705924,11266
"ENSG00000130035","GALNT8",4720341,4851927,131586
"ENSG00000130037","KCNA5",5043989,5046788,2799
"ENSG00000130038","EFCAB4B",3606633,3764819,158186
"ENSG00000130045","NXNL2",88534033,88584274,50241
"ENSG00000130052","STARD8",68647666,68725842,78176
"ENSG00000130054","FAM155B",69505241,69532508,27267
"ENSG00000130055","GDPD2",70423031,70433390,10359
"ENSG00000130066","SAT1",23783173,23786226,3053
"ENSG00000130119","GNL3L",54530211,54567289,37078
"ENSG00000130147","SH3BP4",234952017,235055714,103697
"ENSG00000130150","MOSPD2",14873421,14922327,48906
"ENSG00000130158","DOCK6",11199295,11262524,63229
"ENSG00000130159","ECSIT",11505929,11529172,23243
"ENSG00000130164","LDLR",11089362,11133816,44454
"ENSG00000130165","ELOF1",11551147,11559236,8089
"ENSG00000130167","TSPAN16",11296139,11326996,30857
"ENSG00000130175","PRKCSH",11435288,11450968,15680
"ENSG00000130176","CNN1",11538767,11550323,11556
"ENSG00000130177","CDC16",114234887,114272723,37836
"ENSG00000130182","ZSCAN10",3088890,3099295,10405
"ENSG00000130202","PVRL2",44846175,44889223,43048
"ENSG00000130204","TOMM40",44890569,44903689,13120
"ENSG00000130222","GADD45G",89605012,89606555,1543
"ENSG00000130224","LRCH2",115110616,115234096,123480
"ENSG00000130226","DPP6",153887097,154894285,1007188
"ENSG00000130227","XPO7",21919662,22006585,86923
"ENSG00000130234","ACE2",15561033,15602148,41115
"ENSG00000130244","FAM98C",38403135,38409088,5953
"ENSG00000130254","SAFB2",5586999,5624046,37047
"ENSG00000130255","RPL36",5674947,5691875,16928
"ENSG00000130270","ATP8B3",1782075,1812276,30201
"ENSG00000130287","NCAN",19211958,19252233,40275
"ENSG00000130294","KIF1A",240713761,240821036,107275
"ENSG00000130299","GTPBP3",17334920,17342731,7811
"ENSG00000130300","PLVAP",17351450,17377342,25892
"ENSG00000130303","BST2",17402939,17405630,2691
"ENSG00000130304","SLC27A1",17468769,17506168,37399
"ENSG00000130305","NSUN5",73302517,73308867,6350
"ENSG00000130307","USHBP1",17249176,17282786,33610
"ENSG00000130309","GLT25D1",17555649,17583162,27513
"ENSG00000130313","PGLS",17511636,17521288,9652
"ENSG00000130338","TULP4",158232236,158511828,279592
"ENSG00000130340","SNX9",157700387,157945077,244690
"ENSG00000130347","RTN4IP1",106571971,106629487,57516
"ENSG00000130348","QRSL1",106629578,106668417,38839
"ENSG00000130363","RSPH3",158972871,159000187,27316
"ENSG00000130368","MAS1",159906690,159916530,9840
"ENSG00000130377","ACSBG2",6135247,6193094,57847
"ENSG00000130382","MLLT1",6210381,6279975,69594
"ENSG00000130383","FUT5",5865826,5870540,4714
"ENSG00000130385","BMP15",50910784,50916607,5823
"ENSG00000130396","MLLT4",167826922,167972023,145101
"ENSG00000130402","ACTN4",38647649,38731589,83940
"ENSG00000130413","STK33",8391868,8594289,202421
"ENSG00000130414","NDUFA10",239892450,240025345,132895
"ENSG00000130427","EPO",100720468,100723700,3232
"ENSG00000130429","ARPC1B",99374249,99394816,20567
"ENSG00000130433","CACNG6",53992288,54012669,20381
"ENSG00000130449","ZSWIM6",61332258,61546172,213914
"ENSG00000130475","FCHO1",17747718,17788568,40850
"ENSG00000130477","UNC13A",17601328,17688365,87037
"ENSG00000130479","MAP1S",17719242,17734513,15271
"ENSG00000130487","KLHDC7B",50546203,50551023,4820
"ENSG00000130508","PXDN",1631887,1744852,112965
"ENSG00000130511","SSBP4",18418864,18434562,15698
"ENSG00000130517","PGPEP1",18340598,18369950,29352
"ENSG00000130518","KIAA1683",18257097,18274509,17412
"ENSG00000130520","LSM4",18306230,18323274,17044
"ENSG00000130528","HRC",49151198,49155396,4198
"ENSG00000130529","TRPM4",49157741,49211836,54095
"ENSG00000130538","OR11H1",15528159,15529139,980
"ENSG00000130540","SULT4A1",43824509,43862513,38004
"ENSG00000130544","ZNF557",7069703,7087968,18265
"ENSG00000130545","CRB3",6463777,6467221,3444
"ENSG00000130558","OLFM1",135075422,135121179,45757
"ENSG00000130559","CAMSAP1",135808487,135907546,99059
"ENSG00000130560","UBAC1",135932969,135961380,28411
"ENSG00000130561","SAG",233307816,233347055,39239
"ENSG00000130584","ZBTB46",63743666,63832038,88372
"ENSG00000130589","PRIC285",63558086,63574239,16153
"ENSG00000130590","SAMD10",63974116,63980008,5892
"ENSG00000130592","LSP1",1852970,1892267,39297
"ENSG00000130595","TNNT3",1919703,1938706,19003
"ENSG00000130598","TNNI2",1838981,1841680,2699
"ENSG00000130600","H19",1995176,2001470,6294
"ENSG00000130612","CYP2G1P",40890826,40912357,21531
"ENSG00000130635","COL5A1",134641774,134844843,203069
"ENSG00000130638","ATXN10",45671798,45845307,173509
"ENSG00000130640","TUBGCP2",133278630,133312337,33707
"ENSG00000130649","CYP2E1",133520406,133561220,40814
"ENSG00000130653","PNPLA7",137459952,137550402,90450
"ENSG00000130669","PAK4",39125770,39182816,57046
"ENSG00000130675","MNX1",156994051,157010663,16612
"ENSG00000130684","ZNF337",25673195,25696853,23658
"ENSG00000130695","CEP85",26234200,26278808,44608
"ENSG00000130699","TAF4",61953469,62065810,112341
"ENSG00000130700","GATA5",62463497,62475995,12498
"ENSG00000130701","C20orf151",62410237,62427539,17302
"ENSG00000130702","LAMA5",62307955,62367312,59357
"ENSG00000130703","OSBPL2",62231922,62296213,64291
"ENSG00000130706","ADRM1",62302093,62308862,6769
"ENSG00000130707","ASS1",130444929,130501274,56345
"ENSG00000130711","PRDM12",130664594,130682981,18387
"ENSG00000130713","EXOSC2",130693721,130704894,11173
"ENSG00000130714","POMT1",131502902,131523806,20904
"ENSG00000130717","UCK1",131523801,131531264,7463
"ENSG00000130720","FIBCD1",130902438,130939286,36848
"ENSG00000130723","PRRC2B",131373636,131500197,126561
"ENSG00000130724","CHMP2A",58551566,58555124,3558
"ENSG00000130726","TRIM28",58544064,58550722,6658
"ENSG00000130733","YIPF2",10922185,10928681,6496
"ENSG00000130734","ATG4D",10543895,10553418,9523
"ENSG00000130741","EIF2S3",24054946,24078810,23864
"ENSG00000130748","TMEM160",47045909,47048624,2715
"ENSG00000130749","ZC3H4",47064187,47113776,49589
"ENSG00000130751","NPAS1",47019820,47045775,25955
"ENSG00000130755","GMFG",39328353,39342372,14019
"ENSG00000130758","MAP3K10",40191426,40215575,24149
"ENSG00000130762","ARHGEF16",3454665,3481113,26448
"ENSG00000130764","LRRC47",3778559,3796498,17939
"ENSG00000130766","SESN2",28259518,28282491,22973
"ENSG00000130768","SMPDL3B",27935000,27959157,24157
"ENSG00000130770","ATPIF1",28236109,28246906,10797
"ENSG00000130772","MED18",28329002,28335965,6963
"ENSG00000130775","THEMIS2",27872543,27886685,14142
"ENSG00000130779","CLIP1",122271432,122422632,151200
"ENSG00000130783","CCDC62",122774327,122827528,53201
"ENSG00000130787","HIP1R",122834453,122862961,28508
"ENSG00000130803","ZNF317",9140397,9163424,23027
"ENSG00000130811","EIF3G",10115014,10119918,4904
"ENSG00000130812","ANGPTL6",10092338,10102796,10458
"ENSG00000130813","C19orf66",10086122,10093252,7130
"ENSG00000130816","DNMT1",10133345,10231286,97941
"ENSG00000130818","ZNF426",9523223,9538645,15422
"ENSG00000130821","SLC6A8",153687926,153696588,8662
"ENSG00000130822","PNCK",153669730,153689010,19280
"ENSG00000130826","DKC1",154762742,154777689,14947
"ENSG00000130827","PLXNA3",154458281,154477779,19498
"ENSG00000130829","DUSP9",153642492,153651326,8834
"ENSG00000130830","MPP1",154778684,154821007,42323
"ENSG00000130844","ZNF331",53519527,53580269,60742
"ENSG00000130856","ZNF236",76822607,76970727,148120
"ENSG00000130876","SLC7A10",33208664,33225850,17186
"ENSG00000130881","LRP3",33177603,33208864,31261
"ENSG00000130921","C12orf65",123232916,123257959,25043
"ENSG00000130935","NOL11",67717931,67744531,26600
"ENSG00000130939","UBE4B",10032832,10181239,148407
"ENSG00000130940","CASZ1",10636604,10796650,160046
"ENSG00000130943","PKDREJ",46255663,46263355,7692
"ENSG00000130948","HSD17B3",96235306,96302176,66870
"ENSG00000130950","FAM22F",94318196,94328644,10448
"ENSG00000130956","HABP4",96450169,96491336,41167
"ENSG00000130958","SLC35D2",96313444,96383711,70267
"ENSG00000130962","PRRG1",37349275,37457295,108020
"ENSG00000130985","UBA1",47190861,47215128,24267
"ENSG00000130988","RGN",47078355,47093314,14959
"ENSG00000130997","POLN",2071918,2242121,170203
"ENSG00000131013","PPIL4",149504733,149546038,41305
"ENSG00000131015","ULBP2",149942014,149949235,7221
"ENSG00000131016","AKAP12",151239967,151358559,118592
"ENSG00000131018","SYNE1",152121684,152637801,516117
"ENSG00000131019","ULBP3",150061053,150069121,8068
"ENSG00000131023","LATS1",149658153,149718105,59952
"ENSG00000131037","EPS8L1",55072020,55087923,15903
"ENSG00000131042","LILRB2",54273821,54281184,7363
"ENSG00000131043","AAR2",36236459,36270918,34459
"ENSG00000131044","TTLL9",31870702,31944963,74261
"ENSG00000131050","BPIFA2",33161768,33181412,19644
"ENSG00000131051","RBM39",35701347,35742312,40965
"ENSG00000131055","COX4I2",31637888,31645006,7118
"ENSG00000131059","BPIFA3",33217310,33227758,10448
"ENSG00000131061","ZNF341",33731657,33792269,60612
"ENSG00000131067","GGT7",34844720,34872856,28136
"ENSG00000131068","DEFB118",31368618,31373923,5305
"ENSG00000131069","ACSS2",34872146,34927962,55816
"ENSG00000131080","EDA2R",66595637,66639298,43661
"ENSG00000131089","ARHGEF9",63634967,63809274,174307
"ENSG00000131094","C1QL1",44959693,44968303,8610
"ENSG00000131095","GFAP",44903159,44916937,13778
"ENSG00000131096","PYY",43952738,44004469,51731
"ENSG00000131100","ATP6V1E1",17592136,17628749,36613
"ENSG00000131115","ZNF227",44207547,44237268,29721
"ENSG00000131126","TEX101",43401496,43418597,17101
"ENSG00000131127","ZNF141",337814,384868,47054
"ENSG00000131148","EMC8",85771758,85799608,27850
"ENSG00000131149","KIAA0182",85169525,85676204,506679
"ENSG00000131153","GINS2",85676198,85690073,13875
"ENSG00000131171","SH3BGRL",81202102,81298547,96445
"ENSG00000131183","SLC34A1",177379235,177398848,19613
"ENSG00000131187","F12",177402140,177409576,7436
"ENSG00000131188","PRR7",177446445,177456286,9841
"ENSG00000131196","NFATC1",79395856,79529325,133469
"ENSG00000131233","GJA9",38874451,38881587,7136
"ENSG00000131236","CAP1",40040233,40072649,32416
"ENSG00000131238","PPT1",40071461,40097727,26266
"ENSG00000131242","RAB11FIP4",31391675,31538211,146536
"ENSG00000131263","RLIM",74585217,74614617,29400
"ENSG00000131264","CDX4",73447254,73455245,7991
"ENSG00000131269","ABCB7",75051048,75156732,105684
"ENSG00000131323","TRAF3",102777476,102911500,134024
"ENSG00000131351","HAUS8",17049729,17075625,25896
"ENSG00000131355","EMR3",14619117,14690027,70910
"ENSG00000131368","MRPS25",15042460,15065317,22857
"ENSG00000131370","SH3BP5",15254353,15341368,87015
"ENSG00000131373","HACL1",15560704,15601852,41148
"ENSG00000131374","TBC1D5",17157162,18444817,1287655
"ENSG00000131375","CAPN7",15206152,15252916,46764
"ENSG00000131378","RFTN1",16313574,16514026,200452
"ENSG00000131379","C3orf20",14675099,14773034,97935
"ENSG00000131381","ZFYVE20",15070073,15099163,29090
"ENSG00000131386","GALNTL2",16174680,16231992,57312
"ENSG00000131389","SLC6A6",14402576,14489349,86773
"ENSG00000131398","KCNC3",50311937,50333515,21578
"ENSG00000131400","NAPSA",50358477,50365830,7353
"ENSG00000131401","NAPSB",50333796,50344767,10971
"ENSG00000131408","NR1H2",50329653,50383387,53734
"ENSG00000131409","LRRC4B",50516892,50568435,51543
"ENSG00000131435","PDLIM4",132257696,132273454,15758
"ENSG00000131437","KIF3A",132692628,132737638,45010
"ENSG00000131459","GFPT2",180300698,180353336,52638
"ENSG00000131462","TUBG1",42609683,42615238,5555
"ENSG00000131467","PSME3",42824385,42843758,19373
"ENSG00000131470","PSMC3IP",42572315,42577831,5516
"ENSG00000131471","AOC3",42851184,42858130,6946
"ENSG00000131473","ACLY",41866917,41930542,63625
"ENSG00000131475","VPS25",42773449,42779599,6150
"ENSG00000131480","AOC2",42844580,42850707,6127
"ENSG00000131482","G6PC",42900797,42913369,12572
"ENSG00000131495","NDUFA2",140638740,140647785,9045
"ENSG00000131503","ANKHD1",140401814,140539856,138042
"ENSG00000131504","DIAPH1",141515016,141619055,104039
"ENSG00000131507","NDFIP1",142108779,142154440,45661
"ENSG00000131508","UBE2D2",139526431,139628434,102003
"ENSG00000131558","EXOC4",133253073,134066589,813516
"ENSG00000131584","ACAP3",1292390,1309609,17219
"ENSG00000131591","C1orf159",1081818,1116361,34543
"ENSG00000131620","ANO1",70078302,70189528,111226
"ENSG00000131626","PPFIA1",70270700,70385312,114612
"ENSG00000131634","TMEM204",1528688,1555580,26892
"ENSG00000131652","THOC6",3024027,3027755,3728
"ENSG00000131653","TRAF7",2155698,2178129,22431
"ENSG00000131669","NINJ1",93121496,93134251,12755
"ENSG00000131686","CA6",8945867,8975092,29225
"ENSG00000131697","NPHP4",5862811,5992473,129662
"ENSG00000131711","MAP1B",72107234,72209565,102331
"ENSG00000131721","RHOXF2",120158561,120165630,7069
"ENSG00000131724","IL13RA1",118727133,118794535,67402
"ENSG00000131725","WDR44",118346073,118449961,103888
"ENSG00000131730","CKMT2",81233320,81266398,33078
"ENSG00000131732","ZCCHC9",81301587,81313297,11710
"ENSG00000131737","KRT34",41377650,41382403,4753
"ENSG00000131738","KRT33B",41363494,41369800,6306
"ENSG00000131746","TNS4",40475828,40501623,25795
"ENSG00000131747","TOP2A",40388525,40417896,29371
"ENSG00000131748","STARD3",39637090,39664201,27111
"ENSG00000131759","RARA",40309180,40357643,48463
"ENSG00000131773","KHDRBS3",135457456,135656722,199266
"ENSG00000131778","CHD1L",147242654,147295765,53111
"ENSG00000131779","PEX11B",145911350,145918717,7367
"ENSG00000131781","FMO5",147175351,147243050,67699
"ENSG00000131788","PIAS3",145848522,145859836,11314
"ENSG00000131791","PRKAB2",147155106,147172550,17444
"ENSG00000131828","PDHA1",19343893,19361705,17812
"ENSG00000131831","RAI2",17800049,17861337,61288
"ENSG00000131844","MCCC2",71587288,71658706,71418
"ENSG00000131845","ZNF304",57351307,57359898,8591
"ENSG00000131848","ZSCAN5A",56219670,56368383,148713
"ENSG00000131849","ZNF132",58432814,58440153,7339
"ENSG00000131864","USP29",57119138,57131926,12788
"ENSG00000131871","VIMP",101270817,101277500,6683
"ENSG00000131873","CHSY1",101175727,101252048,76321
"ENSG00000131885","KRT17P1",16840895,16845881,4986
"ENSG00000131899","LLGL1",18225635,18244875,19240
"ENSG00000131910","NR0B2",26911489,26913975,2486
"ENSG00000131914","LIN28A",26410817,26429728,18911
"ENSG00000131931","THAP1",42836674,42843325,6651
"ENSG00000131941","RHPN2",32978592,33064888,86296
"ENSG00000131943","C19orf12",29698886,29715789,16903
"ENSG00000131944","C19orf40",32972209,32978222,6013
"ENSG00000131951","LRRC9",59919713,60063559,143846
"ENSG00000131966","ACTR10",58200080,58235636,35556
"ENSG00000131979","GCH1",54842008,54902826,60818
"ENSG00000131981","LGALS3",55124110,55145423,21313
"ENSG00000132000","PODNL1",13931187,13953392,22205
"ENSG00000132002","DNAJB1",14514769,14529770,15001
"ENSG00000132003","ZSWIM4",13795460,13832230,36770
"ENSG00000132004","FBXW9",12688053,12696631,8578
"ENSG00000132005","RFX1",13961530,14007039,45509
"ENSG00000132010","ZNF20",12092843,12140355,47512
"ENSG00000132016","C19orf57",13882348,13906452,24104
"ENSG00000132017","DCAF15",13952492,13961449,8957
"ENSG00000132024","CC2D1A",13906201,13930879,24678
"ENSG00000132026","RTBDN",12825478,12835428,9950
"ENSG00000132109","TRIM21",4384897,4393702,8805
"ENSG00000132122","SPATA6",48295373,48472208,176835
"ENSG00000132128","LRRC41",46261196,46303608,42412
"ENSG00000132141","CCT6B",34927859,34981078,53219
"ENSG00000132153","DHX30",47802909,47850195,47286
"ENSG00000132155","RAF1",12583601,12664226,80625
"ENSG00000132164","SLC6A11",10816201,10940714,124513
"ENSG00000132170","PPARG",12287368,12434356,146988
"ENSG00000132182","NUP210",13316235,13420322,104087
"ENSG00000132196","HSD17B7",162790702,162812817,22115
"ENSG00000132199","ENOSF1",670318,712662,42344
"ENSG00000132204","LINC00470",1254383,1408344,153961
"ENSG00000132205","EMILIN2",2847006,2916003,68997
"ENSG00000132254","ARFIP2",6474683,6481479,6796
"ENSG00000132256","TRIM5",5663557,5938619,275062
"ENSG00000132259","CNGA4",6234765,6244429,9664
"ENSG00000132274","TRIM22",5689697,5737089,47392
"ENSG00000132275","RRP8",6595072,6603616,8544
"ENSG00000132294","EFR3A",131904093,132013642,109549
"ENSG00000132297","HHLA1",132061486,132111159,49673
"ENSG00000132300","PTCD3",86106223,86142157,35934
"ENSG00000132305","IMMT",86143932,86195770,51838
"ENSG00000132313","MRPL35",86199355,86213790,14435
"ENSG00000132321","IQCA1",236324147,236507535,183388
"ENSG00000132323","ILKAP",238170402,238203708,33306
"ENSG00000132326","PER2",238244044,238290102,46058
"ENSG00000132330","SCLY",238060889,238099413,38524
"ENSG00000132334","PTPRE",127907061,128085855,178794
"ENSG00000132341","RAN",130872037,130877678,5641
"ENSG00000132356","PRKAA1",40759379,40798374,38995
"ENSG00000132357","CARD6",40841308,40860175,18867
"ENSG00000132359","RAP1GAP2",2755705,3037741,282036
"ENSG00000132361","KIAA0664",2689386,2712663,23277
"ENSG00000132376","INPP5K",1494577,1516742,22165
"ENSG00000132382","MYBBP1A",4538897,4555631,16734
"ENSG00000132383","RPA1",1829702,1900082,70380
"ENSG00000132386","SERPINF1",1762029,1777565,15536
"ENSG00000132394","EEFSEC",128153481,128408646,255165
"ENSG00000132405","TBC1D14",6909242,7033118,123876
"ENSG00000132406","TMEM128",4235542,4248223,12681
"ENSG00000132423","COQ3",99369401,99394195,24794
"ENSG00000132424","PNISR",99398050,99425331,27281
"ENSG00000132429","POPDC3",105157900,105180014,22114
"ENSG00000132434","LANCL2",55365448,55433742,68294
"ENSG00000132436","FIGNL1",50444128,50542535,98407
"ENSG00000132437","DDC",50458436,50565405,106969
"ENSG00000132446","FTHL17",31071233,31072041,808
"ENSG00000132463","GRSF1",70815783,70839897,24114
"ENSG00000132464","ENAM",70628744,70646824,18080
"ENSG00000132466","ANKRD17",73073376,73258798,185422
"ENSG00000132467","UTP3",70688532,70690551,2019
"ENSG00000132470","ITGB4",75721328,75757818,36490
"ENSG00000132471","WBP2",75845699,75856507,10808
"ENSG00000132475","H3F3B",75776434,75785893,9459
"ENSG00000132478","UNK",75784806,75825799,40993
"ENSG00000132481","TRIM47",75874164,75878581,4417
"ENSG00000132485","ZRANB2",71063291,71081289,17998
"ENSG00000132510","KDM6B",7839904,7854796,14892
"ENSG00000132514","CLEC10A",7074537,7080307,5770
"ENSG00000132517","SLC52A1",5032600,5052009,19409
"ENSG00000132518","GUCY2D",8002594,8020339,17745
"ENSG00000132522","GPS2",7311324,7315564,4240
"ENSG00000132530","XAF1",6755447,6775647,20200
"ENSG00000132535","DLG4",7187169,7219841,32672
"ENSG00000132541","HRSP12",98102344,98117171,14827
"ENSG00000132549","VPS13B",99013266,99877580,864314
"ENSG00000132554","RGS22",99960936,100131268,170332
"ENSG00000132561","MATN2",97868840,98036724,167884
"ENSG00000132563","REEP2",138439057,138446969,7912
"ENSG00000132589","FLOT2",28879335,28897733,18398
"ENSG00000132591","ERAL1",28855010,28861061,6051
"ENSG00000132600","PRMT7",68310974,68358563,47589
"ENSG00000132603","NIP7",69337996,69343106,5110
"ENSG00000132604","TERF2",69355567,69408571,53004
"ENSG00000132612","VPS4A",69311350,69326939,15589
"ENSG00000132613","MTSS1L",70661204,70686053,24849
"ENSG00000132622","HSPA12B",3732685,3753111,20426
"ENSG00000132623","ANKRD5",9986126,10058303,72177
"ENSG00000132631","C20orf79",18813726,18814392,666
"ENSG00000132635","PCED1A",2835314,2841190,5876
"ENSG00000132639","SNAP25",10218830,10307418,88588
"ENSG00000132640","BTBD3",11890723,11926609,35886
"ENSG00000132661","NXT1",23350791,23354771,3980
"ENSG00000132664","POLR3F",18467389,18484646,17257
"ENSG00000132669","RIN2",19757606,20002459,244853
"ENSG00000132670","PTPRA",2864184,3039076,174892
"ENSG00000132671","SSTR4",23035386,23036812,1426
"ENSG00000132676","DAP3",155687960,155739010,51050
"ENSG00000132677","RHBG",156369211,156385219,16008
"ENSG00000132680","KIAA0907",155913045,155934413,21368
"ENSG00000132681","ATP1A4",160151570,160186977,35407
"ENSG00000132688","NES",156668763,156677407,8644
"ENSG00000132692","BCAN",156641390,156659532,18142
"ENSG00000132693","CRP",159712289,159714589,2300
"ENSG00000132694","ARHGEF11",156934840,157045370,110530
"ENSG00000132698","RAB25",156061160,156070504,9344
"ENSG00000132702","HAPLN2",156619331,156625725,6394
"ENSG00000132703","APCS",159587826,159588865,1039
"ENSG00000132704","FCRL2",157745733,157777132,31399
"ENSG00000132716","DCAF8",160215715,160262531,46816
"ENSG00000132718","SYT11",155859567,155885199,25632
"ENSG00000132740","IGHMBP2",68903842,68940602,36760
"ENSG00000132744","ACY3",67642555,67650730,8175
"ENSG00000132746","ALDH3B2",67662162,67681200,19038
"ENSG00000132749","MTL5",68707440,68751520,44080
"ENSG00000132763","MMACHC",45500300,45513382,13082
"ENSG00000132768","DPH2",43970000,43973369,3369
"ENSG00000132773","TOE1",45340052,45343973,3921
"ENSG00000132780","NASP",45583846,45618904,35058
"ENSG00000132781","MUTYH",45329163,45340470,11307
"ENSG00000132792","CTNNBL1",37693955,37872129,178174
"ENSG00000132793","LPIN3",41340920,41360582,19662
"ENSG00000132801","ZSWIM3",45857614,45879122,21508
"ENSG00000132823","C20orf111",44195939,44210771,14832
"ENSG00000132824","SERINC3",44496221,44522085,25864
"ENSG00000132837","DMGDH",78997606,79236038,238432
"ENSG00000132840","BHMT2",79069767,79090069,20302
"ENSG00000132842","AP3B1",78000525,78294755,294230
"ENSG00000132849","INADL",61742406,62178675,436269
"ENSG00000132854","KANK4",62236165,62319434,83269
"ENSG00000132855","ANGPTL3",62597487,62606159,8672
"ENSG00000132872","SYT4",43267892,43277535,9643
"ENSG00000132874","SLC14A2",45212995,45683686,470691
"ENSG00000132879","FBXO44",11654375,11663327,8952
"ENSG00000132881","RSG1",16231692,16237183,5491
"ENSG00000132906","CASP9",15490832,15526534,35702
"ENSG00000132911","NMUR2",152391532,152433368,41836
"ENSG00000132912","DCTN4",150708440,150759109,50669
"ENSG00000132915","PDE6A",149857953,149944793,86840
"ENSG00000132932","ATP8A2",25371974,26025851,653877
"ENSG00000132938","MTUS2",28820348,29505947,685599
"ENSG00000132950","ZMYM5",19823482,19863649,40167
"ENSG00000132952","USPL1",30617693,30660770,43077
"ENSG00000132953","XPO4",20777329,20903048,125719
"ENSG00000132958","TPTE2",19422877,19536762,113885
"ENSG00000132963","POMP",28659104,28678959,19855
"ENSG00000132964","CDK8",26254104,26405238,151134
"ENSG00000132965","ALOX5AP",30713478,30764426,50948
"ENSG00000132967","HMGB1P5",22381819,22382929,1110
"ENSG00000132970","WASF3",26557703,26688948,131245
"ENSG00000132972","RNF17",24764169,24879921,115752
"ENSG00000132975","GPR12",26755200,26760786,5586
"ENSG00000133019","CHRM3",239386565,239915452,528887
"ENSG00000133020","MYH8",10390322,10421950,31628
"ENSG00000133026","MYH10",8474205,8630761,156556
"ENSG00000133027","PEMT",17505563,17591708,86145
"ENSG00000133030","MPRIP",17042545,17217679,175134
"ENSG00000133048","CHI3L1",203178931,203186704,7773
"ENSG00000133055","MYBPH",203167811,203175826,8015
"ENSG00000133056","PIK3C2B",204422628,204494724,72096
"ENSG00000133059","DSTYK",205142505,205211702,69197
"ENSG00000133063","CHIT1",203212827,203273641,60814
"ENSG00000133065","SLC41A1",205789094,205813748,24654
"ENSG00000133067","LGR6",202193901,202319781,125880
"ENSG00000133069","TMCC2",205227946,205285632,57686
"ENSG00000133083","DCLK1",35768652,36131306,362654
"ENSG00000133103","COG6",39655627,39791665,136038
"ENSG00000133104","SPG20",36301638,36370180,68542
"ENSG00000133105","RXFP2",31739526,31803389,63863
"ENSG00000133106","EPSTI1",42886388,42992271,105883
"ENSG00000133107","TRPC4",37636636,37870425,233789
"ENSG00000133110","POSTN",37562583,37598844,36261
"ENSG00000133111","RFXAP",36819224,36829104,9880
"ENSG00000133112","TPT1",45333471,45341370,7899
"ENSG00000133114","KIAA1704",44989529,45037669,48140
"ENSG00000133115","STOML3",38965925,38991066,25141
"ENSG00000133116","KL",33016423,33066143,49720
"ENSG00000133121","STARD13",33103137,33350630,247493
"ENSG00000133124","IRS4",108732482,108736409,3927
"ENSG00000133131","MORC4",106813871,107000212,186341
"ENSG00000133134","BEX2",103309346,103311046,1700
"ENSG00000133135","RNF128",106693794,106797016,103222
"ENSG00000133136","GNG5P2",110346703,110346909,206
"ENSG00000133138","TBC1D8B",106802673,106876150,73477
"ENSG00000133193","FAM104A",73207353,73236753,29400
"ENSG00000133195","SLC39A11",72645949,73092712,446763
"ENSG00000133216","EPHB2",22710839,22921500,210661
"ENSG00000133226","SRRM1",24631716,24673281,41565
"ENSG00000133246","PRAM1",8490056,8502640,12584
"ENSG00000133247","SUV420H2",55339853,55348121,8268
"ENSG00000133250","ZNF414",8509678,8514167,4489
"ENSG00000133256","PDE6B",625584,670782,45198
"ENSG00000133265","HSPBP1",55262223,55280381,18158
"ENSG00000133275","CSNK1G2",1941172,1981338,40166
"ENSG00000133302","ANKRD32",94618669,94739436,120767
"ENSG00000133313","CNDP2",74495816,74523454,27638
"ENSG00000133315","MACROD1",63998558,64166113,167555
"ENSG00000133316","WDR74",62832342,62841809,9467
"ENSG00000133317","LGALS12",63506084,63516774,10690
"ENSG00000133318","RTN3",63681446,63759891,78445
"ENSG00000133321","RARRES3",63536808,63546462,9654
"ENSG00000133392","MYH11",15703135,15857028,153893
"ENSG00000133393","FOPNL",15865719,15888625,22906
"ENSG00000133401","PDZD2",31639131,32110932,471801
"ENSG00000133422","MORC2",30925130,30968774,43644
"ENSG00000133424","LARGE",33162226,33922841,760615
"ENSG00000133454","MYO18B",25742144,26031041,288897
"ENSG00000133460","SLC2A11",23856703,23886309,29606
"ENSG00000133466","C1QTNF6",37180166,37199385,19219
"ENSG00000133475","GGT2",21207973,21227637,19664
"ENSG00000133477","FAM83F",39994954,40043534,48580
"ENSG00000133488","SEC14L4",30488913,30505711,16798
"ENSG00000133519","ZDHHC8P1",23390606,23402726,12120
"ENSG00000133561","GIMAP6",150625375,150632648,7273
"ENSG00000133574","GIMAP4",150567369,150573953,6584
"ENSG00000133597","ADCK2",140672945,140696261,23316
"ENSG00000133606","MKRN1",140453033,140479536,26503
"ENSG00000133612","AGAP3",151085831,151144436,58605
"ENSG00000133619","KRBA1",149714781,149734575,19794
"ENSG00000133624","ZNF767",149547154,149624752,77598
"ENSG00000133627","ACTR3B",152759749,152855378,95629
"ENSG00000133640","LRRIQ1",85036314,85264457,228143
"ENSG00000133657","ATP13A3",194402672,194498364,95692
"ENSG00000133661","SFTPD",79937740,79982614,44874
"ENSG00000133665","DYDC2",80344745,80368073,23328
"ENSG00000133687","TMTC1",29500840,29784759,283919
"ENSG00000133703","KRAS",25204789,25250936,46147
"ENSG00000133704","IPO8",30628988,30695869,66881
"ENSG00000133706","LARS",146113034,146182650,69616
"ENSG00000133710","SPINK5",148025683,148137289,111606
"ENSG00000133731","IMPA1",81656914,81686331,29417
"ENSG00000133739","LRRCC1",85107215,85146080,38865
"ENSG00000133740","E2F5",85177154,85217158,40004
"ENSG00000133742","CA1",85327608,85379014,51406
"ENSG00000133789","SWAP70",9664077,9752993,88916
"ENSG00000133794","ARNTL",13276652,13387266,110614
"ENSG00000133800","LYVE1",10556966,10611689,54723
"ENSG00000133805","AMPD3",10308313,10507579,199266
"ENSG00000133812","SBF2",9778667,10294207,515540
"ENSG00000133816","MICAL2",12094008,12359144,265136
"ENSG00000133835","HSD17B4",119452473,119637199,184726
"ENSG00000133858","ZFC3H1",71609472,71667725,58253
"ENSG00000133863","TEX15",30831544,30913003,81459
"ENSG00000133872","TMEM66",30063012,30083208,20196
"ENSG00000133874","RNF122",33547754,33567128,19374
"ENSG00000133878","DUSP26",33591330,33600023,8693
"ENSG00000133884","DPF2",65333852,65354262,20410
"ENSG00000133895","MEN1",64803510,64811294,7784
"ENSG00000133943","C14orf159",91060333,91225632,165299
"ENSG00000133958","UNC79",93333219,93707876,374657
"ENSG00000133961","NUMB",73275107,73458617,183510
"ENSG00000133962","CATSPERB",91580696,91780707,200011
"ENSG00000133980","VRTN",74303069,74360008,56939
"ENSG00000133983","COX16",70325081,70416984,91903
"ENSG00000133985","TTC9",70641916,70675366,33450
"ENSG00000134001","EIF2S1",67360328,67386516,26188
"ENSG00000134007","ADAM20",70522358,70535015,12657
"ENSG00000134013","LOXL2",23297189,23425328,128139
"ENSG00000134014","ELP3",28089673,28191156,101483
"ENSG00000134020","PEBP4",22713251,23000000,286749
"ENSG00000134028","ADAMDEC1",24384285,24406013,21728
"ENSG00000134030","CTIF",48539031,48863217,324186
"ENSG00000134042","MRO",50795120,50825402,30282
"ENSG00000134056","MRPS36",69217760,69230158,12398
"ENSG00000134057","CCNB1",69167135,69178245,11110
"ENSG00000134058","CDK7",69234795,69277430,42635
"ENSG00000134061","CD180",67179613,67196799,17186
"ENSG00000134070","IRAK2",10164919,10243745,78826
"ENSG00000134072","CAMK1",9757347,9769992,12645
"ENSG00000134077","THUMPD3",9362971,9386791,23820
"ENSG00000134107","BHLHE40",4979116,4985323,6207
"ENSG00000134108","ARL8B",5122245,5180912,58667
"ENSG00000134109","EDEM1",5187646,5219958,32312
"ENSG00000134115","CNTN6",1092658,1404217,311559
"ENSG00000134121","CHL1",196763,409417,212654
"ENSG00000134138","MEIS2",36889204,37101299,212095
"ENSG00000134146","ATPBD4",35217345,35546193,328848
"ENSG00000134152","C15orf29",34140674,34210096,69422
"ENSG00000134153","EMC7",34084017,34101862,17845
"ENSG00000134160","TRPM1",31001061,31161273,160212
"ENSG00000134183","GNAT2",109603267,109619929,16662
"ENSG00000134186","PRPF38B",108692310,108702928,10618
"ENSG00000134193","REG4",119794017,119811580,17563
"ENSG00000134198","TSPAN2",115048011,115089503,41492
"ENSG00000134200","TSHB",115029824,115034309,4485
"ENSG00000134201","GSTM5",109711780,109775428,63648
"ENSG00000134202","GSTM3",109733932,109741038,7106
"ENSG00000134207","SYT6",114089291,114153919,64628
"ENSG00000134215","VAV3",107571161,107965180,394019
"ENSG00000134216","CHIA",111290851,111320566,29715
"ENSG00000134222","PSRC1",109279556,109283186,3630
"ENSG00000134240","HMGCS2",119747996,119768905,20909
"ENSG00000134242","PTPN22",113813811,113871753,57942
"ENSG00000134243","SORT1",109309568,109397918,88350
"ENSG00000134245","WNT2B",112466541,112530165,63624
"ENSG00000134247","PTGFRN",116909916,116990353,80437
"ENSG00000134249","ADAM30",119893533,119896495,2962
"ENSG00000134250","NOTCH2",119911553,120100779,189226
"ENSG00000134253","TRIM45",117111060,117122587,11527
"ENSG00000134255","CEPT1",111139627,111185104,45477
"ENSG00000134256","CD101",117001750,117036476,34726
"ENSG00000134258","VTCN1",117143587,117210960,67373
"ENSG00000134259","NGF",115285918,115338236,52318
"ENSG00000134262","AP4B1",113894194,113905201,11007
"ENSG00000134265","NAPG",10525905,10552764,26859
"ENSG00000134278","SPIRE1",12446512,12658134,211622
"ENSG00000134283","PPHLN1",42238447,42459715,221268
"ENSG00000134285","FKBP11",48921518,48926474,4956
"ENSG00000134291","TMEM106C",47963569,47968878,5309
"ENSG00000134294","SLC38A2",46358188,46372773,14585
"ENSG00000134297","PLEKHA8P1",45173064,45216041,42977
"ENSG00000134313","KIDINS220",8721081,8837630,116549
"ENSG00000134317","GRHL1",9951693,10002277,50584
"ENSG00000134318","ROCK2",11179759,11348330,168571
"ENSG00000134321","RSAD2",6865806,6898239,32433
"ENSG00000134323","MYCN",15940550,15947007,6457
"ENSG00000134324","LPIN1",11677595,11827409,149814
"ENSG00000134326","CMPK2",6840570,6866635,26065
"ENSG00000134330","IAH1",9473658,9496543,22885
"ENSG00000134333","LDHA",18394560,18408425,13865
"ENSG00000134339","SAA2",18239223,18248643,9420
"ENSG00000134343","ANO3",26309599,26663289,353690
"ENSG00000134352","IL6ST",55935095,55995022,59927
"ENSG00000134363","FST",53480626,53487134,6508
"ENSG00000134365","CFHR4",196888014,196918713,30699
"ENSG00000134369","NAV1",201622885,201826969,204084
"ENSG00000134371","CDC73",193121958,193254815,132857
"ENSG00000134375","TIMM17A",201955503,201970664,15161
"ENSG00000134376","CRB1",197268204,197478455,210251
"ENSG00000134389","CFHR5",196977556,197009674,32118
"ENSG00000134398","ERN2",23690310,23713226,22916
"ENSG00000134438","RAX",59267035,59274086,7051
"ENSG00000134440","NARS",57600656,57622213,21557
"ENSG00000134443","GRP",59220158,59230774,10616
"ENSG00000134444","KIAA1468",62187255,62310217,122962
"ENSG00000134452","FBXO18",5890203,5937594,47391
"ENSG00000134453","RBM17",6089034,6117457,28423
"ENSG00000134460","IL2RA",6010689,6062370,51681
"ENSG00000134461","ANKRD16",5861616,5889906,28290
"ENSG00000134463","ECHDC3",11742366,11764070,21704
"ENSG00000134480","CCNH",87318416,87412930,94514
"ENSG00000134489","HRH4",24460637,24479961,19324
"ENSG00000134490","TMEM241",23197144,23437961,240817
"ENSG00000134504","KCTD1",26454910,26657401,202491
"ENSG00000134508","CABLES1",23134564,23260467,125903
"ENSG00000134516","DOCK2",169637268,170083382,446114
"ENSG00000134531","EMP1",13196723,13219941,23218
"ENSG00000134532","SOX5",23529504,24562544,1033040
"ENSG00000134533","RERG",15107783,15348675,240892
"ENSG00000134538","SLCO1B1",21131202,21239246,108044
"ENSG00000134539","KLRD1",10226058,10329608,103550
"ENSG00000134545","KLRC1",10442264,10454685,12421
"ENSG00000134548","C12orf39",21526296,21541249,14953
"ENSG00000134569","LRP4",46856717,46918642,61925
"ENSG00000134571","MYBPC3",47331406,47352702,21296
"ENSG00000134574","DDB2",47214465,47239240,24775
"ENSG00000134575","ACP2",47239305,47248906,9601
"ENSG00000134588","USP26",133024631,133097109,72478
"ENSG00000134590","FAM127A",135032366,135033546,1180
"ENSG00000134594","RAB33A",130171962,130184870,12908
"ENSG00000134595","SOX3",140502985,140505116,2131
"ENSG00000134597","RBMX2",130401987,130413656,11669
"ENSG00000134602","MST4",132023302,132075943,52641
"ENSG00000134612","FOLH1B",89639237,89698718,59481
"ENSG00000134627","PIWIL4",94543840,94621421,77581
"ENSG00000134640","MTNR1B",92969720,92985066,15346
"ENSG00000134644","PUM1",30931506,31065991,134485
"ENSG00000134668","SPOCD1",31790422,31816051,25629
"ENSG00000134684","YARS",32775237,32818153,42916
"ENSG00000134686","PHC2",33323623,33431052,107429
"ENSG00000134690","CDCA8",37692481,37709719,17238
"ENSG00000134697","GNL2",37566816,37595937,29121
"ENSG00000134698","EIF2C4",35808016,35857890,49874
"ENSG00000134709","HOOK1",59814786,59876370,61584
"ENSG00000134716","CYP2J2",59893308,59926773,33465
"ENSG00000134717","BTF3L4",52056199,52090716,34517
"ENSG00000134744","ZCCHC11",52408282,52553487,145205
"ENSG00000134748","PRPF38A",52404602,52420836,16234
"ENSG00000134755","DSC2",31058840,31102522,43682
"ENSG00000134757","DSG3",31447741,31478702,30961
"ENSG00000134758","RNF138",32091874,32131561,39687
"ENSG00000134759","ELP2",36129444,36180557,51113
"ENSG00000134760","DSG1",31318160,31359246,41086
"ENSG00000134762","DSC3",30989365,31042815,53450
"ENSG00000134765","DSC1",31129236,31162856,33620
"ENSG00000134769","DTNA",34493290,34891844,398554
"ENSG00000134775","FHOD3",36297714,36780055,482341
"ENSG00000134779","TPGS2",36777647,36829216,51569
"ENSG00000134780","DAGLA",61680391,61747001,66610
"ENSG00000134802","SLC43A3",57406954,57427580,20626
"ENSG00000134812","GIF",59829273,59845499,16226
"ENSG00000134815","DHX34",47349315,47382704,33389
"ENSG00000134817","APLNR",57233577,57237314,3737
"ENSG00000134824","FADS2",61792980,61867354,74374
"ENSG00000134827","TCN1",59852800,59866489,13689
"ENSG00000134830","GPR77",47332147,47347327,15180
"ENSG00000134851","TMEM165",55395957,55453397,57440
"ENSG00000134852","CLOCK",55427903,55546909,119006
"ENSG00000134853","PDGFRA",54229280,54298245,68965
"ENSG00000134871","COL4A2",110305812,110513209,207397
"ENSG00000134873","CLDN10",95433604,95579759,146155
"ENSG00000134874","DZIP1",95578202,95644703,66501
"ENSG00000134882","UBAC2",99200774,99386434,185660
"ENSG00000134884","ARGLU1",106541673,106568137,26464
"ENSG00000134897","BIVM",102799119,102841533,42414
"ENSG00000134899","ERCC5",102807146,102876001,68855
"ENSG00000134900","TPP2",102596986,102679958,82972
"ENSG00000134901","KDELC1",102784281,102798976,14695
"ENSG00000134905","CARS2",110641412,110713603,72191
"ENSG00000134909","ARHGAP32",128965060,129279324,314264
"ENSG00000134917","ADAMTS8",130404923,130428609,23686
"ENSG00000134940","ACRV1",125671522,125681123,9601
"ENSG00000134954","ETS1",128458761,128587558,128797
"ENSG00000134955","SLC37A2",125063067,125090312,27245
"ENSG00000134962","KLB",39406930,39451533,44603
"ENSG00000134982","APC",112707498,112846239,138741
"ENSG00000134986","NREP",111662621,111997464,334843
"ENSG00000134987","WDR36",111091716,111130502,38786
"ENSG00000135002","RFK",76385526,76394517,8991
"ENSG00000135018","UBQLN1",83659968,83707958,47990
"ENSG00000135040","NAA35",85941146,86022298,81152
"ENSG00000135046","ANXA1",73151865,73170393,18528
"ENSG00000135047","CTSL1",87726109,87731469,5360
"ENSG00000135048","TMEM2",71683366,71816690,133324
"ENSG00000135049","AGTPBP1",85546539,85742029,195490
"ENSG00000135052","GOLM1",86026146,86100173,74027
"ENSG00000135063","FAM189A2",69324567,69392558,67991
"ENSG00000135069","PSAT1",78297125,78330093,32968
"ENSG00000135074","ADAM19",157395534,157575775,180241
"ENSG00000135077","HAVCR2",157085832,157142869,57037
"ENSG00000135083","CCNJL",160249106,160345396,96290
"ENSG00000135090","TAOK3",118149801,118372907,223106
"ENSG00000135093","USP30",109023089,109088023,64934
"ENSG00000135097","MSI1",120341330,120369164,27834
"ENSG00000135100","HNF1A",120978543,121002512,23969
"ENSG00000135108","FBXO21",117141988,117190531,48543
"ENSG00000135111","TBX3",114670255,114684175,13920
"ENSG00000135114","OASL",121019111,121039242,20131
"ENSG00000135119","RNFT2",116738178,116853631,115453
"ENSG00000135124","P2RX4",121209857,121234106,24249
"ENSG00000135144","DTX1",113056709,113098028,41319
"ENSG00000135148","TRAFD1",112125538,112153604,28066
"ENSG00000135164","DMTF1",87152361,87196337,43976
"ENSG00000135175","OCM2",97984684,97991169,6485
"ENSG00000135185","C7orf23",87196160,87220587,24427
"ENSG00000135205","CCDC146",77122434,77329533,207099
"ENSG00000135211","TMEM60",77793728,77798434,4706
"ENSG00000135218","CD36",80369575,80679277,309702
"ENSG00000135220","UGT2A3",68928463,68951804,23341
"ENSG00000135222","CSN2",69955256,69961007,5751
"ENSG00000135226","UGT2B28",69280499,69295050,14551
"ENSG00000135241","PNPLA8",108470417,108569666,99249
"ENSG00000135245","HILPDA",128455849,128458418,2569
"ENSG00000135248","FAM71F1",128709061,128731743,22682
"ENSG00000135249","RINT1",105532169,105567677,35508
"ENSG00000135250","SRPK2",105110704,105399308,288604
"ENSG00000135253","KCP",128862451,128910719,48268
"ENSG00000135269","TES",116210506,116258783,48277
"ENSG00000135272","MDFIC",114922154,115019202,97048
"ENSG00000135297","MTO1",73461578,73509236,47658
"ENSG00000135298","BAI3",68635282,69389506,754224
"ENSG00000135299","ANKRD6",89433152,89633834,200682
"ENSG00000135312","HTR1B",77461753,77463773,2020
"ENSG00000135315","KIAA1009",84124241,84227643,103402
"ENSG00000135316","SYNCRIP",85607785,85643792,36007
"ENSG00000135317","SNX14",85505496,85594156,88660
"ENSG00000135318","NT5E",85449584,85495791,46207
"ENSG00000135324","MRAP2",84033772,84090881,57109
"ENSG00000135333","EPHA7",93240020,93419559,179539
"ENSG00000135336","ORC3",87590067,87667453,77386
"ENSG00000135338","LCA5",79484991,79537458,52467
"ENSG00000135341","MAP3K7",90513573,90587072,73499
"ENSG00000135346","CGA",87085498,87095406,9908
"ENSG00000135355","GJA10",89894469,89921760,27291
"ENSG00000135362","PRR5L",36296288,36465204,168916
"ENSG00000135363","LMO2",33858576,33892076,33500
"ENSG00000135365","PHF21A",45929323,46121178,191855
"ENSG00000135372","NAT10",34105617,34147670,42053
"ENSG00000135373","EHF",34621093,34661057,39964
"ENSG00000135387","CAPRIN1",34051731,34102610,50879
"ENSG00000135390","ATP5G2",53632726,53677408,44682
"ENSG00000135392","DNAJC14",55820960,55830824,9864
"ENSG00000135404","CD63",55725323,55729707,4384
"ENSG00000135407","AVIL",57797376,57818704,21328
"ENSG00000135409","AMHR2",53423855,53431672,7817
"ENSG00000135413","LACRT",54630811,54634895,4084
"ENSG00000135424","ITGA7",55684568,55716043,31475
"ENSG00000135426","TESPA1",54948015,54984762,36747
"ENSG00000135436","FAM186B",49582885,49605639,22754
"ENSG00000135437","RDH5",55720367,55724705,4338
"ENSG00000135439","AGAP2",57723761,57742157,18396
"ENSG00000135441","BLOC1S1",55716037,55720087,4050
"ENSG00000135443","KRT85",52360006,52367481,7475
"ENSG00000135446","CDK4",57747727,57756013,8286
"ENSG00000135447","PPP1R1A",54575387,54588659,13272
"ENSG00000135451","TROAP",49323236,49331731,8495
"ENSG00000135452","TSPAN31",57738013,57750219,12206
"ENSG00000135454","B4GALNT1",57623409,57633239,9830
"ENSG00000135457","TFCP2",51093663,51173134,79471
"ENSG00000135469","COQ10A",56266858,56270966,4108
"ENSG00000135472","FAIM2",49866896,49904217,37321
"ENSG00000135473","PAN2",56316223,56334053,17830
"ENSG00000135476","ESPL1",53268299,53293643,25344
"ENSG00000135477","KRT121P",52250466,52258867,8401
"ENSG00000135480","KRT7",52232520,52252186,19666
"ENSG00000135482","ZC3H10",56118260,56127514,9254
"ENSG00000135486","HNRNPA1",54280193,54287088,6895
"ENSG00000135502","SLC26A10",57619527,57626151,6624
"ENSG00000135503","ACVR1B",51951699,51997078,45379
"ENSG00000135506","OS9",57693955,57721557,27602
"ENSG00000135517","MIP",56449502,56469166,19664
"ENSG00000135519","KCNH3",49539030,49558337,19307
"ENSG00000135521","LTV1",143843338,143863812,20474
"ENSG00000135525","MAP7",136342281,136550819,208538
"ENSG00000135535","CD164",109366514,109382467,15953
"ENSG00000135537","LACE1",108294894,108526796,231902
"ENSG00000135540","NHSL1",138422043,138692571,270528
"ENSG00000135541","AHI1",135283532,135497765,214233
"ENSG00000135547","HEY2",125747664,125761269,13605
"ENSG00000135549","PKIB",122471917,122726373,254456
"ENSG00000135569","TAAR5",132588673,132589686,1013
"ENSG00000135577","NMBR",142058330,142088799,30469
"ENSG00000135587","SMPD2",109440724,109443919,3195
"ENSG00000135596","MICAL1",109444062,109465968,21906
"ENSG00000135597","REPS1",138903493,138988261,84768
"ENSG00000135604","STX11",144150526,144188370,37844
"ENSG00000135605","TEC",48135783,48269838,134055
"ENSG00000135622","SEMA4F",74654228,74683853,29625
"ENSG00000135624","CCT7",73233420,73253021,19601
"ENSG00000135625","EGR4",73290929,73293705,2776
"ENSG00000135631","RAB11FIP5",73073382,73156721,83339
"ENSG00000135632","SMYD5",73214222,73227221,12999
"ENSG00000135636","DYSF",71453722,71686768,233046
"ENSG00000135637","CCDC142",74471986,74483408,11422
"ENSG00000135655","USP15",62260338,62417431,157093
"ENSG00000135677","GNS",64713445,64759431,45986
"ENSG00000135678","CPM",68842197,68971570,129373
"ENSG00000135679","MDM2",68808177,68850686,42509
"ENSG00000135686","KLHL36",84648511,84667686,19175
"ENSG00000135697","BCMO1",81238689,81291142,52453
"ENSG00000135698","MPHOSPH6",82147798,82170224,22426
"ENSG00000135702","CHST5",75528535,75535247,6712
"ENSG00000135709","KIAA0513",85027751,85094230,66479
"ENSG00000135720","DYNC1LI2",66720893,66751609,30716
"ENSG00000135722","FBXL8",67159932,67164570,4638
"ENSG00000135723","FHOD1",67229387,67247481,18094
"ENSG00000135736","CCDC102A",57512181,57536571,24390
"ENSG00000135740","SLC9A5",67237683,67272191,34508
"ENSG00000135744","AGT",230702523,230714122,11599
"ENSG00000135747","ZNF670",246945547,247078811,133264
"ENSG00000135749","PCNXL2",232983435,233295725,312290
"ENSG00000135750","KCNK1",233614004,233672512,58508
"ENSG00000135763","URB2",229626247,229660200,33953
"ENSG00000135773","CAPN9",230747384,230802003,54619
"ENSG00000135775","COG2",230642481,230693982,51501
"ENSG00000135776","ABCB10",229516582,229558707,42125
"ENSG00000135778","NTPCR",232950605,232983882,33277
"ENSG00000135801","TAF5L",229593111,229626047,32936
"ENSG00000135821","GLUL",182381704,182392206,10502
"ENSG00000135823","STX6",180972712,181023121,50409
"ENSG00000135824","RGS8",182641816,182684576,42760
"ENSG00000135828","RNASEL",182573634,182589256,15622
"ENSG00000135829","DHX9",182839347,182887982,48635
"ENSG00000135835","KIAA1614",180912897,180951614,38717
"ENSG00000135837","CEP350",179954773,180114875,160102
"ENSG00000135838","NPL",182789293,182830384,41091
"ENSG00000135842","FAM129A",184790724,184974508,183784
"ENSG00000135845","PIGC",172370189,172444086,73897
"ENSG00000135862","LAMC1",183023420,183145592,122172
"ENSG00000135870","RC3H1",173931214,174022297,91083
"ENSG00000135898","GPR55",230907318,230961066,53748
"ENSG00000135899","SP110",230167293,230225729,58436
"ENSG00000135902","CHRND",232525993,232536667,10674
"ENSG00000135903","PAX3",222199888,222298996,99108
"ENSG00000135905","DOCK10",224765090,225042445,277355
"ENSG00000135912","TTLL4",218710835,218755416,44581
"ENSG00000135913","USP37",218450251,218568351,118100
"ENSG00000135914","HTR2B",231108230,231125042,16812
"ENSG00000135916","ITM2C",230864639,230879248,14609
"ENSG00000135917","SLC19A3",227683763,227718028,34265
"ENSG00000135919","SERPINE2",223975045,224039318,64273
"ENSG00000135924","DNAJB2",219279267,219286900,7633
"ENSG00000135926","TMBIM1",218274197,218292586,18389
"ENSG00000135929","CYP27A1",218781749,218815293,33544
"ENSG00000135930","EIF4E2",232550674,232583644,32970
"ENSG00000135931","ARMC9",231198546,231374837,176291
"ENSG00000135932","CAB39",230712842,230821075,108233
"ENSG00000135940","COX5B",97646040,97648383,2343
"ENSG00000135945","REV1",99400475,99490035,89560
"ENSG00000135951","TSGA10",98997261,99154964,157703
"ENSG00000135953","MFSD9",102714630,102736888,22258
"ENSG00000135956","TMEM127",96248516,96265994,17478
"ENSG00000135960","EDAR",108894471,108989372,94901
"ENSG00000135966","TGFBRAP1",105264391,105329735,65344
"ENSG00000135968","GCC2",108448561,108509415,60854
"ENSG00000135972","MRPS9",105038069,105099960,61891
"ENSG00000135973","GPR45",105241743,105243049,1306
"ENSG00000135974","C2orf49",105337532,105349211,11679
"ENSG00000135976","ANKRD36",97113218,97264434,151216
"ENSG00000135999","EPC2",148644440,148787569,143129
"ENSG00000136002","ARHGEF4",130836916,131047263,210347
"ENSG00000136010","ALDH1L2",105019784,105107643,87859
"ENSG00000136011","STAB2",103587273,103766719,179446
"ENSG00000136014","USP44",95516560,95551476,34916
"ENSG00000136021","SCYL2",100267140,100341724,74584
"ENSG00000136026","CKAP4",106237881,106304279,66398
"ENSG00000136040","PLXNC1",94148577,94307675,159098
"ENSG00000136044","APPL2",105173297,105236203,62906
"ENSG00000136045","PWP1",107685799,107713162,27363
"ENSG00000136048","DRAM1",101877580,102012130,134550
"ENSG00000136051","KIAA1033",105107324,105169134,61810
"ENSG00000136052","SLC41A2",104802553,104958744,156191
"ENSG00000136059","VILL",37988059,38007188,19129
"ENSG00000136068","FLNB",58008400,58172251,163851
"ENSG00000136098","NEK3",52132639,52159861,27222
"ENSG00000136100","VPS36",52412602,52450634,38032
"ENSG00000136104","RNASEH2B",50909678,51024120,114442
"ENSG00000136108","CKAP2",52455429,52476628,21199
"ENSG00000136110","LECT1",52703264,52739820,36556
"ENSG00000136111","TBC1D4",75283503,75482114,198611
"ENSG00000136114","THSD1",52377167,52416373,39206
"ENSG00000136122","BORA",72727749,72756198,28449
"ENSG00000136141","LRCH1",46553168,46753040,199872
"ENSG00000136143","SUCLA2",47745736,48037968,292232
"ENSG00000136144","RCBTB1",49531946,49585558,53612
"ENSG00000136146","MED4",48053323,48095131,41808
"ENSG00000136147","PHF11",49495610,49528981,33371
"ENSG00000136152","COG3",45464898,45536701,71803
"ENSG00000136153","LMO7",75620434,75859870,239436
"ENSG00000136155","SCEL",77535674,77645263,109589
"ENSG00000136158","SPRY2",80335976,80341126,5150
"ENSG00000136159","NUDT15",48037726,48047221,9495
"ENSG00000136160","EDNRB",77895481,77975529,80048
"ENSG00000136161","RCBTB2",48488959,48533256,44297
"ENSG00000136167","LCP1",46125920,46211871,85951
"ENSG00000136169","SETDB2",49444374,49495003,50629
"ENSG00000136193","SCRN1",29920104,29990289,70185
"ENSG00000136197","C7orf25",42908726,42912305,3579
"ENSG00000136205","TNS3",47275154,47582558,307404
"ENSG00000136206","SPDYE1",43997897,44010122,12225
"ENSG00000136213","CHST12",2403588,2448484,44896
"ENSG00000136231","IGF2BP3",23310209,23470491,160282
"ENSG00000136235","GPNMB",23235967,23275108,39141
"ENSG00000136237","RAPGEF5",22118236,22357154,238918
"ENSG00000136240","KDELR2",6445953,6484190,38237
"ENSG00000136243","NUPL2",23181841,23201011,19170
"ENSG00000136244","IL6",22725884,22732002,6118
"ENSG00000136247","ZDHHC4",6577434,6589374,11940
"ENSG00000136250","AOAH",36512949,36724549,211600
"ENSG00000136261","BZW2",16646131,16706523,60392
"ENSG00000136267","DGKB",14145049,14974777,829728
"ENSG00000136270","TBRG4",45100100,45112047,11947
"ENSG00000136271","DDX56",44565417,44575051,9634
"ENSG00000136273","HUS1",47963288,47979615,16327
"ENSG00000136274","NACAD",45080437,45088969,8532
"ENSG00000136279","DBNL",44044640,44069456,24816
"ENSG00000136280","CCM2",44999475,45076469,76994
"ENSG00000136286","MYO1G",44962662,44979088,16426
"ENSG00000136297","MMD2",4905989,4959213,53224
"ENSG00000136305","CIDEB",24305096,24311430,6334
"ENSG00000136315","ECRP",20919361,20920299,938
"ENSG00000136319","TTC5",20256558,20305960,49402
"ENSG00000136327","NKX2-8",36580579,36582607,2028
"ENSG00000136367","ZFHX2",23520857,23556192,35335
"ENSG00000136371","MTHFS",79833585,79897379,63794
"ENSG00000136378","ADAMTS7",78759206,78811464,52258
"ENSG00000136379","FAM108C1",80679684,80755621,75937
"ENSG00000136381","IREB2",78437431,78501453,64022
"ENSG00000136383","ALPK3",84816680,84873482,56802
"ENSG00000136404","TM6SF1",83107407,83144854,37447
"ENSG00000136425","CIB2",78104606,78131544,26938
"ENSG00000136436","CALCOCO2",48830988,48866522,35534
"ENSG00000136444","RSAD1",50478860,50485974,7114
"ENSG00000136448","NMT1",45051610,45109016,57406
"ENSG00000136449","MYCBPAP",50508384,50531501,23117
"ENSG00000136450","SRSF1",58000919,58007346,6427
"ENSG00000136451","VEZF1",57971547,57988259,16712
"ENSG00000136457","CHAD",50464496,50468906,4410
"ENSG00000136463","TACO1",63600882,63608365,7483
"ENSG00000136478","TEX2",64147227,64263301,116074
"ENSG00000136485","DCAF7",63550477,63594279,43802
"ENSG00000136487","GH2",63880215,63881944,1729
"ENSG00000136488","CSH1",63894909,63896661,1752
"ENSG00000136492","BRIP1",61681266,61863521,182255
"ENSG00000136504","KAT7",49788681,49835026,46345
"ENSG00000136514","RTP4",187368385,187372076,3691
"ENSG00000136518","ACTL6A",179562886,179588407,25521
"ENSG00000136521","NDUFB5",179604690,179627647,22957
"ENSG00000136522","MRPL47",179588285,179604654,16369
"ENSG00000136527","TRA2B",185914558,185938103,23545
"ENSG00000136531","SCN2A",165194993,165392310,197317
"ENSG00000136535","TBR1",161416297,161425870,9573
"ENSG00000136536","MARCH7",159712457,159771027,58570
"ENSG00000136541","ERMN",157318625,157327713,9088
"ENSG00000136542","GALNT5",157257705,157318491,60786
"ENSG00000136546","SCN7A",166403573,166611482,207909
"ENSG00000136560","TANK",161136908,161236221,99313
"ENSG00000136573","BLK",11486894,11564599,77705
"ENSG00000136574","GATA4",11676959,11760002,83043
"ENSG00000136603","SKIL",170357678,170396835,39157
"ENSG00000136628","EPRS",219968600,220046530,77930
"ENSG00000136630","HLX",220879431,220885059,5628
"ENSG00000136631","VPS45",150067279,150145329,78050
"ENSG00000136636","KCTD3",215567304,215621807,54503
"ENSG00000136643","RPS6KC1",213051233,213274774,223541
"ENSG00000136688","IL36G",112973203,112985658,12455
"ENSG00000136689","IL1RN",113107214,113134016,26802
"ENSG00000136695","IL36RN",113058638,113065382,6744
"ENSG00000136696","IL36B",113022091,113052867,30776
"ENSG00000136697","IL1F10",113067970,113075850,7880
"ENSG00000136699","SMPD4",130151392,130182750,31358
"ENSG00000136709","WDR33",127701027,127811187,110160
"ENSG00000136710","CCDC115",130337933,130342699,4766
"ENSG00000136715","SAP130",127941217,128028120,86903
"ENSG00000136717","BIN1",127048027,127107288,59261
"ENSG00000136720","HS6ST1",128236716,128318868,82152
"ENSG00000136731","UGGT1",128091200,128195677,104477
"ENSG00000136738","STAM",17644151,17716824,72673
"ENSG00000136750","GAD2",26216665,26304558,87893
"ENSG00000136754","ABI1",26746593,26861087,114494
"ENSG00000136758","YME1L1",27110112,27155266,45154
"ENSG00000136770","DNAJC1",21756548,22003769,247221
"ENSG00000136783","NIPSNAP3A",104747683,104760120,12437
"ENSG00000136802","LRRC8A",128882112,128918039,35927
"ENSG00000136807","CDK9",127785679,127790787,5108
"ENSG00000136810","TXN",110243810,110256507,12697
"ENSG00000136811","ODF2",128455186,128501292,46106
"ENSG00000136813","KIAA0368",111360692,111484745,124053
"ENSG00000136816","TOR1B",129803157,129811281,8124
"ENSG00000136819","C9orf78",129827290,129835863,8573
"ENSG00000136824","SMC2",104094260,104141419,47159
"ENSG00000136826","KLF4",107484852,107490482,5630
"ENSG00000136827","TOR1A",129812942,129824244,11302
"ENSG00000136828","RALGPS1",126914774,127223166,308392
"ENSG00000136830","FAM129B",127505339,127578989,73650
"ENSG00000136834","OR1J1",122476958,122477926,968
"ENSG00000136839","OR13C9",104617248,104618204,956
"ENSG00000136840","ST6GALNAC4",127907886,127917041,9155
"ENSG00000136842","TMOD1",97501180,97601743,100563
"ENSG00000136848","DAB2IP",121567057,121785530,218473
"ENSG00000136854","STXBP1",127579370,127696027,116657
"ENSG00000136859","ANGPTL2",127087348,127122635,35287
"ENSG00000136861","CDK5RAP2",120388869,120580170,191301
"ENSG00000136866","ZFP37",113038380,113056759,18379
"ENSG00000136867","SLC31A2",113150976,113164140,13164
"ENSG00000136868","SLC31A1",113221544,113264492,42948
"ENSG00000136869","TLR4",117704175,117724735,20560
"ENSG00000136870","ZNF189",101398873,101410660,11787
"ENSG00000136872","ALDOB",101420560,101449664,29104
"ENSG00000136874","STX17",99906654,99974534,67880
"ENSG00000136875","PRPF4",113275343,113292905,17562
"ENSG00000136877","FPGS",127794597,127814327,19730
"ENSG00000136878","USP20",129834698,129881838,47140
"ENSG00000136881","BAAT",101360417,101383519,23102
"ENSG00000136883","KIF12",114086126,114099291,13165
"ENSG00000136891","TEX10",100302077,100352942,50865
"ENSG00000136895","GARNL3",127224265,127393660,169395
"ENSG00000136897","MRPL50",101387633,101398618,10985
"ENSG00000136908","DPM2",127935099,127938484,3385
"ENSG00000136918","WDR38",124853417,124857890,4473
"ENSG00000136925","TSTD2",97600080,97633368,33288
"ENSG00000136928","GABBR2",98288109,98708935,420826
"ENSG00000136929","HEMGN",97926791,97944856,18065
"ENSG00000136930","PSMB7",124353465,124415444,61979
"ENSG00000136931","NR5A1",124481236,124507420,26184
"ENSG00000136932","C9orf156",97904489,97922570,18081
"ENSG00000136933","RABEPK",125200542,125234158,33616
"ENSG00000136935","GOLGA1",124878357,124948492,70135
"ENSG00000136936","XPA",97674909,97697357,22448
"ENSG00000136937","NCBP1",97633668,97673748,40080
"ENSG00000136938","ANP32B",97983341,98015943,32602
"ENSG00000136939","OR1L4",122723990,122724925,935
"ENSG00000136940","PDCL",122798389,122828631,30242
"ENSG00000136942","RPL35",124857880,124861981,4101
"ENSG00000136943","CTSL2",97029677,97039643,9966
"ENSG00000136944","LMX1B",126614443,126701032,86589
"ENSG00000136950","ARPC5L",124862130,124877733,15603
"ENSG00000136960","ENPP2",119557086,119673453,116367
"ENSG00000136986","DERL1",123013170,123042302,29132
"ENSG00000136997","MYC",127735434,127742951,7517
"ENSG00000136999","NOV",119416446,119424434,7988
"ENSG00000137033","IL33",6215786,6257983,42197
"ENSG00000137038","C9orf123",7796500,7888380,91880
"ENSG00000137040","RANBP6",6011043,6015625,4582
"ENSG00000137055","PLAA",26903372,26947242,43870
"ENSG00000137070","IL11RA",34650702,34661892,11190
"ENSG00000137073","UBAP2",33921693,34048949,127256
"ENSG00000137074","APTX",32972606,33025168,52562
"ENSG00000137075","RNF38",36336396,36487548,151152
"ENSG00000137076","TLN1",35696948,35732195,35247
"ENSG00000137077","CCL21",34709005,34710136,1131
"ENSG00000137078","SIT1",35649295,35650950,1655
"ENSG00000137080","IFNA21",21165637,21166660,1023
"ENSG00000137090","DMRT1",841690,969090,127400
"ENSG00000137094","DNAJB5",34989641,34998900,9259
"ENSG00000137098","SPAG8",35808045,35812272,4227
"ENSG00000137100","DCTN3",34613545,34620523,6978
"ENSG00000137101","CD72",35609533,35646810,37277
"ENSG00000137103","TMEM8B",35814451,35865518,51067
"ENSG00000137106","GRHPR",37422666,37436990,14324
"ENSG00000137124","ALDH1B1",38392702,38398661,5959
"ENSG00000137135","ARHGEF39",35658875,35675866,16991
"ENSG00000137142","IGFBPL1",38406528,38424454,17926
"ENSG00000137145","DENND4C",19230435,19373545,143110
"ENSG00000137154","RPS6",19375715,19380254,4539
"ENSG00000137161","CNPY3",42929192,42939287,10095
"ENSG00000137166","FOXP4",41546426,41602384,55958
"ENSG00000137168","PPIL1",36854827,36874803,19976
"ENSG00000137171","KLC4",43040777,43075095,34318
"ENSG00000137177","KIF13A",17759183,17987635,228452
"ENSG00000137185","ZNF193",28224886,28233482,8596
"ENSG00000137198","GMPR",16238580,16295549,56969
"ENSG00000137200","FTSJD2",37433219,37482827,49608
"ENSG00000137203","TFAP2A",10393186,10419659,26473
"ENSG00000137204","SLC22A7",43295694,43305538,9844
"ENSG00000137207","YIPF3",43511832,43516985,5153
"ENSG00000137210","TMEM14B",10747759,10852753,104994
"ENSG00000137216","TMEM63B",44126914,44155519,28605
"ENSG00000137218","FRS3",41770176,41786542,16366
"ENSG00000137221","TJAP1",43477523,43506556,29033
"ENSG00000137225","CAPN11",44158811,44184401,25590
"ENSG00000137251","TINAG",54307859,54390142,82283
"ENSG00000137252","HCRTR2",55106460,55282620,176160
"ENSG00000137261","KIAA0319",24544104,24646191,102087
"ENSG00000137265","IRF4",391752,411443,19691
"ENSG00000137266","SLC22A23",3268962,3457022,188060
"ENSG00000137269","LRRC1",53794497,53924125,129628
"ENSG00000137270","GCM1",53126961,53148841,21880
"ENSG00000137273","FOXF2",1389576,1395603,6027
"ENSG00000137274","BPHL",3118374,3153578,35204
"ENSG00000137275","RIPK1",3063991,3115187,51196
"ENSG00000137285","TUBB2B",3224277,3231730,7453
"ENSG00000137288","MNF1",33694293,33711727,17434
"ENSG00000137309","HMGA1",34236873,34246231,9358
"ENSG00000137310","TCF19",31158547,31167159,8612
"ENSG00000137312","FLOT1",30727709,30742732,15023
"ENSG00000137331","IER3",30743199,30744548,1349
"ENSG00000137337","MDC1",30699807,30717447,17640
"ENSG00000137338","PGBD1",28281572,28302549,20977
"ENSG00000137343","ATAT1",30626842,30646823,19981
"ENSG00000137364","TPMT",18128311,18155077,26766
"ENSG00000137393","RNF144B",18387350,18468874,81524
"ENSG00000137409","MTCH1",36968141,36986298,18157
"ENSG00000137411","VARS2",30908242,30926459,18217
"ENSG00000137413","TAF8",42050513,42087461,36948
"ENSG00000137414","FAM8A1",17600302,17611715,11413
"ENSG00000137434","C6orf52",10671418,10694797,23379
"ENSG00000137441","FGFBP2",15960245,15969309,9064
"ENSG00000137449","CPEB2",15002674,15070153,67479
"ENSG00000137460","FHDC1",152936352,152979696,43344
"ENSG00000137462","TLR2",153684070,153705702,21632
"ENSG00000137463","MGARP",139266165,139280225,14060
"ENSG00000137473","TTC29",146706638,146945882,239244
"ENSG00000137474","MYO7A",77128246,77215241,86995
"ENSG00000137478","FCHSD2",72836745,73142318,305573
"ENSG00000137486","ARRB1",75260122,75351705,91583
"ENSG00000137491","SLCO2B1",75100563,75206549,105986
"ENSG00000137492","PRKRIR",76349956,76381132,31176
"ENSG00000137494","ANKRD42",83193739,83260694,66955
"ENSG00000137496","IL18BP",71998541,72005715,7174
"ENSG00000137497","NUMA1",72002864,72080693,77829
"ENSG00000137500","CCDC90B",83259097,83286407,27310
"ENSG00000137501","SYTL2",85694224,85811159,116935
"ENSG00000137502","RAB30",82973133,83071923,98790
"ENSG00000137504","CREBZF",85659708,85682908,23200
"ENSG00000137507","LRRC32",76657524,76670747,13223
"ENSG00000137509","PRCP",82822936,82970584,147648
"ENSG00000137513","NARS2",78435968,78574874,138906
"ENSG00000137522","RNF121",71929018,71997597,68579
"ENSG00000137547","MRPL15",54135210,54147901,12691
"ENSG00000137558","PI15",74824534,74855029,30495
"ENSG00000137561","TTPA",63048553,63086053,37500
"ENSG00000137563","GGH",63015079,63038806,23727
"ENSG00000137571","SLCO5A1",69667046,69834978,167932
"ENSG00000137573","SULF1",69466624,69660915,194291
"ENSG00000137574","TGS1",55773142,55825448,52306
"ENSG00000137575","SDCBP",58552924,58582859,29935
"ENSG00000137601","NEK1",169392857,169612629,219772
"ENSG00000137628","DDX60",168216294,168318804,102510
"ENSG00000137634","NXPE4",114570591,114595762,25171
"ENSG00000137642","SORL1",121452314,121633763,181449
"ENSG00000137648","TMPRSS4",118077012,118121890,44878
"ENSG00000137656","BUD13",116748170,116772987,24817
"ENSG00000137672","TRPC6",101451564,101872562,420998
"ENSG00000137674","MMP20",102576832,102625332,48500
"ENSG00000137675","MMP27",102691487,102705806,14319
"ENSG00000137691","C11orf70",102047437,102084554,37117
"ENSG00000137692","DCUN1D5",103050686,103092194,41508
"ENSG00000137693","YAP1",102110447,102233424,122977
"ENSG00000137699","TRIM29",120111286,120185529,74243
"ENSG00000137700","SLC37A4",119024114,119030906,6792
"ENSG00000137707","BTG4",111467526,111512354,44828
"ENSG00000137709","POU2F3",120236640,120319945,83305
"ENSG00000137710","RDX",109864295,110296712,432417
"ENSG00000137713","PPP2R1B",111726908,111766427,39519
"ENSG00000137714","FDX1",110429948,110464884,34936
"ENSG00000137720","C11orf1",111878935,111885975,7040
"ENSG00000137727","ARHGAP20",110577042,110713189,136147
"ENSG00000137745","MMP13",102942995,102955732,12737
"ENSG00000137747","TMPRSS13",117900641,117929459,28818
"ENSG00000137752","CASP1",105025443,105035250,9807
"ENSG00000137757","CASP5",104994235,105023168,28933
"ENSG00000137760","ALKBH8",107502726,107565746,63020
"ENSG00000137764","MAP2K5",67542703,67807117,264414
"ENSG00000137766","UNC13C",53978201,54633414,655213
"ENSG00000137767","SQRDL",45631148,45691281,60133
"ENSG00000137770","CTDSPL2",44427622,44529038,101416
"ENSG00000137776","SLTM",58879050,58933679,54629
"ENSG00000137801","THBS1",39581079,39599466,18387
"ENSG00000137802","MAPKBP1",41774434,41827855,53421
"ENSG00000137804","NUSAP1",41320794,41381050,60256
"ENSG00000137806","NDUFAF1",41387353,41402519,15166
"ENSG00000137807","KIF23",69414246,69448427,34181
"ENSG00000137809","ITGA11",68296532,68432163,135631
"ENSG00000137812","CASC5",40594020,40664342,70322
"ENSG00000137814","HAUS2",42548828,42569994,21166
"ENSG00000137815","RTF1",41408408,41483563,75155
"ENSG00000137817","PARP6",72241181,72272999,31818
"ENSG00000137819","PAQR5",69298947,69407780,108833
"ENSG00000137821","LRRC49",70853239,71053657,200418
"ENSG00000137822","TUBGCP4",43369221,43409771,40550
"ENSG00000137824","FAM82A2",40735884,40755851,19967
"ENSG00000137825","ITPKA",41493393,41503551,10158
"ENSG00000137831","UACA",70654554,70763558,109004
"ENSG00000137834","SMAD6",66702236,66782849,80613
"ENSG00000137841","PLCB2",40278176,40307935,29759
"ENSG00000137842","TMEM62",43123279,43185144,61865
"ENSG00000137843","PAK6",40217428,40277487,60059
"ENSG00000137845","ADAM10",58588809,58749791,160982
"ENSG00000137857","DUOX1",45129933,45165576,35643
"ENSG00000137860","SLC28A2",45252234,45277846,25612
"ENSG00000137868","STRA6",74179466,74212267,32801
"ENSG00000137871","ZNF280D",56630181,56734086,103905
"ENSG00000137872","SEMA6D",47184101,47774223,590122
"ENSG00000137875","BCL2L10",52109263,52112775,3512
"ENSG00000137877","SPTBN5",41848146,41894053,45907
"ENSG00000137878","GCOM1",57591908,57714745,122837
"ENSG00000137936","BCAR3",93561741,93847150,285409
"ENSG00000137941","TTLL7",83865024,83999150,134126
"ENSG00000137942","FNBP1L",93448131,93554661,106530
"ENSG00000137944","CCBL2",88935773,88992953,57180
"ENSG00000137948","BRDT",91949371,92014426,65055
"ENSG00000137955","RABGGTB",75786197,75795086,8889
"ENSG00000137959","IFI44L",78619922,78646145,26223
"ENSG00000137960","GIPC2",77979542,78138444,158902
"ENSG00000137962","ARHGAP29",94148988,94275068,126080
"ENSG00000137965","IFI44",78649796,78664078,14282
"ENSG00000137968","SLC44A5",75202131,75611116,408985
"ENSG00000137975","CLCA2",86424171,86456553,32382
"ENSG00000137976","DNASE2B",84398532,84415018,16486
"ENSG00000137992","DBT",100186919,100249834,62915
"ENSG00000137996","RTCA",100266207,100292769,26562
"ENSG00000138002","IFT172",27444377,27489789,45412
"ENSG00000138018","EPT1",26308547,26395891,87344
"ENSG00000138028","CGREF1",27098889,27119128,20239
"ENSG00000138029","HADHB",26243170,26290465,47295
"ENSG00000138030","KHK",27086747,27100762,14015
"ENSG00000138031","ADCY3",24819169,24919839,100670
"ENSG00000138032","PPM1B",44167969,44244384,76415
"ENSG00000138035","PNPT1",55634061,55693863,59802
"ENSG00000138036","DYNC2LI1",43774039,43810010,35971
"ENSG00000138039","LHCGR",48686774,48755730,68956
"ENSG00000138050","THUMPD2",39736060,39779267,43207
"ENSG00000138061","CYP1B1",38066973,38109902,42929
"ENSG00000138068","SULT6B1",37167820,37196598,28778
"ENSG00000138069","RAB1A",65070696,65130331,59635
"ENSG00000138071","ACTR2",65227753,65271253,43500
"ENSG00000138073","PREB",27130756,27134666,3910
"ENSG00000138074","SLC5A6",27199587,27212958,13371
"ENSG00000138075","ABCG5",43812560,43838865,26305
"ENSG00000138078","PREPL",44316281,44361862,45581
"ENSG00000138079","SLC3A1",44275458,44321494,46036
"ENSG00000138080","EMILIN1",27078567,27086408,7841
"ENSG00000138081","FBXO11",47789316,47905793,116477
"ENSG00000138083","SIX3",44941702,44946071,4369
"ENSG00000138085","ATRAID",27212027,27217178,5151
"ENSG00000138092","CENPO",24793136,24822376,29240
"ENSG00000138095","LRPPRC",43886224,43995989,109765
"ENSG00000138100","TRIM54",27282392,27307439,25047
"ENSG00000138101","DTNB",25377198,25673647,296449
"ENSG00000138107","ACTR1A",102461881,102502712,40831
"ENSG00000138109","CYP2C9",94938658,94990091,51433
"ENSG00000138111","TMEM180",102461395,102477045,15650
"ENSG00000138115","CYP2C8",95036772,95069497,32725
"ENSG00000138119","MYOF",93306429,93482334,175905
"ENSG00000138131","LOXL4",98247690,98268194,20504
"ENSG00000138134","STAMBPL1",88879734,88975153,95419
"ENSG00000138135","CH25H",89205629,89207314,1685
"ENSG00000138136","LBX1",101226195,101229794,3599
"ENSG00000138138","ATAD1",87751512,87841343,89831
"ENSG00000138152","BTBD16",122271306,122338162,66856
"ENSG00000138160","KIF11",92593130,92655395,62265
"ENSG00000138162","TACC2",121989163,122254545,265382
"ENSG00000138172","CALHM2",103446786,103452402,5616
"ENSG00000138175","ARL3",102673731,102714397,40666
"ENSG00000138180","CEP55",93496632,93529092,32460
"ENSG00000138182","KIF20B",89701610,89774939,73329
"ENSG00000138185","ENTPD1",95711779,95877266,165487
"ENSG00000138190","EXOC6",92834713,93059493,224780
"ENSG00000138193","PLCE1",94030812,94332823,302011
"ENSG00000138207","RBP4",93591687,93601744,10057
"ENSG00000138231","DBR1",138161012,138174949,13937
"ENSG00000138246","DNAJC13",132417502,132539032,121530
"ENSG00000138271","GPR87",151294086,151316952,22866
"ENSG00000138279","ANXA7",73375101,73414076,38975
"ENSG00000138286","FAM149B1",73168166,73244504,76338
"ENSG00000138303","ASCC1",72096032,72217134,121102
"ENSG00000138308","PLA2G12B",72935170,72954778,19608
"ENSG00000138311","ZNF365",62374192,62670301,296109
"ENSG00000138315","OIT3",72893584,72933036,39452
"ENSG00000138316","ADAMTS14",70672506,70762441,89935
"ENSG00000138336","TET1",68560337,68694487,134150
"ENSG00000138346","DNA2",68414064,68472121,58057
"ENSG00000138347","MYPN",68106117,68212017,105900
"ENSG00000138356","AOX1",200586014,200677064,91050
"ENSG00000138363","ATIC",215311956,215349773,37817
"ENSG00000138375","SMARCAL1",216412414,216483053,70639
"ENSG00000138376","BARD1",214725646,214809683,84037
"ENSG00000138378","STAT4",191029576,191151596,122020
"ENSG00000138379","MSTN",190055697,190062729,7032
"ENSG00000138380","ALS2CR8",202912214,202988263,76049
"ENSG00000138381","ASNSD1",189661385,189670831,9446
"ENSG00000138382","METTL5",169810081,169824931,14850
"ENSG00000138385","SSB",169791933,169812064,20131
"ENSG00000138395","CDK15",201790461,201895550,105089
"ENSG00000138398","PPIG",169584344,169641406,57062
"ENSG00000138399","FASTKD1",169528508,169573875,45367
"ENSG00000138400","MDH1B",206737763,206765328,27565
"ENSG00000138411","HECW2",196189099,196593684,404585
"ENSG00000138413","IDH1",208236227,208266074,29847
"ENSG00000138430","OLA1",174072447,174248599,176152
"ENSG00000138433","CIR1",174348022,174395712,47690
"ENSG00000138434","SSFA2",181891730,181930738,39008
"ENSG00000138435","CHRNA1",174747592,174787935,40343
"ENSG00000138439","FAM117B",202634969,202769757,134788
"ENSG00000138442","WDR12",202874782,203014798,140016
"ENSG00000138443","ABI2",203328239,203447728,119489
"ENSG00000138448","ITGAV",186590056,186680901,90845
"ENSG00000138449","SLC40A1",189560579,189583758,23179
"ENSG00000138459","SLC35A5",112561709,112585579,23870
"ENSG00000138463","DIRC2",122795069,122881139,86070
"ENSG00000138468","SENP7",101324205,101513241,189036
"ENSG00000138472","GUCA1C",108907792,108953879,46087
"ENSG00000138495","COX17",119654513,119677454,22941
"ENSG00000138496","PARP9",122527924,122564577,36653
"ENSG00000138587","MNS1",56421544,56465137,43593
"ENSG00000138592","USP8",50424380,50514421,90041
"ENSG00000138593","SECISBP2L",48988476,49046447,57971
"ENSG00000138594","TMOD3",51829628,51947295,117667
"ENSG00000138600","SPPL2A",50702266,50765709,63443
"ENSG00000138604","GLCE",69160584,69272217,111633
"ENSG00000138606","SHF",45167214,45201175,33961
"ENSG00000138613","APH1B",63276018,63309126,33108
"ENSG00000138614","C15orf44",65578753,65611289,32536
"ENSG00000138615","CILP",65194760,65211473,16713
"ENSG00000138617","PARP16",65234460,65300618,66158
"ENSG00000138621","PPCDC",75023586,75117462,93876
"ENSG00000138622","HCN4",73319859,73368958,49099
"ENSG00000138623","SEMA7A",74409289,74433958,24669
"ENSG00000138629","UBL7",74445977,74461182,15205
"ENSG00000138639","ARHGAP24",85475150,86002668,527518
"ENSG00000138640","FAM13A",88725955,89111398,385443
"ENSG00000138641","HERC3",88592434,88708541,116107
"ENSG00000138642","HERC6",88378739,88443111,64372
"ENSG00000138646","HERC5",88457119,88506163,49044
"ENSG00000138650","PCDH10",133149294,133208606,59312
"ENSG00000138653","NDST4",114827763,115113876,286113
"ENSG00000138658","C4orf21",112539333,112636995,97662
"ENSG00000138660","AP1AR",112231737,112270047,38310
"ENSG00000138663","COPS4",83034447,83075818,41371
"ENSG00000138668","HNRNPD",82352498,82374503,22005
"ENSG00000138669","PRKG2",81087370,81215117,127747
"ENSG00000138670","RASGEF1B",81426393,82044244,617851
"ENSG00000138674","SEC31A",82818509,82901166,82657
"ENSG00000138675","FGF5",80266599,80336680,70081
"ENSG00000138678","AGPAT9",83535914,83605875,69961
"ENSG00000138684","IL21",122610108,122621066,10958
"ENSG00000138686","BBS7",121824440,121870497,46057
"ENSG00000138688","KIAA1109",122152333,122362758,210425
"ENSG00000138696","BMPR1B",94757968,95158448,400480
"ENSG00000138698","RAP1GDS1",98261384,98443861,182477
"ENSG00000138709","LARP1B",128061286,128222931,161645
"ENSG00000138722","MMRN1",89879532,89954629,75097
"ENSG00000138735","PDE5A",119494397,119628804,134407
"ENSG00000138738","PRDM5",120684919,120922870,237951
"ENSG00000138741","TRPC3",121874481,121952060,77579
"ENSG00000138744","NAAA",75913660,75941013,27353
"ENSG00000138750","NUP54",76114659,76148444,33785
"ENSG00000138756","BMP2K",78776342,78916372,140030
"ENSG00000138757","G3BP2",75642782,75724525,81743
"ENSG00000138759","FRAS1",78057323,78544269,486946
"ENSG00000138760","SCARB2",76158737,76234536,75799
"ENSG00000138764","CCNG2",77157207,77433388,276181
"ENSG00000138768","USO1",75724593,75814286,89693
"ENSG00000138769","CDKL2",75576496,75630716,54220
"ENSG00000138771","SHROOM3",76435229,76783253,348024
"ENSG00000138772","ANXA3",78551747,78610451,58704
"ENSG00000138777","PPA2",105369077,105474067,104990
"ENSG00000138778","CENPE",103105806,103198409,92603
"ENSG00000138780","GSTCD",105708778,105847728,138950
"ENSG00000138785","INTS12",105682627,105895986,213359
"ENSG00000138792","ENPEP",110365733,110565285,199552
"ENSG00000138794","CASP6",109688622,109703583,14961
"ENSG00000138796","HADH",107989714,108035175,45461
"ENSG00000138798","EGF",109912884,110013755,100871
"ENSG00000138801","PAPSS1",107590276,107720234,129958
"ENSG00000138802","SEC24B",109433772,109540896,107124
"ENSG00000138813","C4orf17",99511012,99542303,31291
"ENSG00000138814","PPP3CA",101023409,101348278,324869
"ENSG00000138823","MTTP",99563761,99623999,60238
"ENSG00000138829","FBN2",128257909,128659185,401276
"ENSG00000138834","MAPK8IP3",1706183,1770317,64134
"ENSG00000138835","RGS3",113444731,113597743,153012
"ENSG00000138867","C22orf13",24540423,24555935,15512
"ENSG00000138892","TTLL8",50015123,50056935,41812
"ENSG00000138942","RNF185",31160182,31207019,46837
"ENSG00000138944","KIAA1644",44243665,44312951,69286
"ENSG00000138964","PARVG",44172956,44219533,46577
"ENSG00000139044","B4GALNT3",460364,563509,103145
"ENSG00000139055","ERP27",14914039,14938537,24498
"ENSG00000139083","ETV6",11649854,11895402,245548
"ENSG00000139116","KIF21A",39293228,39443390,150162
"ENSG00000139117","CPNE8",38646822,38907430,260608
"ENSG00000139131","YARS2",32727490,32755902,28412
"ENSG00000139132","FGD4",32399529,32646050,246521
"ENSG00000139133","ALG10",34022468,34029694,7226
"ENSG00000139144","PIK3C2G",18247614,18648416,400802
"ENSG00000139146","FAM60A",31280584,31327058,46474
"ENSG00000139151","PLCZ1",18683169,18738100,54931
"ENSG00000139154","AEBP2",19404045,19720801,316756
"ENSG00000139155","SLCO1C1",20695355,20753386,58031
"ENSG00000139160","METTL20",31647160,31673114,25954
"ENSG00000139163","ETNK1",22625075,22690665,65590
"ENSG00000139168","ZCRB1",42312086,42326118,14032
"ENSG00000139173","TMEM117",43835967,44389762,553795
"ENSG00000139174","PRICKLE1",42456757,42590355,133598
"ENSG00000139178","C1RL",7089587,7109238,19651
"ENSG00000139180","NDUFA9",4649095,4694317,45222
"ENSG00000139182","CLSTN3",7129698,7158945,29247
"ENSG00000139190","VAMP1",6462237,6470987,8750
"ENSG00000139192","TAPBPL",6451690,6466517,14827
"ENSG00000139193","CD27",6444867,6451718,6851
"ENSG00000139194","RBP5",7115736,7128889,13153
"ENSG00000139197","PEX5",7188685,7218574,29889
"ENSG00000139200","PIANP",6693792,6700800,7008
"ENSG00000139209","SLC38A4",46764761,46832408,67647
"ENSG00000139211","AMIGO2",47075707,47079951,4244
"ENSG00000139218","SCAF11",45919131,45992120,72989
"ENSG00000139219","COL2A1",47972967,48004554,31587
"ENSG00000139220","PPFIA2",81257975,81759553,501578
"ENSG00000139223","ANP32D",48472665,48473624,959
"ENSG00000139233","LLPH",66116555,66130750,14195
"ENSG00000139263","LRIG3",58872149,58920522,48373
"ENSG00000139269","INHBE",57452323,57459280,6957
"ENSG00000139278","GLIPR1",75480753,75503863,23110
"ENSG00000139287","TPH2",71938845,72186618,247773
"ENSG00000139289","PHLDA1",76025447,76033932,8485
"ENSG00000139291","TMEM19",71686087,71705046,18959
"ENSG00000139292","LGR5",71439798,71586310,146512
"ENSG00000139304","PTPRQ",80402178,80680271,278093
"ENSG00000139318","DUSP6",89347235,89352501,5266
"ENSG00000139323","POC1B",89419718,89526047,106329
"ENSG00000139324","TMTC3",88142296,88199887,57591
"ENSG00000139329","LUM",91102629,91111494,8865
"ENSG00000139330","KERA",91050491,91057983,7492
"ENSG00000139344","AMDHD1",95943331,95968720,25389
"ENSG00000139350","NEDD1",96907223,96953777,46554
"ENSG00000139351","SYCP3",101728648,101739472,10824
"ENSG00000139354","GAS2L3",100573683,100628288,54605
"ENSG00000139364","TMEM132B",125186836,125662377,475541
"ENSG00000139370","SLC15A4",128793194,128823958,30764
"ENSG00000139372","TDG",103965822,103988874,23052
"ENSG00000139410","SDSL",113422380,113438276,15896
"ENSG00000139428","MMAB",109553715,109573580,19865
"ENSG00000139433","GLTP",109850945,109880541,29596
"ENSG00000139436","GIT2",109929802,109996389,66587
"ENSG00000139437","TCHP",109900264,109983841,83577
"ENSG00000139445","FOXN4",109277978,109309284,31306
"ENSG00000139496","NUPL1",25301556,25349800,48244
"ENSG00000139505","MTMR6",25246201,25288009,41808
"ENSG00000139508","SLC46A3",28700064,28718970,18906
"ENSG00000139514","SLC7A1",29509414,29595688,86274
"ENSG00000139515","PDX1",27920000,27926313,6313
"ENSG00000139517","LNX2",27545913,27620529,74616
"ENSG00000139531","SUOX",55997180,56006641,9461
"ENSG00000139537","CCDC65",48904110,48931840,27730
"ENSG00000139540","SLC39A5",56230049,56237846,7797
"ENSG00000139546","TARBP2",53500921,53506431,5510
"ENSG00000139547","RDH16",56951431,56959374,7943
"ENSG00000139567","ACVRL1",51906908,51923361,16453
"ENSG00000139572","GPR84",54362445,54364487,2042
"ENSG00000139579","NABP2",56222015,56229854,7839
"ENSG00000139597","N4BP2L1",32400723,32428311,27588
"ENSG00000139610","CELA1",51328443,51346679,18236
"ENSG00000139613","SMARCC2",56162359,56189567,27208
"ENSG00000139618","BRCA2",32315086,32400266,85180
"ENSG00000139620","KANSL2",48653401,48682238,28837
"ENSG00000139624","CERS5",50129306,50167533,38227
"ENSG00000139625","MAP3K12",53479669,53500063,20394
"ENSG00000139626","ITGB7",53191323,53207282,15959
"ENSG00000139629","GALNT6",51351247,51392867,41620
"ENSG00000139631","CSAD",53157663,53180909,23246
"ENSG00000139636","LMBR1L",49096551,49110900,14349
"ENSG00000139637","C12orf10",53299695,53307177,7482
"ENSG00000139641","ESYT1",56118250,56144671,26421
"ENSG00000139644","TMBIM6",49707725,49764934,57209
"ENSG00000139645","ANKRD52",56237807,56258384,20577
"ENSG00000139648","KRT71",52543909,52553147,9238
"ENSG00000139651","ZNF740",53180704,53195142,14438
"ENSG00000139668","WDFY2",51584455,51767709,183254
"ENSG00000139679","LPAR6",48389567,48444704,55137
"ENSG00000139684","ESD",46771256,46797161,25905
"ENSG00000139687","RB1",48303726,48599436,295710
"ENSG00000139697","SBNO1",123289109,123364847,75738
"ENSG00000139714","MORN3",121648742,121672631,23889
"ENSG00000139718","SETD1B",121804180,121832584,28404
"ENSG00000139719","VPS33A",122229564,122266521,36957
"ENSG00000139722","VPS37B",122865330,122896127,30797
"ENSG00000139725","RHOF",121777754,121803403,25649
"ENSG00000139734","DIAPH3",59665583,60163987,498404
"ENSG00000139737","SLAIN1",77697687,77764242,66555
"ENSG00000139746","RBM26",79311824,79406477,94653
"ENSG00000139767","SRRM4",118981541,119163051,181510
"ENSG00000139780","METTL21C",102685744,102694504,8760
"ENSG00000139793","MBNL2",97221434,97394120,172686
"ENSG00000139797","RNF113B",98175785,98177265,1480
"ENSG00000139800","ZIC5",99962964,99971909,8945
"ENSG00000139826","ABHD13",108218392,108234243,15851
"ENSG00000139832","RAB20",110523066,110561722,38656
"ENSG00000139835","GRTP1",113324164,113364148,39984
"ENSG00000139842","CUL4A",113208193,113267108,58915
"ENSG00000139865","TTC6",37595847,38041442,445595
"ENSG00000139874","SSTR1",38207904,38213067,5163
"ENSG00000139880","CDH24",23047062,23057538,10476
"ENSG00000139890","REM2",22883222,22887678,4456
"ENSG00000139899","CBLN3",24426532,24430954,4422
"ENSG00000139908","TSSK4",24205697,24208362,2665
"ENSG00000139910","NOVA1",26443090,26598033,154943
"ENSG00000139914","FITM1",24131275,24132849,1574
"ENSG00000139915","MDGA2",46840092,47675605,835513
"ENSG00000139921","TMX1",51240162,51257655,17493
"ENSG00000139926","FRMD6",51489100,51730727,241627
"ENSG00000139946","PELI2",56117814,56301524,183710
"ENSG00000139970","RTN1",59595976,59870776,274800
"ENSG00000139971","C14orf37",57999735,58298139,298404
"ENSG00000139973","SYT16",61811974,62112550,300576
"ENSG00000139974","SLC38A6",60981114,61083733,102619
"ENSG00000139977","NAA30",57390544,57415906,25362
"ENSG00000139985","ADAM21",70452157,70459899,7742
"ENSG00000139988","RDH12",67701886,67734452,32566
"ENSG00000139990","DCAF5",69050881,69153150,102269
"ENSG00000139998","RAB15",64945814,64973226,27412
"ENSG00000140009","ESR2",64084232,64338112,253880
"ENSG00000140015","KCNH5",62699464,63102037,402573
"ENSG00000140022","STON2",81260656,81436465,175809
"ENSG00000140025","EFCAB11",89794669,89954777,160108
"ENSG00000140030","GPR65",88005135,88014811,9676
"ENSG00000140043","PTGR2",73851844,73886827,34983
"ENSG00000140044","JDP2",75427716,75474111,46395
"ENSG00000140057","AK7",96392128,96489427,97299
"ENSG00000140067","FAM181A",93918894,93929608,10714
"ENSG00000140090","SLC24A4",92322581,92501483,178902
"ENSG00000140092","FBLN5",91869412,91947987,78575
"ENSG00000140093","SERPINA10",94280460,94293268,12808
"ENSG00000140107","SLC25A47",100323337,100330372,7035
"ENSG00000140153","WDR20",102139503,102224847,85344
"ENSG00000140199","SLC12A6",34229996,34338060,108064
"ENSG00000140254","DUOXA1",45117367,45129938,12571
"ENSG00000140259","MFAP1",43804492,43824690,20198
"ENSG00000140262","TCF12",56918623,57299281,380658
"ENSG00000140263","SORD",45023181,45077185,54004
"ENSG00000140264","SERF2",43777087,43802589,25502
"ENSG00000140265","ZSCAN29",43358172,43371025,12853
"ENSG00000140274","DUOXA2",45114321,45118421,4100
"ENSG00000140279","DUOX2",45092650,45114344,21694
"ENSG00000140280","LYSMD2",51723011,51751585,28574
"ENSG00000140284","SLC27A2",50182196,50236385,54189
"ENSG00000140285","FGF7",49423178,49488775,65597
"ENSG00000140297","GCNT3",59594875,59640239,45364
"ENSG00000140299","BNIP2",59659146,59689534,30388
"ENSG00000140319","SRP14",40035739,40039188,3449
"ENSG00000140320","BAHD1",40439721,40468236,28515
"ENSG00000140323","DISP2",40358219,40378621,20402
"ENSG00000140326","CDAN1",42723544,42737128,13584
"ENSG00000140332","TLE3",70047790,70098176,50386
"ENSG00000140350","ANP32A",68778535,68820897,42362
"ENSG00000140365","COMMD4",75335891,75343224,7333
"ENSG00000140367","UBE2Q2",75843285,75901078,57793
"ENSG00000140368","PSTPIP1",76993359,77037332,43973
"ENSG00000140374","ETFA",76215353,76311472,96119
"ENSG00000140379","BCL2A1",79960892,79971196,10304
"ENSG00000140382","HMG20A",77420412,77485607,65195
"ENSG00000140386","SCAPER",76347904,76905444,557540
"ENSG00000140391","TSPAN3",77041404,77083984,42580
"ENSG00000140395","WDR61",78277835,78299703,21868
"ENSG00000140396","NCOA2",70109782,70403808,294026
"ENSG00000140398","NEIL1",75346955,75357114,10159
"ENSG00000140400","MAN2C1",75355207,75368612,13405
"ENSG00000140403","DNAJA4",78264086,78282196,18110
"ENSG00000140416","TPM1",63042632,63071915,29283
"ENSG00000140443","IGF1R",98648539,98964530,315991
"ENSG00000140450","ARRDC4",97960703,97973833,13130
"ENSG00000140451","PIF1",64815632,64825668,10036
"ENSG00000140455","USP3",63504511,63594640,90129
"ENSG00000140459","CYP11A1",74337759,74367646,29887
"ENSG00000140463","BBS4",72686179,72738475,52296
"ENSG00000140464","PML",73994673,74047812,53139
"ENSG00000140465","CYP1A1",74719542,74725536,5994
"ENSG00000140470","ADAMTS17",99971437,100342005,370568
"ENSG00000140471","LINS",100559369,100603230,43861
"ENSG00000140474","ULK3",74836118,74843346,7228
"ENSG00000140478","GOLGA6D",75282835,75295807,12972
"ENSG00000140479","PCSK6",101297142,101525202,228060
"ENSG00000140481","CCDC33",74202705,74336472,133767
"ENSG00000140488","CELF6",72284727,72320157,35430
"ENSG00000140497","SCAMP2",74843730,74873365,29635
"ENSG00000140505","CYP1A2",74748845,74756607,7762
"ENSG00000140506","LMAN1L",74812716,74825758,13042
"ENSG00000140511","HAPLN3",88877288,88895626,18338
"ENSG00000140519","RHCG",89471398,89496589,25191
"ENSG00000140521","POLG",89305198,89334861,29663
"ENSG00000140522","RLBP1",89209869,89221614,11745
"ENSG00000140525","FANCI",89243949,89317261,73312
"ENSG00000140526","ABHD2",89087459,89202355,114896
"ENSG00000140527","WDR93",89690811,89743638,52827
"ENSG00000140534","TICRR",89575482,89631056,55574
"ENSG00000140538","NTRK3",87859751,88256768,397017
"ENSG00000140543","DET1",88494440,88546675,52235
"ENSG00000140545","MFGE8",88898683,88913381,14698
"ENSG00000140548","ZNF710",90001324,90082206,80882
"ENSG00000140553","UNC45A",90930180,90954093,23913
"ENSG00000140557","ST8SIA2",92393881,92468728,74847
"ENSG00000140563","MCTP2",94231538,94483952,252414
"ENSG00000140564","FURIN",90868588,90883458,14870
"ENSG00000140575","IQGAP1",90388242,90502239,113997
"ENSG00000140577","CRTC3",90529923,90645345,115422
"ENSG00000140598","EFTUD1",82130233,82262734,132501
"ENSG00000140600","SH3GL3",83447228,83618743,171515
"ENSG00000140612","SEC11A",84669538,84716460,46922
"ENSG00000140623","SEPT12",4777669,4788521,10852
"ENSG00000140632","GLYR1",4803203,4847288,44085
"ENSG00000140675","SLC5A2",31483002,31490860,7858
"ENSG00000140678","ITGAX",31355134,31382997,27863
"ENSG00000140682","TGFB1I1",31471585,31477960,6375
"ENSG00000140688","C16orf58",31489471,31509309,19838
"ENSG00000140691","ARMC5",31458080,31467166,9086
"ENSG00000140718","FTO",53701692,54158512,456820
"ENSG00000140740","UQCRC2",21952660,21983660,31000
"ENSG00000140743","CDR2",22345936,22437165,91229
"ENSG00000140750","ARHGAP17",24919389,25015666,96277
"ENSG00000140795","MYLK3",46702282,46790407,88125
"ENSG00000140798","ABCC12",48081006,48156018,75012
"ENSG00000140807","NKD1",50548396,50649249,100853
"ENSG00000140829","DHX38",72093613,72112912,19299
"ENSG00000140832","MARVELD3",71626161,71642114,15953
"ENSG00000140835","CHST4",71525233,71538746,13513
"ENSG00000140836","ZFHX3",72782885,73891871,1108986
"ENSG00000140839","CLEC18B",74408270,74421953,13683
"ENSG00000140848","CPNE2",57092583,57148369,55786
"ENSG00000140853","NLRC5",56989485,57083531,94046
"ENSG00000140854","KATNB1",57735739,57757244,21505
"ENSG00000140859","KIFC3",57758217,57863053,104836
"ENSG00000140873","ADAMTS18",77247813,77435034,187221
"ENSG00000140876","NUDT7",77722492,77742260,19768
"ENSG00000140931","CMTM3",66603874,66613892,10018
"ENSG00000140932","CMTM2",66579448,66588275,8827
"ENSG00000140937","CDH11",64943753,65126112,182359
"ENSG00000140939","NOL3",67170154,67175735,5581
"ENSG00000140943","MBTPS1",84053761,84116942,63181
"ENSG00000140945","CDH13",82626965,83800640,1173675
"ENSG00000140948","ZCCHC14",87406246,87493024,86778
"ENSG00000140950","KIAA1609",84476355,84554033,77678
"ENSG00000140955","ADAD2",84191138,84197168,6030
"ENSG00000140968","IRF8",85899162,85922606,23444
"ENSG00000140983","RHOT2",668105,674174,6069
"ENSG00000140986","RPL3L",1943974,1957606,13632
"ENSG00000140987","ZNF434",3382081,3401065,18984
"ENSG00000140988","RPS2",1962058,1964841,2783
"ENSG00000140990","NDUFB10",1959538,1961975,2437
"ENSG00000140992","PDPK1",2537979,2603188,65209
"ENSG00000140993","TIGD7",3298808,3305729,6921
"ENSG00000140995","DEF8",89947925,89968060,20135
"ENSG00000141002","TCF25",89873570,89913627,40057
"ENSG00000141012","GALNS",88813734,88856970,43236
"ENSG00000141013","GAS8",90019629,90044975,25346
"ENSG00000141027","NCOR1",16029157,16218185,189028
"ENSG00000141028","CDRT15P1",14024514,14025488,974
"ENSG00000141030","COPS3",17246616,17281273,34657
"ENSG00000141034","GID4",18039292,18068404,29112
"ENSG00000141052","MYOCD",12665890,12768949,103059
"ENSG00000141068","KSR1",27456470,27626438,169968
"ENSG00000141076","CIRH1A",69131291,69231130,99839
"ENSG00000141084","RANBP10",67723070,67806652,83582
"ENSG00000141086","CTRL",67927640,67932365,4725
"ENSG00000141096","DPEP3",67975663,67980508,4845
"ENSG00000141098","GFOD2",67674531,67719339,44808
"ENSG00000141101","NOB1",69741871,69754926,13055
"ENSG00000141127","PRPSAP2",18840085,18931287,91202
"ENSG00000141161","UNC45B",35147817,35189345,41528
"ENSG00000141179","PCTP",55750979,55842830,91851
"ENSG00000141194","OR4D1",58148449,58159555,11106
"ENSG00000141198","TOM1L1",54899387,54961956,62569
"ENSG00000141200","KIF2B",53822901,53825213,2312
"ENSG00000141219","C17orf80",73232233,73248947,16714
"ENSG00000141232","TOB1",50862223,50867978,5755
"ENSG00000141252","VPS53",508668,721717,213049
"ENSG00000141255","SPATA22",3440019,3513852,73833
"ENSG00000141258","SGSM2",2337498,2381058,43560
"ENSG00000141279","NPEPPS",47522942,47623276,100334
"ENSG00000141294","LRRC46",47831634,47837719,6085
"ENSG00000141295","SCRN2",47837692,47841289,3597
"ENSG00000141298","SSH2",29625938,29930276,304338
"ENSG00000141314","RHBDL3",32265832,32324659,58827
"ENSG00000141337","ARSG",68259182,68422731,163549
"ENSG00000141338","ABCA8",68867289,68955392,88103
"ENSG00000141367","CLTC",59619689,59696956,77267
"ENSG00000141371","C17orf64",60392429,60431426,38997
"ENSG00000141376","BCAS3",60677453,61392838,715385
"ENSG00000141380","SS18",26016253,26091217,74964
"ENSG00000141384","TAF4B",26225936,26391685,165749
"ENSG00000141385","AFG3L2",12328944,12377314,48370
"ENSG00000141401","IMPA2",11981025,12030877,49852
"ENSG00000141424","SLC39A6",36108531,36129385,20854
"ENSG00000141425","RPRD1A",35984387,36067576,83189
"ENSG00000141428","C18orf21",35972625,35979286,6661
"ENSG00000141429","GALNT1",35581117,35711834,130717
"ENSG00000141431","ASXL3",33578219,33751195,172976
"ENSG00000141434","MEP1B",32185069,32220404,35335
"ENSG00000141437","SLC25A52",31759562,31760880,1318
"ENSG00000141441","FAM59A",32124877,32470882,346005
"ENSG00000141446","ESCO1",21529284,21600884,71600
"ENSG00000141447","OSBPL1A",24162045,24397880,235835
"ENSG00000141448","GATA6",22169392,22202528,33136
"ENSG00000141449","GREB1L",21242242,21525417,283175
"ENSG00000141452","C18orf8",23503470,23531807,28337
"ENSG00000141456","PELP1",4669774,4704337,34563
"ENSG00000141458","NPC1",23506184,23586506,80322
"ENSG00000141469","SLC14A1",45687025,45752520,65495
"ENSG00000141480","ARRB2",4710596,4721499,10903
"ENSG00000141485","SLC13A5",6684713,6713567,28854
"ENSG00000141497","ZMYND15",4739833,4746119,6286
"ENSG00000141499","WRAP53",7686071,7703502,17431
"ENSG00000141503","MINK1",4833340,4898061,64721
"ENSG00000141504","SAT2",7626234,7627876,1642
"ENSG00000141505","ASGR1",7173431,7179564,6133
"ENSG00000141506","PIK3R5",8878911,8965712,86801
"ENSG00000141510","TP53",7661779,7687550,25771
"ENSG00000141519","CCDC40",80036632,80100613,63981
"ENSG00000141522","ARHGDIA",81867721,81871378,3657
"ENSG00000141524","TMC6",78110458,78132407,21949
"ENSG00000141526","SLC16A3",82228397,82261129,32732
"ENSG00000141527","CARD14",80169992,80209331,39339
"ENSG00000141540","TTYH2",74213571,74262020,48449
"ENSG00000141542","RAB40B",82654973,82698698,43725
"ENSG00000141543","EIF4A3",80134369,80147151,12782
"ENSG00000141552","ANAPC11",81890790,81900991,10201
"ENSG00000141556","TBCD",82752065,82945914,193849
"ENSG00000141560","FN3KRP",82716706,82730328,13622
"ENSG00000141562","NARF",82458180,82490537,32357
"ENSG00000141564","RPTOR",80544819,80966371,421552
"ENSG00000141568","FOXK2",82519713,82644662,124949
"ENSG00000141569","TRIM65",75880335,75896951,16616
"ENSG00000141570","CBX8",79792132,79801683,9551
"ENSG00000141574","SECTM1",82321024,82334074,13050
"ENSG00000141576","RNF157",76142465,76240493,98028
"ENSG00000141577","AZI1",81189593,81222999,33406
"ENSG00000141579","ZNF750",82829434,82840022,10588
"ENSG00000141580","WDR45L",82614562,82648553,33991
"ENSG00000141582","CBX4",79833156,79839440,6284
"ENSG00000141627","DYM",49041474,49461347,419873
"ENSG00000141639","MAPK4",50560087,50731826,171739
"ENSG00000141642","ELAC1",50967991,50988121,20130
"ENSG00000141644","MBD1",50266882,50281774,14892
"ENSG00000141646","SMAD4",51028394,51085045,56651
"ENSG00000141655","TNFRSF11A",62325287,62391288,66001
"ENSG00000141664","ZCCHC2",62523007,62587709,64702
"ENSG00000141665","FBXO15",74073353,74147865,74512
"ENSG00000141668","CBLN2",72536680,72638521,101841
"ENSG00000141682","PMAIP1",59899948,59904306,4358
"ENSG00000141696","LEPREL4",41801947,41812604,10657
"ENSG00000141698","NT5C3L",41825181,41836263,11082
"ENSG00000141699","FAM134C",42579513,42610623,31110
"ENSG00000141736","ERBB2",39687914,39730426,42512
"ENSG00000141738","GRB7",39737927,39747291,9364
"ENSG00000141741","MIEN1",39728496,39730532,2036
"ENSG00000141744","PNMT",39667981,39670475,2494
"ENSG00000141750","STAC2",39210541,39225945,15404
"ENSG00000141753","IGFBP4",40443450,40457725,14275
"ENSG00000141756","FKBP10",41812680,41823217,10537
"ENSG00000141759","TXNL4A",79970813,80033949,63136
"ENSG00000141837","CACNA1A",13206442,13633025,426583
"ENSG00000141858","SAMD1",14087840,14091036,3196
"ENSG00000141867","BRD4",15235519,15332545,97026
"ENSG00000141873","SLC39A3",2732204,2740028,7824
"ENSG00000141905","NFIC",3314403,3469217,154814
"ENSG00000141934","PPAP2C",281040,291403,10363
"ENSG00000141946","ZIM3",57134096,57145202,11106
"ENSG00000141956","PRDM15",41798225,41879482,81257
"ENSG00000141959","PFKL",44300051,44327376,27325
"ENSG00000141965","FEM1A",4791681,4801273,9592
"ENSG00000141968","VAV1",6772708,6857366,84658
"ENSG00000141977","CIB3",16161368,16173525,12157
"ENSG00000141979","CALR3",16479067,16628204,149137
"ENSG00000141985","SH3GL1",4360370,4400547,40177
"ENSG00000141994","DUS3L",5784832,5791225,6393
"ENSG00000142002","DPP9",4675224,4724673,49449
"ENSG00000142025","DMRTC2",41844743,41852333,7590
"ENSG00000142039","CCDC97",41310172,41324873,14701
"ENSG00000142046","TMEM91",41350911,41384083,33172
"ENSG00000142065","ZFP14",36334453,36379201,44748
"ENSG00000142082","SIRT3",215030,236931,21901
"ENSG00000142089","IFITM3",319676,327537,7861
"ENSG00000142102","ATHL1",289135,296107,6972
"ENSG00000142149","HUNK",31873020,32044633,171613
"ENSG00000142156","COL6A1",45981737,46005050,23313
"ENSG00000142166","IFNAR1",33324429,33359864,35435
"ENSG00000142168","SOD1",31659622,31668931,9309
"ENSG00000142173","COL6A2",46098097,46132849,34752
"ENSG00000142178","SIK1",43414483,43427189,12706
"ENSG00000142182","DNMT3L",44246339,44262216,15877
"ENSG00000142185","TRPM2",44350163,44443081,92918
"ENSG00000142186","SCYL1",65525077,65538704,13627
"ENSG00000142188","TMEM50B",33432485,33479974,47489
"ENSG00000142192","APP",25880550,26171128,290578
"ENSG00000142197","DOPEY2",36156782,36294274,137492
"ENSG00000142207","URB1",32311018,32393012,81994
"ENSG00000142208","AKT1",104769349,104795751,26402
"ENSG00000142224","IL19",206770764,206842981,72217
"ENSG00000142227","EMP3",48321509,48330553,9044
"ENSG00000142230","SAE1",47113274,47210636,97362
"ENSG00000142233","NTN5",48661407,48673081,11674
"ENSG00000142235","LMTK3",48485271,48513935,28664
"ENSG00000142252","GEMIN7",45079195,45091524,12329
"ENSG00000142273","CBLC",44777869,44800652,22783
"ENSG00000142279","WTIP",34481638,34512304,30666
"ENSG00000142303","ADAMTS10",8580240,8610735,30495
"ENSG00000142319","SLC6A3",1392794,1445440,52646
"ENSG00000142327","RNPEPL1",240565804,240581372,15568
"ENSG00000142330","CAPN10",240586734,240617705,30971
"ENSG00000142347","MYO1F",8520797,8577577,56780
"ENSG00000142405","NLRP12",53793603,53824394,30791
"ENSG00000142408","CACNG8",53963040,53990215,27175
"ENSG00000142449","FBN3",8065402,8149592,84190
"ENSG00000142453","CARM1",10871513,10923070,51557
"ENSG00000142459","EVI5L",7830233,7864976,34743
"ENSG00000142494","SLC47A1",19495385,19579034,83649
"ENSG00000142507","PSMB6",4796144,4798502,2358
"ENSG00000142511","GPR32",50770464,50771732,1268
"ENSG00000142512","SIGLEC10",51410020,51417803,7783
"ENSG00000142513","ACPT",50790415,50795224,4809
"ENSG00000142515","KLK3",50854915,50860764,5849
"ENSG00000142528","ZNF473",50025714,50053414,27700
"ENSG00000142538","PTH2",49422414,49423441,1027
"ENSG00000142539","SPIB",50415799,50428409,12610
"ENSG00000142541","RPL13A",49487554,49492308,4754
"ENSG00000142546","NOSIP",49555711,49590262,34551
"ENSG00000142549","IGLON5",51311848,51330354,18506
"ENSG00000142552","RCN3",49528003,49546962,18959
"ENSG00000142556","ZNF614",52012765,52030240,17475
"ENSG00000142583","SLC2A5",9035107,9088478,53371
"ENSG00000142599","RERE",8352397,8848921,496524
"ENSG00000142606","MMEL1",2590639,2633016,42377
"ENSG00000142609","C1orf222",1921951,2003837,81886
"ENSG00000142611","PRDM16",3069168,3438621,369453
"ENSG00000142615","CELA2A",15456728,15472091,15363
"ENSG00000142619","PADI3",17249098,17284233,35135
"ENSG00000142621","FHAD1",15247272,15400283,153011
"ENSG00000142623","PADI1",17205128,17246007,40879
"ENSG00000142627","EPHA2",16124337,16156069,31732
"ENSG00000142632","ARHGEF19",16197854,16212652,14798
"ENSG00000142655","PEX14",10472288,10630758,158470
"ENSG00000142657","PGD",10398592,10420511,21919
"ENSG00000142661","MYOM3",24056035,24112135,56100
"ENSG00000142675","CNKSR1",26177484,26189884,12400
"ENSG00000142677","IL22RA1",24119771,24143140,23369
"ENSG00000142686","C1orf216",35713877,35718894,5017
"ENSG00000142687","KIAA0319L",35433492,35557950,124458
"ENSG00000142698","C1orf94",34166883,34219131,52248
"ENSG00000142731","PLK4",127880893,127899224,18331
"ENSG00000142733","MAP3K6",27354067,27366961,12894
"ENSG00000142748","FCN3",27369112,27374824,5712
"ENSG00000142751","GPN2",26876132,26890283,14151
"ENSG00000142765","SYTL1",27342020,27353937,11917
"ENSG00000142784","WDTC1",27234632,27308636,74004
"ENSG00000142789","CELA3A",22001656,22012539,10883
"ENSG00000142794","NBPF3",21440128,21485005,44877
"ENSG00000142798","HSPG2",21822244,21937310,115066
"ENSG00000142856","ITGB3BP",63440770,63593721,152951
"ENSG00000142864","SERBP1",67407810,67430415,22605
"ENSG00000142867","BCL10",85265776,85276632,10856
"ENSG00000142871","CYR61",85580761,85583950,3189
"ENSG00000142875","PRKACB",84078062,84238498,160436
"ENSG00000142910","TINAGL1",31576485,31587686,11201
"ENSG00000142920","ADC",33081104,33123492,42388
"ENSG00000142937","RPS8",44775251,44778779,3528
"ENSG00000142945","KIF2C",44739818,44767767,27949
"ENSG00000142949","PTPRF",43525187,43623666,98479
"ENSG00000142959","BEST4",44783585,44788170,4585
"ENSG00000142961","MOB3C",46607715,46616891,9176
"ENSG00000142973","CYP4B1",46757838,46819413,61575
"ENSG00000143006","DMRTB1",53459399,53467488,8089
"ENSG00000143013","LMO4",87328880,87348923,20043
"ENSG00000143028","SYPL2",109466546,109482134,15588
"ENSG00000143032","BARHL2",90711539,90717302,5763
"ENSG00000143033","MTF2",93079235,93139079,59844
"ENSG00000143036","SLC44A3",94820342,94895246,74904
"ENSG00000143061","IGSF3",116574399,116667755,93356
"ENSG00000143067","ZNF697",119619377,119648266,28889
"ENSG00000143079","CTTNBP2NL",112396214,112463456,67242
"ENSG00000143093","FAM40A",110031577,110074641,43064
"ENSG00000143105","KCNA10",110517217,110519175,1958
"ENSG00000143106","PSMA5",109399042,109426448,27406
"ENSG00000143107","FNDC7",108712908,108742742,29834
"ENSG00000143119","CD53",110871188,110899922,28734
"ENSG00000143125","PROK1",110451149,110457358,6209
"ENSG00000143126","CELSR2",109249539,109275751,26212
"ENSG00000143127","ITGA10",145891208,145910111,18903
"ENSG00000143147","GPR161",168079543,168137667,58124
"ENSG00000143149","ALDH9A1",165662216,165698863,36647
"ENSG00000143153","ATP1B1",169105697,169132722,27025
"ENSG00000143155","TIPRL",168178962,168202109,23147
"ENSG00000143156","NME7",169132531,169367948,235417
"ENSG00000143157","POGK",166839447,166856344,16897
"ENSG00000143158","MPC2",167916675,167937072,20397
"ENSG00000143164","DCAF6",167935783,168075843,140060
"ENSG00000143167","GPA33",167052836,167166479,113643
"ENSG00000143171","RXRG",165400922,165445355,44433
"ENSG00000143178","TBX19",168280877,168314426,33549
"ENSG00000143179","UCK2",165827614,165911618,84004
"ENSG00000143183","TMCO1",165724293,165827755,103462
"ENSG00000143184","XCL1",168576605,168582069,5464
"ENSG00000143190","POU2F1",167220876,167427345,206469
"ENSG00000143194","MAEL",166975582,167022214,46632
"ENSG00000143195","ILDR2",166895711,166975540,79829
"ENSG00000143196","DPT",168695468,168729206,33738
"ENSG00000143198","MGST3",165631213,165661796,30583
"ENSG00000143199","ADCY10",167809388,167914215,104827
"ENSG00000143207","RFWD2",175944831,176207286,262455
"ENSG00000143217","PVRL4",161070998,161089558,18560
"ENSG00000143222","UFC1",161152776,161158856,6080
"ENSG00000143224","PPOX",161166056,161178013,11957
"ENSG00000143226","FCGR2A",161505430,161524013,18583
"ENSG00000143228","NUF2",163266576,163355764,89188
"ENSG00000143248","RGS5",163111121,163321791,210670
"ENSG00000143257","NR1I3",161229666,161238302,8636
"ENSG00000143258","USP21",161159450,161165723,6273
"ENSG00000143278","F13B",197038741,197067267,28526
"ENSG00000143294","PRCC",156750610,156800815,50205
"ENSG00000143297","FCRL5",157513377,157552515,39138
"ENSG00000143303","RRNAD1",156728442,156736960,8518
"ENSG00000143314","MRPL24",156737303,156741590,4287
"ENSG00000143315","PIGM",160024953,160031991,7038
"ENSG00000143318","CASQ1",160190575,160201886,11311
"ENSG00000143319","ISG20L2",156721891,156728799,6908
"ENSG00000143321","HDGF",156742109,156766925,24816
"ENSG00000143322","ABL2",179099330,179229684,130354
"ENSG00000143324","XPR1",180632004,180890251,258247
"ENSG00000143333","RGS16",182598623,182604389,5766
"ENSG00000143337","TOR1AIP1",179882042,179925000,42958
"ENSG00000143340","FAM163A",179743163,179816198,73035
"ENSG00000143341","HMCN1",185734391,186190949,456558
"ENSG00000143344","RGL1",183636085,183928531,292446
"ENSG00000143353","LYPLAL1",219173869,219212865,38996
"ENSG00000143355","LHX9",197911902,197935478,23576
"ENSG00000143363","PRUNE",151008420,151035713,27293
"ENSG00000143365","RORC",151806071,151831845,25774
"ENSG00000143367","TUFT1",151540305,151583583,43278
"ENSG00000143368","SF3B4",149923317,149927803,4486
"ENSG00000143369","ECM1",150508062,150513789,5727
"ENSG00000143373","ZNF687",151281618,151292176,10558
"ENSG00000143374","TARS2",150487364,150507609,20245
"ENSG00000143375","CGN",151510510,151538692,28182
"ENSG00000143376","SNX27",151612006,151699091,87085
"ENSG00000143379","SETDB1",150926263,150964744,38481
"ENSG00000143382","ADAMTSL4",150549369,150560937,11568
"ENSG00000143384","MCL1",150574551,150579738,5187
"ENSG00000143387","CTSK",150796208,150808260,12052
"ENSG00000143390","RFX5",151340640,151347357,6717
"ENSG00000143393","PI4KB",151291797,151327715,35918
"ENSG00000143398","PIP5K1A",151197949,151249536,51587
"ENSG00000143401","ANP32E",150218417,150236156,17739
"ENSG00000143409","FAM63A",150996086,151008375,12289
"ENSG00000143412","ANXA9",150982249,150995634,13385
"ENSG00000143416","SELENBP1",151364304,151372707,8403
"ENSG00000143418","CERS2",150960583,150975004,14421
"ENSG00000143420","ENSA",150600851,150629612,28761
"ENSG00000143434","SEMA6C",151131685,151146664,14979
"ENSG00000143436","MRPL9",151759647,151763496,3849
"ENSG00000143437","ARNT",150809713,150876708,66995
"ENSG00000143442","POGZ",151402724,151459494,56770
"ENSG00000143443","C1orf56",151047740,151051986,4246
"ENSG00000143450","OAZ3",151762899,151771334,8435
"ENSG00000143452","HORMAD1",150698060,150720895,22835
"ENSG00000143457","GOLPH3L",150646230,150697154,50924
"ENSG00000143458","GABPB2",151070578,151125542,54964
"ENSG00000143469","SYT14",209900923,210171389,270466
"ENSG00000143473","KCNH1",210676823,211134165,457342
"ENSG00000143476","DTL",212035553,212107400,71847
"ENSG00000143479","DYRK3",206635536,206684419,48883
"ENSG00000143486","EIF2D",206571292,206612465,41173
"ENSG00000143493","INTS7",211940399,212035557,95158
"ENSG00000143494","VASH2",212950520,212992037,41517
"ENSG00000143498","TAF1A",222557902,222589933,32031
"ENSG00000143499","SMYD2",214281102,214337131,56029
"ENSG00000143502","SUSD4",223220819,223364178,143359
"ENSG00000143507","DUSP10",221701424,221742089,40665
"ENSG00000143512","HHIPL2",222522258,222548104,25846
"ENSG00000143514","TP53BP2",223779893,223845954,66061
"ENSG00000143515","ATP8B2",154325553,154351304,25751
"ENSG00000143520","FLG2",152348735,152360006,11271
"ENSG00000143536","CRNN",152409243,152414263,5020
"ENSG00000143537","ADAM15",155050566,155062775,12209
"ENSG00000143543","JTB",153974269,153977674,3405
"ENSG00000143545","RAB13",153981617,153986358,4741
"ENSG00000143549","TPM3",154155304,154194648,39344
"ENSG00000143552","NUP210L",153992685,154155116,162431
"ENSG00000143553","SNAPIN",153658654,153661830,3176
"ENSG00000143554","SLC27A3",153774354,153780157,5803
"ENSG00000143569","UBAP2L",154220179,154271510,51331
"ENSG00000143570","SLC39A1",153959099,153968184,9085
"ENSG00000143575","HAX1",154272511,154275875,3364
"ENSG00000143578","CREB3L4",153967534,153974361,6827
"ENSG00000143590","EFNA3",155078837,155087538,8701
"ENSG00000143595","AQP10",154321090,154325325,4235
"ENSG00000143603","KCNN3",154697455,154870281,172826
"ENSG00000143612","C1orf43",154206696,154220637,13941
"ENSG00000143614","GATAD2B",153789030,153923360,134330
"ENSG00000143621","ILF2",153661788,153671028,9240
"ENSG00000143622","RIT1",155897808,155911404,13596
"ENSG00000143624","INTS3",153728050,153774808,46758
"ENSG00000143627","PKLR",155289293,155301438,12145
"ENSG00000143630","HCN3",155277463,155289848,12385
"ENSG00000143631","FLG",152302175,152325203,23028
"ENSG00000143632","ACTA1",229431245,229434098,2853
"ENSG00000143633","C1orf131",231223763,231241187,17424
"ENSG00000143641","GALNT2",230057990,230282122,224132
"ENSG00000143643","TTC13",230906243,230978875,72632
"ENSG00000143653","SCCPDH",246724409,246768137,43728
"ENSG00000143669","LYST",235661041,235883640,222599
"ENSG00000143674","KIAA1804",233327724,233385148,57424
"ENSG00000143702","CEP170",243124428,243255348,130920
"ENSG00000143740","SNAP47",227728539,227781231,52692
"ENSG00000143748","NVL",224227334,224330189,102855
"ENSG00000143751","SDE2",225982702,225999343,16641
"ENSG00000143753","DEGS1",224175756,224193441,17685
"ENSG00000143756","FBXO28",224114111,224162047,47936
"ENSG00000143761","ARF1",228082660,228099212,16552
"ENSG00000143768","LEFTY2",225936598,225941383,4785
"ENSG00000143771","CNIH4",224356858,224379459,22601
"ENSG00000143772","ITPKB",226631690,226739323,107633
"ENSG00000143774","GUK1",228139962,228148984,9022
"ENSG00000143776","CDC42BPA",226989865,227318474,328609
"ENSG00000143786","CNIH3",224434660,224740554,305894
"ENSG00000143793","C1orf35",228100726,228105411,4685
"ENSG00000143797","MBOAT2",8852690,9003709,151019
"ENSG00000143799","PARP1",226360691,226408093,47402
"ENSG00000143801","PSEN2",226870184,226896105,25921
"ENSG00000143811","PYCR2",225919877,225924340,4463
"ENSG00000143815","LBR",225401502,225428925,27423
"ENSG00000143816","WNT9A",227918656,227947932,29276
"ENSG00000143819","EPHX1",225810092,225845563,35471
"ENSG00000143839","REN",204154819,204190324,35505
"ENSG00000143842","SOX13",204073115,204127743,54628
"ENSG00000143845","ETNK2",204131062,204152044,20982
"ENSG00000143847","PPFIA4",203026498,203078740,52242
"ENSG00000143850","PLEKHA6",204218853,204377665,158812
"ENSG00000143851","PTPN7",202147013,202161588,14575
"ENSG00000143858","SYT2",202590596,202710454,119858
"ENSG00000143867","OSR1",19351485,19358623,7138
"ENSG00000143869","GDF7",20667144,20679243,12099
"ENSG00000143870","PDIA6",10783391,10837977,54586
"ENSG00000143878","RHOB",20447074,20449445,2371
"ENSG00000143882","ATP6V1C2",10721100,10785110,64010
"ENSG00000143889","HNRPLL",38561969,38603586,41617
"ENSG00000143891","GALM",38666081,38741237,75156
"ENSG00000143919","CAMKMT",44361947,44772592,410645
"ENSG00000143921","ABCG8",43831942,43882988,51046
"ENSG00000143924","EML4",42169353,42332548,163195
"ENSG00000143933","CALM2",47160083,47176921,16838
"ENSG00000143951","WDPCP",63119559,63827843,708284
"ENSG00000143952","VPS54",63892146,64019428,127282
"ENSG00000143954","REG3G",79025686,79028505,2819
"ENSG00000143970","ASXL2",25733753,25878516,144763
"ENSG00000143971","ETAA1",67397319,67412089,14770
"ENSG00000143977","SNRPG",70281362,70293740,12378
"ENSG00000143994","ABHD1",27123789,27130812,7023
"ENSG00000143995","MEIS1",66433452,66573869,140417
"ENSG00000144015","TRIM43",95592018,95599778,7760
"ENSG00000144021","CIAO1",96266132,96273349,7217
"ENSG00000144026","ZNF514",95145000,95165413,20413
"ENSG00000144028","SNRNP200",96274338,96321271,46933
"ENSG00000144029","MRPS5",95085369,95149434,64065
"ENSG00000144031","ANKRD53",70978380,70985499,7119
"ENSG00000144034","TPRKB",73729104,73737400,8296
"ENSG00000144035","NAT8",73640832,73642393,1561
"ENSG00000144036","EXOC6B",72175984,72826041,650057
"ENSG00000144040","SFXN5",72942036,73075619,133583
"ENSG00000144043","TEX261",70985942,70994873,8931
"ENSG00000144045","DQX1",74518131,74526281,8150
"ENSG00000144048","DUSP11",73762184,73780157,17973
"ENSG00000144057","ST6GAL2",106801600,106887108,85508
"ENSG00000144061","NPHP1",110122311,110205066,82755
"ENSG00000144063","MALL",110083870,110116566,32696
"ENSG00000144115","THNSL2",88170295,88186636,16341
"ENSG00000144118","RALB",120240064,120294710,54646
"ENSG00000144120","TMEM177",119679167,119686507,7340
"ENSG00000144136","SLC20A1",112645939,112663825,17886
"ENSG00000144152","FBLN7",112138385,112188218,49833
"ENSG00000144161","ZC3H8",112211529,112255136,43607
"ENSG00000144182","LIPT1",99154955,99163157,8202
"ENSG00000144191","CNGA3",98346155,98398601,52446
"ENSG00000144199","FAHD2B",97083583,97094882,11299
"ENSG00000144214","LYG1",99284238,99304742,20504
"ENSG00000144218","AFF3",99545419,100142739,597320
"ENSG00000144224","UBXN4",135741734,135785056,43322
"ENSG00000144227","NXPH2",138669157,138780390,111233
"ENSG00000144228","SPOPL",138501801,138573547,71746
"ENSG00000144229","THSD7B",136765545,137677718,912173
"ENSG00000144230","GPR17",127645864,127652639,6775
"ENSG00000144231","POLR2D",127843553,127858155,14602
"ENSG00000144233","AMMECR1L",127861630,127885922,24292
"ENSG00000144278","GALNT13",153871922,154453979,582057
"ENSG00000144283","PKP4",158456964,158682879,225915
"ENSG00000144285","SCN1A",165984641,166149214,164573
"ENSG00000144290","SLC4A10",161424332,161985282,560950
"ENSG00000144306","SCRN3",174395730,174429575,33845
"ENSG00000144320","KIAA1715",175923882,176002839,78957
"ENSG00000144331","ZNF385B",179441982,179861612,419630
"ENSG00000144339","TMEFF2",191949043,192194933,245890
"ENSG00000144354","CDCA7",173354820,173368997,14177
"ENSG00000144355","DLX1",172084740,172089677,4937
"ENSG00000144357","UBR3",169827458,170084131,256673
"ENSG00000144362","PHOSPHO2",169694454,169701708,7254
"ENSG00000144366","GULP1",188291669,188595931,304262
"ENSG00000144369","FAM171B",186694060,186765959,71899
"ENSG00000144381","HSPD1",197486584,197516737,30153
"ENSG00000144395","CCDC150",196639554,196763490,123936
"ENSG00000144401","METTL21A",207580631,207625928,45297
"ENSG00000144406","UNC80",209771993,209999300,227307
"ENSG00000144407","PTH2R",208359714,208854503,494789
"ENSG00000144426","NBEAL1",203014879,203226378,211499
"ENSG00000144445","KANSL1L",210021421,210171409,149988
"ENSG00000144451","SPAG16",213284379,214410501,1126122
"ENSG00000144452","ABCA12",214931542,215138626,207084
"ENSG00000144455","SUMF1",3700814,4467273,766459
"ENSG00000144460","NYAP2",225399710,225654018,254308
"ENSG00000144468","RHBDD1",226835581,226999215,163634
"ENSG00000144476","CXCR7",236567787,236582354,14567
"ENSG00000144481","TRPM8",233917373,234019522,102149
"ENSG00000144504","ANKMY1",240479422,240569209,89787
"ENSG00000144524","COPS7B",231781671,231809254,27583
"ENSG00000144535","DIS3L2",231961245,232344350,383105
"ENSG00000144554","FANCD2",10026414,10101930,75516
"ENSG00000144559","TAMM41",11790442,11846919,56477
"ENSG00000144560","VGLL4",11556069,11771350,215281
"ENSG00000144567","FAM134A",219176225,219185475,9250
"ENSG00000144579","CTDSP1",218398256,218405941,7685
"ENSG00000144580","RQCD1",218568580,218597080,28500
"ENSG00000144583","MARCH4",216257865,216372483,114618
"ENSG00000144589","STK11IP",219597857,219616451,18594
"ENSG00000144591","GMPPA",219498867,219506989,8122
"ENSG00000144596","GRIP2",14489107,14556075,66968
"ENSG00000144597","EAF1",15427598,15450635,23037
"ENSG00000144619","CNTN4",2098813,3057959,959146
"ENSG00000144635","DYNC1LI1",32525974,32570858,44884
"ENSG00000144642","RBMS3",28574791,30010391,1435600
"ENSG00000144644","GADL1",30726200,30894765,168565
"ENSG00000144645","OSBPL10",31657890,32077580,419690
"ENSG00000144647","GTDC2",43079232,43106079,26847
"ENSG00000144648","CCBP2",42804752,42887974,83222
"ENSG00000144649","FAM198A",42979267,43060211,80944
"ENSG00000144655","CSRNP1",39141855,39154562,12707
"ENSG00000144659","SLC25A38",39383370,39397351,13981
"ENSG00000144668","ITGA9",37452115,37823507,371392
"ENSG00000144671","SLC22A14",38282294,38318575,36281
"ENSG00000144674","GOLGA4",37243177,37366751,123574
"ENSG00000144677","CTDSPL",37861880,37984469,122589
"ENSG00000144681","STAC",36380344,36548007,167663
"ENSG00000144711","IQSEC1",12897043,13283281,386238
"ENSG00000144712","CAND2",12796472,12871916,75444
"ENSG00000144713","RPL32",12834485,12841588,7103
"ENSG00000144724","PTPRG",61561569,62297609,736040
"ENSG00000144730","IL17RD",57089982,57170306,80324
"ENSG00000144736","SHQ1",72749277,72861914,112637
"ENSG00000144744","UBA3",69054730,69080408,25678
"ENSG00000144746","ARL6IP5",69084937,69106092,21155
"ENSG00000144747","TMF1",69019827,69052339,32512
"ENSG00000144749","LRIG1",66378797,66501263,122466
"ENSG00000144771","LRTM1",54918231,54967088,48857
"ENSG00000144791","LIMD1",45555394,45686341,130947
"ENSG00000144792","ZNF660",44578223,44599694,21471
"ENSG00000144802","NFKBIZ",101827991,101861022,33031
"ENSG00000144810","COL8A1",99638475,99799226,160751
"ENSG00000144815","NXPE3",101779202,101828231,49029
"ENSG00000144820","GPR128",100609601,100695479,85878
"ENSG00000144821","MYH15",108380369,108529322,148953
"ENSG00000144824","PHLDB2",111732497,111976517,244020
"ENSG00000144827","ABHD10",111979010,111993368,14358
"ENSG00000144834","TAGLN3",111998739,112013887,15148
"ENSG00000144837","PLA1A",119597875,119629811,31936
"ENSG00000144843","ADPRH",119579268,119589945,10677
"ENSG00000144847","IGSF11",118900557,119146068,245511
"ENSG00000144848","ATG3",112532509,112562046,29537
"ENSG00000144852","NR1I2",119780484,119818485,38001
"ENSG00000144857","BOC",113211003,113287459,76456
"ENSG00000144867","SRPRB",133784033,133825772,41739
"ENSG00000144868","TMEM108",133038391,133397792,359401
"ENSG00000144891","AGTR1",148697784,148743008,45224
"ENSG00000144893","MED12L",151085697,151437072,351375
"ENSG00000144895","EIF2A",150546678,150586016,39338
"ENSG00000144908","ALDH1L1",126103562,126197994,94432
"ENSG00000144909","OSBPL11",125528858,125595497,66639
"ENSG00000144935","TRPC1",142724034,142807888,83854
"ENSG00000144959","NCEH1",172630249,172711218,80969
"ENSG00000144962","SPATA16",172889357,173141235,251878
"ENSG00000145002","FAM86B2",12425614,12436343,10729
"ENSG00000145012","LPP",188153284,188890671,737387
"ENSG00000145014","TMEM44",194587673,194633689,46016
"ENSG00000145016","KIAA0226",197668867,197749727,80860
"ENSG00000145020","AMT",49416775,49422753,5978
"ENSG00000145022","TCTA",49412206,49416475,4269
"ENSG00000145029","NICN1",49422946,49429326,6380
"ENSG00000145040","UCN2",48561718,48563781,2063
"ENSG00000145041","VPRBP",51395867,51500002,104135
"ENSG00000145063","FLJ33534",11105317,11132821,27504
"ENSG00000145075","CCDC39",180614008,180870933,256925
"ENSG00000145087","STXBP5L",120908072,121424761,516689
"ENSG00000145088","EAF2",121835183,121886526,51343
"ENSG00000145103","ILDR1",121987323,122022247,34924
"ENSG00000145107","TM4SF19",196319342,196338503,19161
"ENSG00000145113","MUC4",195746765,195811973,65208
"ENSG00000145147","SLIT2",20251905,20620561,368656
"ENSG00000145191","EIF2B5",184135038,184146127,11089
"ENSG00000145192","AHSG",186613060,186621318,8258
"ENSG00000145194","ECE2",184276011,184293031,17020
"ENSG00000145198","VWA5B2",184230429,184242329,11900
"ENSG00000145214","DGKQ",958887,986895,28008
"ENSG00000145216","FIP1L1",53377641,53460862,83221
"ENSG00000145217","SLC26A1",979073,993440,14367
"ENSG00000145220","LYAR",4267701,4290154,22453
"ENSG00000145241","CENPC1",67468762,67545503,76741
"ENSG00000145242","EPHA5",65319563,65670495,350932
"ENSG00000145244","CORIN",47593999,47838106,244107
"ENSG00000145246","ATP10D",47485288,47593486,108198
"ENSG00000145248","SLC10A4",48483343,48489526,6183
"ENSG00000145283","SLC10A6",86823468,86849263,25795
"ENSG00000145284","SCD5",82629539,82798796,169257
"ENSG00000145287","PLAC8",83090048,83137075,47027
"ENSG00000145293","ENOPH1",82430590,82461177,30587
"ENSG00000145309","CABS1",70334981,70337116,2135
"ENSG00000145321","GC",71741696,71804041,62345
"ENSG00000145331","TRMT10A",99546709,99564039,17330
"ENSG00000145332","KLHL8",87160103,87240314,80211
"ENSG00000145335","SNCA",89724099,89838315,114216
"ENSG00000145348","TBCK",106041599,106321495,279896
"ENSG00000145349","CAMK2D",113451032,113761927,310895
"ENSG00000145358","DDIT4L",100185870,100190782,4912
"ENSG00000145362","ANK2",112818109,113383740,565631
"ENSG00000145365","TIFA",112274537,112285904,11367
"ENSG00000145375","SPATA5",122923078,123319433,396355
"ENSG00000145384","FABP2",119317250,119322390,5140
"ENSG00000145386","CCNA2",121816444,121823933,7489
"ENSG00000145388","METTL14",118685392,118715433,30041
"ENSG00000145390","USP53",119212587,119295517,82930
"ENSG00000145391","SETD7",139495941,139606699,110758
"ENSG00000145414","NAF1",163110073,163166890,56817
"ENSG00000145423","SFRP2",153780591,153789083,8492
"ENSG00000145431","PDGFC",156760454,156971799,211345
"ENSG00000145451","GLRA3",174636920,174829247,192327
"ENSG00000145476","CYP4V2",186191567,186213463,21896
"ENSG00000145491","ROPN1L",10441524,10472029,30505
"ENSG00000145494","NDUFS6",1801400,1816605,15205
"ENSG00000145495","MARCH6",10353695,10440388,86693
"ENSG00000145506","NKD2",1008829,1038943,30114
"ENSG00000145526","CDH18",19471296,20575873,1104577
"ENSG00000145536","ADAMTS16",5140330,5320304,179974
"ENSG00000145545","SRD5A1",6633427,6674386,40959
"ENSG00000145555","MYO10",16661907,16936288,274381
"ENSG00000145569","FAM105A",14581792,14616180,34388
"ENSG00000145592","RPL37",40825262,40835222,9960
"ENSG00000145604","SKP2",36151989,36184319,32330
"ENSG00000145623","OSMR",38845858,38945596,99738
"ENSG00000145626","UGT3A1",35951010,36001028,50018
"ENSG00000145632","PLK2",58453982,58460139,6157
"ENSG00000145642","FAM159B",64690442,64718190,27748
"ENSG00000145649","GZMA",55102646,55110252,7606
"ENSG00000145675","PIK3R1",68215756,68301821,86065
"ENSG00000145681","HAPLN1",83637805,83721613,83808
"ENSG00000145687","SSBP2",81413021,81751797,338776
"ENSG00000145692","BHMT",79111809,79132288,20479
"ENSG00000145700","ANKRD31",75068275,75236878,168603
"ENSG00000145703","IQGAP2",76403285,76708132,304847
"ENSG00000145708","CRHBP",76953045,76981158,28113
"ENSG00000145715","RASA1",87267888,87391931,124043
"ENSG00000145721","LIX1",97091867,97142753,50886
"ENSG00000145723","GIN1",103086000,103120138,34138
"ENSG00000145725","PPIP5K2",103120149,103212799,92650
"ENSG00000145730","PAM",102753981,103031105,277124
"ENSG00000145734","BDP1",71455651,71567820,112169
"ENSG00000145740","SLC30A5",69093949,69131069,37120
"ENSG00000145741","BTF3",73498408,73505635,7227
"ENSG00000145743","FBXL17",107859035,108382098,523063
"ENSG00000145757","SPATA9",95652181,95698711,46530
"ENSG00000145777","TSLP",111070062,111078026,7964
"ENSG00000145779","TNFAIP8",119268692,119399688,130996
"ENSG00000145780","FEM1C",115520908,115544775,23867
"ENSG00000145781","COMMD10",116085016,116412762,327746
"ENSG00000145782","ATG12",115828200,115841837,13637
"ENSG00000145794","MEGF10",127290796,127465737,174941
"ENSG00000145808","ADAMTS19",129460281,129738683,278402
"ENSG00000145819","ARHGAP26",142770377,143229011,458634
"ENSG00000145826","LECT2",135922279,135954983,32704
"ENSG00000145832","SLC25A48",135579202,135889770,310568
"ENSG00000145833","DDX46",134758771,134855133,96362
"ENSG00000145860","RNF145",159157409,159210053,52644
"ENSG00000145861","C1QTNF2",160347751,160370641,22890
"ENSG00000145863","GABRA6",161547063,161702593,155530
"ENSG00000145864","GABRB2",161288429,161549044,260615
"ENSG00000145868","FBXO38",148383935,148442836,58901
"ENSG00000145882","PCYOX1L",149358037,149369653,11616
"ENSG00000145888","GLRA1",151822513,151924842,102329
"ENSG00000145901","TNIP1",151029945,151093577,63632
"ENSG00000145907","G3BP1",151771045,151812785,41740
"ENSG00000145908","ZNF300",150894392,150904983,10591
"ENSG00000145911","N4BP3",178113532,178126081,12549
"ENSG00000145912","NHP2",178149460,178153967,4507
"ENSG00000145916","RMND5B",178130996,178150568,19572
"ENSG00000145919","BOD1",173607514,173616660,9146
"ENSG00000145920","CPLX2",175796310,175884021,87711
"ENSG00000145934","ODZ2",167284799,168264157,979358
"ENSG00000145936","KCNMB1",170374671,170389634,14963
"ENSG00000145949","MYLK4",2663629,2750966,87337
"ENSG00000145975","FAM217A",4049434,4087344,37910
"ENSG00000145982","FARS2",5261044,5829192,568148
"ENSG00000145990","GFOD1",13357830,13487662,129832
"ENSG00000145996","CDKAL1",20534457,21232404,697947
"ENSG00000146001","PCDHB18",141234333,141237529,3196
"ENSG00000146005","PSD2",139795808,139844466,48658
"ENSG00000146006","LRRTM2",138868921,138875368,6447
"ENSG00000146007","ZMAT2",140698680,140706676,7996
"ENSG00000146013","GFRA3",138252380,138274621,22241
"ENSG00000146021","KLHL3",137617500,137736089,118589
"ENSG00000146038","DCDC2",24171755,24358059,186304
"ENSG00000146039","SLC17A4",25754699,25781191,26492
"ENSG00000146047","HIST1H2BA",25726777,25727292,515
"ENSG00000146054","TRIM7",181193924,181205293,11369
"ENSG00000146063","TRIM41",181222499,181235808,13309
"ENSG00000146066","HIGD2A",176388751,176389761,1010
"ENSG00000146067","FAM193B",177519789,177554563,34774
"ENSG00000146070","PLA2G7",46704201,46735693,31492
"ENSG00000146072","TNFRSF21",47231532,47309905,78373
"ENSG00000146083","RNF44",176526712,176538025,11313
"ENSG00000146085","MUT",49430360,49463253,32893
"ENSG00000146090","RASGEF1C",180100795,180209211,108416
"ENSG00000146094","DOK3",177501907,177511274,9367
"ENSG00000146109","ABT1",26596953,26600739,3786
"ENSG00000146122","DAAM2",39792298,39904877,112579
"ENSG00000146143","PRIM2",57314805,57646850,332045
"ENSG00000146147","MLIP",53929982,54266280,336298
"ENSG00000146151","HMGCLL1",55434369,55579214,144845
"ENSG00000146166","LGSN",63275951,63319977,44026
"ENSG00000146192","FGD2",37005646,37029069,23423
"ENSG00000146197","SCUBE3",35213956,35253079,39123
"ENSG00000146205","ANO7",241188509,241225377,36868
"ENSG00000146216","TTBK1",43243481,43288258,44777
"ENSG00000146221","TCTE1",44278734,44297698,18964
"ENSG00000146223","RPL7L1",42879618,42889925,10307
"ENSG00000146232","NFKBIE",44258166,44265788,7622
"ENSG00000146233","CYP39A1",46549580,46652830,103250
"ENSG00000146243","IRAK1BP1",78867551,78946440,78889
"ENSG00000146247","PHIP",78934419,79078254,143835
"ENSG00000146250","PRSS35",83512534,83525704,13170
"ENSG00000146263","MMS22L",97142161,97283217,141056
"ENSG00000146267","FAXC",99271168,99350062,78894
"ENSG00000146276","GABRR1",89177501,89231278,53777
"ENSG00000146278","PNRC1",89080751,89085160,4409
"ENSG00000146281","PM20D2",89146055,89165565,19510
"ENSG00000146282","RARS2",87513938,87589987,76049
"ENSG00000146285","SCML4",107702154,107824317,122163
"ENSG00000146350","C6orf170",121079494,121334745,255251
"ENSG00000146360","GPR6",109978256,109980718,2462
"ENSG00000146373","RNF217",124962545,125092633,130088
"ENSG00000146376","ARHGAP18",129576132,129710177,134045
"ENSG00000146378","TAAR2",132617022,132624275,7253
"ENSG00000146383","TAAR6",132570322,132571359,1037
"ENSG00000146385","TAAR8",132552693,132553721,1028
"ENSG00000146399","TAAR1",132644984,132646003,1019
"ENSG00000146409","SLC18B1",132769370,132813339,43969
"ENSG00000146410","FAM54A",136231024,136250335,19311
"ENSG00000146411","SLC2A12",133988697,134052636,63939
"ENSG00000146414","SHPRH",145864245,145964423,100178
"ENSG00000146416","AIG1",143060496,143340304,279808
"ENSG00000146426","TIAM2",154832697,155257723,425026
"ENSG00000146433","TMEM181",158536436,158635428,98992
"ENSG00000146453","PNLDC1",159800249,159820704,20455
"ENSG00000146457","WTAP",159725585,159756319,30734
"ENSG00000146463","ZMYM4",35268967,35422058,153091
"ENSG00000146469","VIP",152750797,152759765,8968
"ENSG00000146476","C6orf211",151452258,151470101,17843
"ENSG00000146477","SLC22A3",160348378,160452577,104199
"ENSG00000146521","C6orf123",167784537,167796872,12335
"ENSG00000146530","VWDE",12330885,12403941,73056
"ENSG00000146535","GNA12",2728105,2844308,116203
"ENSG00000146540","C7orf50",996986,1138260,141274
"ENSG00000146555","SDK1",3301252,4269000,967748
"ENSG00000146574","CCZ1B",6794134,6826770,32636
"ENSG00000146576","C7orf26",6590021,6608726,18705
"ENSG00000146587","RBAK",5045821,5069487,23666
"ENSG00000146592","CREB5",28299321,28825894,526573
"ENSG00000146618","FERD3L",19144782,19145421,639
"ENSG00000146648","EGFR",55019017,55211628,192611
"ENSG00000146670","CDCA5",65066300,65084164,17864
"ENSG00000146674","IGFBP3",45912245,45921874,9629
"ENSG00000146676","PURB",44876293,44885481,9188
"ENSG00000146678","IGFBP1",45888360,45893660,5300
"ENSG00000146700","SRCRB4D",76389334,76409697,20363
"ENSG00000146707","POMZP3",76609986,76627261,17275
"ENSG00000146729","GBAS",55951793,56000181,48388
"ENSG00000146731","CCT6A",56051685,56063989,12304
"ENSG00000146733","PSPH",56011051,56051604,40553
"ENSG00000146755","TRIM50",73312539,73328082,15543
"ENSG00000146757","ZNF92",65373799,65401135,27336
"ENSG00000146776","ATXN7L1",105605067,105876604,271537
"ENSG00000146802","TMEM168",112762382,112790592,28210
"ENSG00000146809","ASB15",123567010,123639481,72471
"ENSG00000146826","C7orf43",100154420,100158723,4303
"ENSG00000146828","SLC12A9",100826820,100867010,40190
"ENSG00000146830","GIGYF1",100679507,100694037,14530
"ENSG00000146833","TRIM4",99876958,99919600,42642
"ENSG00000146834","MEPCE",100428790,100434118,5328
"ENSG00000146839","ZAN",100733626,100797797,64171
"ENSG00000146842","TMEM209",130164713,130207770,43057
"ENSG00000146856","AGBL3",134986508,135147963,161455
"ENSG00000146857","STRA8",135231979,135258492,26513
"ENSG00000146859","TMEM140",135148072,135166215,18143
"ENSG00000146872","TLK2",62458658,62615481,156823
"ENSG00000146904","EPHA1",143390289,143408856,18567
"ENSG00000146909","NOM1",156949712,156973176,23464
"ENSG00000146910","CNPY1",155474206,155555450,81244
"ENSG00000146918","NCAPG2",158631311,158704829,73518
"ENSG00000146926","ASB10",151175698,151187832,12134
"ENSG00000146938","NLGN4X",5840637,6228867,388230
"ENSG00000146950","SHROOM2",9786429,9949443,163014
"ENSG00000146955","RAB19",140404043,140426250,22207
"ENSG00000146963","LUC7L2",139340359,139423457,83098
"ENSG00000146966","DENND2A",140518420,140673993,155573
"ENSG00000147003","TMEM27",15627318,15675012,47694
"ENSG00000147010","SH3KBP1",19533977,19887600,353623
"ENSG00000147027","TMEM47",34627075,34657285,30210
"ENSG00000147036","LANCL3",37571569,37684463,112894
"ENSG00000147041","SYTL5",38006553,38128819,122266
"ENSG00000147044","CASK",41514934,41923645,408711
"ENSG00000147050","KDM6A",44873177,45112602,239425
"ENSG00000147059","SPIN2A",57134530,57137625,3095
"ENSG00000147065","MSN",65588377,65741931,153554
"ENSG00000147081","AKAP4",50190777,50201007,10230
"ENSG00000147082","CCNB3",50202713,50351910,149197
"ENSG00000147099","HDAC8",72329516,72573101,243585
"ENSG00000147100","SLC16A2",74421493,74533917,112424
"ENSG00000147113","CXorf36",45148373,45200901,52528
"ENSG00000147117","ZNF157",47370583,47414305,43722
"ENSG00000147118","ZNF182",47974851,48003978,29127
"ENSG00000147119","CHST7",46573784,46598408,24624
"ENSG00000147121","ZNF673",46447292,46497422,50130
"ENSG00000147124","ZNF41",47445879,47482946,37067
"ENSG00000147127","RAB41",70282093,70285002,2909
"ENSG00000147130","ZMYM3",71239624,71255146,15522
"ENSG00000147133","TAF1",71366239,71532374,166135
"ENSG00000147138","GPR174",79144663,79175315,30652
"ENSG00000147140","NONO",71283192,71301168,17976
"ENSG00000147144","CCDC120",49053572,49069857,16285
"ENSG00000147145","LPAR4",78747709,78757094,9385
"ENSG00000147155","EBP",48521799,48528716,6917
"ENSG00000147160","AWAT2",70040542,70049938,9396
"ENSG00000147162","OGT",71533104,71575892,42788
"ENSG00000147166","ITGB1BP2",71301750,71305371,3621
"ENSG00000147168","IL2RG",71107404,71112108,4704
"ENSG00000147174","ACRC",71578411,71613583,35172
"ENSG00000147180","ZNF711",85244032,85273362,29330
"ENSG00000147183","CPXCR1",88747225,88754785,7560
"ENSG00000147202","DIAPH2",96684663,97604997,920334
"ENSG00000147206","NXF3",103075810,103093143,17333
"ENSG00000147223","RIPPLY1",106900063,106903341,3278
"ENSG00000147224","PRPS1",107628424,107651026,22602
"ENSG00000147231","CXorf57",106611930,106679439,67509
"ENSG00000147234","FRMPD3",107522450,107605251,82801
"ENSG00000147246","HTR2C",114584078,114910061,325983
"ENSG00000147251","DOCK11",118495898,118686163,190265
"ENSG00000147255","IGSF1",131273506,131578899,305393
"ENSG00000147256","ARHGAP36",131058346,131089885,31539
"ENSG00000147257","GPC3",133535745,133985895,450150
"ENSG00000147262","GPR119",130384345,130385660,1315
"ENSG00000147274","RBMX",136848004,136880764,32760
"ENSG00000147316","MCPH1",6406596,6648508,241912
"ENSG00000147324","MFHAS1",8783354,8893630,110276
"ENSG00000147364","FBXO25",406428,477967,71539
"ENSG00000147378","FATE1",151716035,151723194,7159
"ENSG00000147381","MAGEA4",151912509,151925170,12661
"ENSG00000147383","NSDHL",152830967,152869729,38762
"ENSG00000147394","ZNF185",152914442,152973480,59038
"ENSG00000147400","CETN2",152826973,152830777,3804
"ENSG00000147403","RPL10",154389955,154409168,19213
"ENSG00000147408","CSGALNACT1",19404161,19758029,353868
"ENSG00000147416","ATP6V1B2",20197381,20226819,29438
"ENSG00000147419","CCDC25",27733316,27772653,39337
"ENSG00000147421","HMBOX1",28890395,29064764,174369
"ENSG00000147432","CHRNB3",42697376,42737407,40031
"ENSG00000147434","CHRNA6",42752620,42796392,43772
"ENSG00000147443","DOK2",21908873,21913690,4817
"ENSG00000147457","CHMP7",23243637,23262000,18363
"ENSG00000147459","DOCK5",25184689,25418082,233393
"ENSG00000147471","PROSC",37762595,37779768,17173
"ENSG00000147475","ERLIN2",37736601,37757801,21200
"ENSG00000147481","SNTG1",49909789,50796692,886903
"ENSG00000147485","PXDNL",51319577,51809445,489868
"ENSG00000147488","ST18",52110839,52460959,350120
"ENSG00000147509","RGS20",53851795,53959303,107508
"ENSG00000147526","TACC1",38728186,38853028,124842
"ENSG00000147533","GOLGA7",41490396,41510980,20584
"ENSG00000147535","PPAPDC1B",38263130,38269243,6113
"ENSG00000147536","GINS4",41529218,41545030,15812
"ENSG00000147548","WHSC1L1",38269704,38382272,112568
"ENSG00000147570","DNAJC5B",66021560,66100526,78966
"ENSG00000147573","TRIM55",66126896,66175485,48589
"ENSG00000147576","ADHFE1",66432492,66468907,36415
"ENSG00000147586","MRPS28",79918717,80030289,111572
"ENSG00000147588","PMP2",81440326,81447439,7113
"ENSG00000147592","LACTB2",70635318,70669185,33867
"ENSG00000147596","PRDM14",70051651,70071693,20042
"ENSG00000147604","RPL7",73290242,73295789,5547
"ENSG00000147606","SLC26A7",91209494,91398155,188661
"ENSG00000147613","PSKH2",86048373,86088621,40248
"ENSG00000147614","ATP6V0D2",85987323,86154225,166902
"ENSG00000147642","SYBU",109573978,109691791,117813
"ENSG00000147647","DPYS",104330324,104467055,136731
"ENSG00000147649","MTDH",97644184,97730260,86076
"ENSG00000147650","LRP12",104489231,104589024,99793
"ENSG00000147654","EBAG9",109539711,109565996,26285
"ENSG00000147655","RSPO2",107899316,108083642,184326
"ENSG00000147677","EIF3H",116642130,116766925,124795
"ENSG00000147679","UTP23",116766505,116849463,82958
"ENSG00000147684","NDUFB9",124539101,124580648,41547
"ENSG00000147687","TATDN1",124488485,124539458,50973
"ENSG00000147689","FAM83A",123178960,123210079,31119
"ENSG00000147697","GSDMC",129748196,129786624,38428
"ENSG00000147724","FAM135B",138130023,138497261,367238
"ENSG00000147789","ZNF7",144827464,144847509,20045
"ENSG00000147799","ARHGAP39",144529179,144605816,76637
"ENSG00000147804","SLC39A4",144409742,144416895,7153
"ENSG00000147813","NAPRT1",143574785,143578649,3864
"ENSG00000147852","VLDLR",2621787,2660056,38269
"ENSG00000147853","AK3",4709556,4742043,32487
"ENSG00000147854","UHRF2",6413151,6507054,93903
"ENSG00000147862","NFIB",14081843,14398983,317140
"ENSG00000147869","CER1",14719724,14722717,2993
"ENSG00000147872","PLIN2",19108375,19149290,40915
"ENSG00000147873","IFNA5",21304326,21305312,986
"ENSG00000147874","HAUS6",19053141,19102904,49763
"ENSG00000147885","IFNA16",21216373,21217311,938
"ENSG00000147889","CDKN2A",21967753,21995301,27548
"ENSG00000147894","C9orf72",27546545,27573866,27321
"ENSG00000147896","IFNK",27524314,27526498,2184
"ENSG00000147905","ZCCHC7",37120539,37358149,237610
"ENSG00000147912","FBXO10",37510892,37576380,65488
"ENSG00000147996","CBWD5",65668805,65734041,65236
"ENSG00000148019","CEP78",78236062,78279690,43628
"ENSG00000148053","NTRK2",84668551,85027070,358519
"ENSG00000148082","SHC3",89005771,89178818,173047
"ENSG00000148090","AUH",91213815,91361913,148098
"ENSG00000148110","HIATL1",94374551,94461042,86491
"ENSG00000148120","C9orf3",94726701,95087218,360517
"ENSG00000148123","LPPR1",101028727,101325135,296408
"ENSG00000148136","OR13C4",104526253,104527209,956
"ENSG00000148143","ZNF462",106863166,107013634,150468
"ENSG00000148153","INIP",112683926,112718149,34223
"ENSG00000148154","UGCG",111896814,111935369,38555
"ENSG00000148156","ACTL7B",108854589,108856967,2378
"ENSG00000148158","SNX30",112750760,112881671,130911
"ENSG00000148175","STOM",121338988,121370304,31316
"ENSG00000148180","GSN",121207794,121332843,125049
"ENSG00000148200","NR6A1",124517275,124771311,254036
"ENSG00000148204","CRB2",123356170,123380324,24154
"ENSG00000148215","OR5C1",122788933,122789895,962
"ENSG00000148218","ALAD",113386312,113401290,14978
"ENSG00000148219","ASTN2",116425225,117415070,989845
"ENSG00000148225","WDR31",113313222,113340298,27076
"ENSG00000148229","POLE3",113407235,113410675,3440
"ENSG00000148248","SURF4",133361450,133376166,14716
"ENSG00000148288","GBGT1",133152948,133163933,10985
"ENSG00000148290","SURF1",133351758,133356676,4918
"ENSG00000148291","SURF2",133356550,133361158,4608
"ENSG00000148296","SURF6",133328776,133336188,7412
"ENSG00000148297","MED22",133338323,133348131,9808
"ENSG00000148303","RPL7A",133348218,133351426,3208
"ENSG00000148308","GTF3C5",133030675,133058503,27828
"ENSG00000148331","ASB6",129634604,129642169,7565
"ENSG00000148334","PTGES2",128120693,128128462,7769
"ENSG00000148335","NTMT1",129608884,129636131,27247
"ENSG00000148337","CIZ1",128161251,128204383,43132
"ENSG00000148339","SLC25A25",128068201,128109245,41044
"ENSG00000148341","SH3GLB2",129007036,129028303,21267
"ENSG00000148343","FAM73B",129036621,129072082,35461
"ENSG00000148346","LCN2",128149071,128153453,4382
"ENSG00000148356","LRSAM1",127451486,127503501,52015
"ENSG00000148357","HMCN2",130265882,130434123,168241
"ENSG00000148358","GPR107",130053426,130140169,86743
"ENSG00000148362","C9orf142",136992422,136993984,1562
"ENSG00000148377","IDI2",1018910,1025859,6949
"ENSG00000148384","INPP5E",136428619,136439845,11226
"ENSG00000148386","LCN9",135663322,135666422,3100
"ENSG00000148396","SEC16A",136440096,136483759,43663
"ENSG00000148399","WDR85",137554444,137578925,24481
"ENSG00000148400","NOTCH1",136494433,136546048,51615
"ENSG00000148408","CACNA1B",137877782,138124624,246842
"ENSG00000148426","C10orf47",11823339,11872277,48938
"ENSG00000148429","USP6NL",11453946,11611754,157808
"ENSG00000148444","COMMD3",22316386,22320306,3920
"ENSG00000148450","MSRB2",23095579,23122013,26434
"ENSG00000148459","PDSS1",26697701,26746798,49097
"ENSG00000148468","FAM171A1",15211643,15371289,159646
"ENSG00000148481","FAM188A",15778170,15860507,82337
"ENSG00000148482","SLC39A12",17951839,18043292,91453
"ENSG00000148488","ST8SIA6",17315421,17454595,139174
"ENSG00000148498","PARD3",34109560,34815325,705765
"ENSG00000148513","ANKRD30A",37125788,37384111,258323
"ENSG00000148516","ZEB1",31318495,31529814,211319
"ENSG00000148541","FAM13C",59246129,59363181,117052
"ENSG00000148572","NRBF2",63133247,63155031,21784
"ENSG00000148584","A1CF",50799409,50885675,86266
"ENSG00000148600","CDHR1",84194537,84219621,25084
"ENSG00000148602","LRIT1",84231593,84241461,9868
"ENSG00000148604","RGR",84230666,84259960,29294
"ENSG00000148606","POLR3A",77969251,78029515,60264
"ENSG00000148634","HERC4",67921899,68075348,153449
"ENSG00000148655","C10orf11",75431624,76560168,1128544
"ENSG00000148660","CAMK2G",73812501,73874591,62090
"ENSG00000148671","C10orf116",86968192,86983934,15742
"ENSG00000148672","GLUD1",87050202,87094843,44641
"ENSG00000148677","ANKRD1",90912096,90921276,9180
"ENSG00000148680","HTR7",90740823,90858039,117216
"ENSG00000148688","RPP30",90871716,90908553,36837
"ENSG00000148690","FRA10AC1",93667883,93702592,34709
"ENSG00000148700","ADD3",109996368,110135565,139197
"ENSG00000148702","HABP2",113550837,113589602,38765
"ENSG00000148704","VAX1",117128521,117138301,9780
"ENSG00000148719","DNAJB12",72332830,72355149,22319
"ENSG00000148735","PLEKHS1",113751262,113783429,32167
"ENSG00000148737","TCF7L2",112950247,113167678,217431
"ENSG00000148773","MKI67",128096659,128126423,29764
"ENSG00000148795","CYP17A1",102830531,102837472,6941
"ENSG00000148803","FUOM",133355158,133358025,2867
"ENSG00000148814","LRRC27",132332154,132381508,49354
"ENSG00000148824","MTG1",133394094,133422520,28426
"ENSG00000148826","NKX6-2",132783179,132786147,2968
"ENSG00000148832","PAOX",133379261,133391694,12433
"ENSG00000148834","GSTO1",104235356,104267459,32103
"ENSG00000148835","TAF5",103367976,103389065,21089
"ENSG00000148840","PPRC1",102132994,102150333,17339
"ENSG00000148841","ITPRIP",104309698,104338465,28767
"ENSG00000148842","CNNM2",102918294,103090222,171928
"ENSG00000148843","PDCD11",103396626,103446294,49668
"ENSG00000148848","ADAM12",126012381,126388455,376074
"ENSG00000148908","RGS10",119499817,119542719,42902
"ENSG00000148925","BTBD10",13388001,13463297,75296
"ENSG00000148926","ADM",10305073,10307397,2324
"ENSG00000148935","GAS2",22625509,22813055,187546
"ENSG00000148942","SLC5A12",26667020,26723427,56407
"ENSG00000148948","LRRC4C",40114203,41459773,1345570
"ENSG00000148950","IMMP1L",31432401,31509645,77244
"ENSG00000148965","SAA4",18231355,18236802,5447
"ENSG00000148985","PGAP2",3797724,3826371,28647
"ENSG00000149016","TUT1",62575045,62592177,17132
"ENSG00000149043","SYT8",1828307,1837521,9214
"ENSG00000149050","ZNF214",6997085,7020346,23261
"ENSG00000149054","ZNF215",6926404,7001004,74600
"ENSG00000149090","PAMR1",35431823,35530300,98477
"ENSG00000149091","DGKZ",46332905,46380554,47649
"ENSG00000149100","EIF3M",32583798,32606264,22466
"ENSG00000149115","TNKS1BP1",57299638,57324952,25314
"ENSG00000149124","GLYAT",58640426,58731974,91548
"ENSG00000149131","SERPING1",57597387,57614853,17466
"ENSG00000149133","OR5F1",55993681,55994625,944
"ENSG00000149136","SSRP1",57325986,57335892,9906
"ENSG00000149150","SLC43A1",57484534,57515780,31246
"ENSG00000149177","PTPRJ",47980558,48170841,190283
"ENSG00000149179","C11orf49",46936689,47164385,227696
"ENSG00000149182","ARFGAP2",47164299,47177125,12826
"ENSG00000149187","CELF1",47465933,47565569,99636
"ENSG00000149201","CCDC81",86374736,86423109,48373
"ENSG00000149212","SESN3",95165513,95232541,67028
"ENSG00000149231","CCDC82",96352769,96389956,37187
"ENSG00000149243","KLHL35",75422394,75430629,8235
"ENSG00000149256","ODZ4",78652831,79440948,788117
"ENSG00000149257","SERPINH1",75562056,75572783,10727
"ENSG00000149262","INTS4",77878720,77994671,115951
"ENSG00000149269","PAK1",77321707,77474635,152928
"ENSG00000149289","ZC3H12C",110093392,110171841,78449
"ENSG00000149292","TTC12",113314529,113383544,69015
"ENSG00000149294","NCAM1",112961247,113278436,317189
"ENSG00000149295","DRD2",113409605,113475691,66086
"ENSG00000149300","C11orf52",111918032,111926871,8839
"ENSG00000149305","HTR3B",113904677,113949078,44401
"ENSG00000149308","NPAT",108157215,108222638,65423
"ENSG00000149311","ATM",108222484,108369102,146618
"ENSG00000149313","AASDHPPT",106075501,106098699,23198
"ENSG00000149328","GLB1L2",134331874,134378341,46467
"ENSG00000149346","C20orf94",10435305,10636829,201524
"ENSG00000149380","P4HA3",74235801,74311640,75839
"ENSG00000149403","GRIK4",120511700,120988904,477204
"ENSG00000149418","ST14",130159782,130210362,50580
"ENSG00000149428","HYOU1",119044188,119057227,13039
"ENSG00000149435","GGTLC1",23985050,23988779,3729
"ENSG00000149451","ADAM33",3667965,3682246,14281
"ENSG00000149452","SLC22A8",62989154,63015841,26687
"ENSG00000149474","CSRP2BP",18138118,18188387,50269
"ENSG00000149476","DAK",61333210,61353295,20085
"ENSG00000149480","MTA2",62593214,62601865,8651
"ENSG00000149483","TMEM138",61362344,61369509,7165
"ENSG00000149485","FADS1",61799625,61829318,29693
"ENSG00000149488","TMC2",2536607,2641784,105177
"ENSG00000149489","ROM1",62611722,62615120,3398
"ENSG00000149499","EML3",62602218,62612765,10547
"ENSG00000149503","INCENP",62123998,62153169,29171
"ENSG00000149506","ZP1",60867562,60875693,8131
"ENSG00000149507","PLAC1L",60040409,60048044,7635
"ENSG00000149516","MS4A3",60056587,60071115,14528
"ENSG00000149527","PLCH2",2425980,2505532,79552
"ENSG00000149531","FRG1B",30377372,30399257,21885
"ENSG00000149532","CPSF7",61402641,61430031,27390
"ENSG00000149534","MS4A2",60088261,60098467,10206
"ENSG00000149541","B3GAT3",62615296,62622154,6858
"ENSG00000149547","EI24",125569280,125584684,15404
"ENSG00000149548","CCDC15",124954121,125041489,87368
"ENSG00000149554","CHEK1",125625665,125676255,50590
"ENSG00000149557","FEZ1",125442881,125592568,149687
"ENSG00000149564","ESAM",124752583,124762290,9707
"ENSG00000149571","KIRREL3",126423358,127003460,580102
"ENSG00000149573","MPZL2",118253416,118264536,11120
"ENSG00000149575","SCN2B",118157849,118176639,18790
"ENSG00000149577","SIDT2",117178733,117197445,18712
"ENSG00000149582","TMEM25",118531041,118547280,16239
"ENSG00000149591","TAGLN",117199321,117204782,5461
"ENSG00000149596","JPH2",44111695,44187578,75883
"ENSG00000149599","DUSP15",31847637,31870747,23110
"ENSG00000149600","COMMD7",32702691,32743997,41306
"ENSG00000149633","KIAA1755",38210503,38260772,50269
"ENSG00000149635","OCSTAMP",46540946,46550574,9628
"ENSG00000149636","DSN1",36751791,36773818,22027
"ENSG00000149639","SOGA1",36777447,36863538,86091
"ENSG00000149646","C20orf152",35954564,36030700,76136
"ENSG00000149654","CDH22",46173733,46308498,134765
"ENSG00000149657","LSM14B",62122461,62135374,12913
"ENSG00000149658","YTHDF1",63195429,63216139,20710
"ENSG00000149679","CABLES2",62388632,62407285,18653
"ENSG00000149716","ORAOV1",69653076,69675416,22340
"ENSG00000149735","GPHA2",64934471,64935893,1422
"ENSG00000149742","SLC22A9",63369789,63410294,40505
"ENSG00000149761","NUDT22",64225941,64230686,4745
"ENSG00000149781","FERMT3",64206678,64223886,17208
"ENSG00000149782","PLCB3",64251523,64269150,17627
"ENSG00000149792","MRPL49",65122183,65127371,5188
"ENSG00000149798","CDC42EP2",65314866,65322417,7551
"ENSG00000149809","TM7SF2",65111845,65116384,4539
"ENSG00000149823","VPS51",65089324,65111862,22538
"ENSG00000149923","PPP4C",30075978,30085376,9398
"ENSG00000149925","ALDOA",30064164,30070457,6293
"ENSG00000149926","FAM57B",30024427,30052978,28551
"ENSG00000149927","DOC2A",30005514,30023270,17756
"ENSG00000149929","HIRIP3",29992321,29996436,4115
"ENSG00000149930","TAOK2",29973868,29992261,18393
"ENSG00000149932","TMEM219",29940885,29973050,32165
"ENSG00000149948","HMGA2",65824131,65966295,142164
"ENSG00000149968","MMP3",102835801,102843609,7808
"ENSG00000149970","CNKSR2",21372801,21654695,281894
"ENSG00000149972","CNTN5",99020949,100358885,1337936
"ENSG00000150045","KLRF1",9827481,9845007,17526
"ENSG00000150048","CLEC1A",10069554,10111627,42073
"ENSG00000150051","MKX",27672874,27746060,73186
"ENSG00000150054","MPP7",28050993,28334486,283493
"ENSG00000150093","ITGB1",32900318,33005792,105474
"ENSG00000150244","TRIM48",55262182,55271119,8937
"ENSG00000150261","OR8K1",56345945,56347031,1086
"ENSG00000150269","OR5M9",56462469,56463401,932
"ENSG00000150275","PCDH15",53802771,55627942,1825171
"ENSG00000150316","CWC15",94962620,94973586,10966
"ENSG00000150337","FCGR1A",149782671,149792518,9847
"ENSG00000150347","ARID5B",61901684,62096944,195260
"ENSG00000150361","KLHL1",69700594,70108493,407899
"ENSG00000150394","CDH8",61647242,62037035,389793
"ENSG00000150401","DCUN1D2",113455819,113490951,35132
"ENSG00000150403","TMCO3",113491021,113554590,63569
"ENSG00000150433","TMEM218",125096545,125111763,15218
"ENSG00000150455","TIRAP",126283065,126298845,15780
"ENSG00000150456","N6AMT2",20728731,20773958,45227
"ENSG00000150457","LATS2",20973036,21061586,88550
"ENSG00000150459","SAP18",21140514,21149084,8570
"ENSG00000150471","LPHN3",61201258,62078335,877077
"ENSG00000150477","KIAA1328",36829106,37232172,403066
"ENSG00000150510","FAM124A",51222334,51284241,61907
"ENSG00000150527","CTAGE5",39230231,39388513,158282
"ENSG00000150540","HNMT",137964020,138016364,52344
"ENSG00000150551","LYPD1",132644853,132671579,26726
"ENSG00000150556","LYPD6B",149038107,149215262,177155
"ENSG00000150593","PDCD4",110871795,110900006,28211
"ENSG00000150594","ADRA2A",111077163,111080907,3744
"ENSG00000150625","GPM6A",175632934,176002664,369730
"ENSG00000150627","WDR17",176065834,176182818,116984
"ENSG00000150628","SPATA4",176184638,176195671,11033
"ENSG00000150630","VEGFC",176683538,176792922,109384
"ENSG00000150636","CCDC102B",68715209,69055189,339980
"ENSG00000150637","CD226",69831158,69961803,130645
"ENSG00000150656","CNDP1",74534500,74587212,52712
"ENSG00000150667","FSIP1",39588357,39782841,194484
"ENSG00000150672","DLG2",83455012,85627922,2172910
"ENSG00000150676","CCDC83",85855101,85920021,64920
"ENSG00000150681","RGS18",192158462,192185815,27353
"ENSG00000150712","MTMR12",32226994,32312987,85993
"ENSG00000150750","C11orf53",111245726,111286401,40675
"ENSG00000150753","CCT5",10249929,10266389,16460
"ENSG00000150756","FAM173B",10225507,10249897,24390
"ENSG00000150760","DOCK1",126905409,127452517,547108
"ENSG00000150764","DIXDC1",111927144,112022584,95440
"ENSG00000150768","DLAT",112024814,112064390,39576
"ENSG00000150773","PIH1D2",112064010,112074274,10264
"ENSG00000150776","C11orf57",112074086,112085150,11064
"ENSG00000150779","TIMM8B",112084800,112086798,1998
"ENSG00000150782","IL18",112143253,112164096,20843
"ENSG00000150867","PIP4K2A",22534854,22714578,179724
"ENSG00000150873","C2orf50",11133053,11146790,13737
"ENSG00000150893","FREM2",38687077,38887131,200054
"ENSG00000150907","FOXO1",40469953,40666641,196688
"ENSG00000150938","CRIM1",36355778,36551135,195357
"ENSG00000150961","SEC24D",118722823,118838683,115860
"ENSG00000150967","ABCB9",122920951,122981649,60698
"ENSG00000150990","DHX37",124946825,124989131,42306
"ENSG00000150991","UBC",124911604,124917368,5764
"ENSG00000150995","ITPR1",4493345,4847840,354495
"ENSG00000151005","TKTL2",163471093,163473746,2653
"ENSG00000151006","PRSS53",31083425,31089628,6203
"ENSG00000151012","SLC7A11",138164097,138242349,78252
"ENSG00000151014","CCRN4L",139015781,139045939,30158
"ENSG00000151023","ENKUR",24981979,25062279,80300
"ENSG00000151025","GPR158",25174802,25602229,427427
"ENSG00000151033","LYZL2",30611779,30629762,17983
"ENSG00000151062","CACNA2D4",1791963,1918666,126703
"ENSG00000151065","DCP1B",1946053,2004535,58482
"ENSG00000151067","CACNA1C",1970786,2697950,727164
"ENSG00000151079","KCNA6",4809176,4813412,4236
"ENSG00000151090","THRB",24117153,24495756,378603
"ENSG00000151092","NGLY1",25718944,25790039,71095
"ENSG00000151093","OXSM",25782917,25794534,11617
"ENSG00000151116","UEVLD",18529609,18588747,59138
"ENSG00000151117","TMEM86A",18693122,18704785,11663
"ENSG00000151131","C12orf45",104986316,105074197,87881
"ENSG00000151135","C12orf23",106955719,106978778,23059
"ENSG00000151136","BTBD11",107318421,107659642,341221
"ENSG00000151148","UBE3B",109477402,109536705,59303
"ENSG00000151150","ANK3",60026298,60733490,707192
"ENSG00000151151","IPMK",58191517,58267894,76377
"ENSG00000151164","RAD9B",110501655,110532086,30431
"ENSG00000151176","PLBD2",113358566,113391629,33063
"ENSG00000151208","DLG5",77790791,77926755,135964
"ENSG00000151224","MAT1A",80271820,80289658,17838
"ENSG00000151229","SLC2A13",39755025,40106089,351064
"ENSG00000151233","GXYLT1",42081845,42144874,63029
"ENSG00000151239","TWF1",43793723,43806375,12652
"ENSG00000151240","DIP2C",274190,689668,415478
"ENSG00000151276","MAGI1",65353525,66038834,685309
"ENSG00000151287","TEX30",102765888,102773811,7923
"ENSG00000151292","CSNK1G3",123512099,123617045,104946
"ENSG00000151303","AGAP11",86992406,87010203,17797
"ENSG00000151304","SRFBP1",121961961,122075570,113609
"ENSG00000151320","AKAP6",32329298,32837684,508386
"ENSG00000151322","NPAS3",32934933,33804176,869243
"ENSG00000151332","MBIP",36298564,36320637,22073
"ENSG00000151338","MIPOL1",37197913,37552361,354448
"ENSG00000151348","EXT2",44095673,44251981,156308
"ENSG00000151353","TMEM18",663877,677406,13529
"ENSG00000151360","ALLC",3658200,3702671,44471
"ENSG00000151364","KCTD14",78015715,78046191,30476
"ENSG00000151365","THRSP",78063861,78068351,4490
"ENSG00000151376","ME3",86441108,86672636,231528
"ENSG00000151379","MSGN1",17816496,17817101,605
"ENSG00000151388","ADAMTS12",33523535,33892019,368484
"ENSG00000151413","NUBPL",31489956,31861224,371268
"ENSG00000151414","NEK7",198156994,198322420,165426
"ENSG00000151418","ATP6V1G3",198523222,198540945,17723
"ENSG00000151422","FER",108747841,109196841,449000
"ENSG00000151445","VIPAS39",77426675,77457952,31277
"ENSG00000151458","ANKRD50",124664048,124712732,48684
"ENSG00000151461","UPF2",11920022,12043170,123148
"ENSG00000151465","CDC123",12195965,12250589,54624
"ENSG00000151466","SCLT1",128864921,129093600,228679
"ENSG00000151468","CCDC3",12896625,13099652,203027
"ENSG00000151470","C4orf33",129093317,129116640,23323
"ENSG00000151474","FRMD4A",13643706,14462142,818436
"ENSG00000151475","SLC25A31",127730400,127774292,43892
"ENSG00000151490","PTPRO",15322508,15598331,275823
"ENSG00000151491","EPS8",15620134,15882329,262195
"ENSG00000151498","ACAD8",134253495,134265855,12360
"ENSG00000151500","THYN1",134248279,134253370,5091
"ENSG00000151502","VPS26B",134224671,134247788,23117
"ENSG00000151503","NCAPD3",134150119,134225454,75335
"ENSG00000151532","VTI1A",112446998,112818744,371746
"ENSG00000151552","QDPR",17460261,17512206,51945
"ENSG00000151553","FAM160B1",114821744,114899832,78088
"ENSG00000151572","ANO4",100717526,101128641,411115
"ENSG00000151575","TEX9",56244009,56445997,201988
"ENSG00000151576","QTRTD1",114005833,114088422,82589
"ENSG00000151577","DRD3",114128652,114199407,70755
"ENSG00000151611","MMAA",145599042,145660033,60991
"ENSG00000151612","ZNF827",145757627,145938823,181196
"ENSG00000151615","POU4F2",146638893,146642474,3581
"ENSG00000151617","EDNRA",147480917,147544954,64037
"ENSG00000151623","NR3C2",148078762,148444698,365936
"ENSG00000151632","AKR1C2",4987400,5018031,30631
"ENSG00000151640","DPYSL4",132186948,132205759,18811
"ENSG00000151651","ADAM8",133262420,133276868,14448
"ENSG00000151655","ITIH2",7703316,7749520,46204
"ENSG00000151657","KIN",7750962,7787993,37031
"ENSG00000151687","ANKAR",189674290,189761193,86903
"ENSG00000151689","INPP1",190343570,190371665,28095
"ENSG00000151690","MFSD6",190408355,190509205,100850
"ENSG00000151692","RNF144A",6917412,7068286,150874
"ENSG00000151693","ASAP2",9206765,9405683,198918
"ENSG00000151694","ADAM17",9488486,9556732,68246
"ENSG00000151702","FLI1",128686535,128813267,126732
"ENSG00000151704","KCNJ1",128836315,128867373,31058
"ENSG00000151718","WWC2",183099257,183320777,221520
"ENSG00000151726","ACSL1",184755595,184826818,71223
"ENSG00000151729","SLC25A4",185143266,185150382,7116
"ENSG00000151743","AMN1",31671142,31729121,57979
"ENSG00000151746","BICD1",32106835,32383633,276798
"ENSG00000151748","SAV1",50632058,50668331,36273
"ENSG00000151779","NBAS",15166914,15561334,394420
"ENSG00000151789","ZNF385D",21412218,22373321,961103
"ENSG00000151790","TDO2",155854738,155920406,65668
"ENSG00000151806","GUF1",44678420,44700928,22508
"ENSG00000151812","SLC35F4",57563922,57982194,418272
"ENSG00000151834","GABRA2",46248427,46475230,226803
"ENSG00000151835","SACS",23328826,23433740,104914
"ENSG00000151838","C14orf38",59504539,59576812,72273
"ENSG00000151846","PABPC3",25095868,25099254,3386
"ENSG00000151849","CENPJ",24882279,24922889,40610
"ENSG00000151876","FBXO4",41925254,41941743,16489
"ENSG00000151881","C5orf28",43444252,43483893,39641
"ENSG00000151882","CCL28",43376645,43412391,35746
"ENSG00000151883","PARP8",50665899,50846519,180620
"ENSG00000151892","GFRA1",116056925,116273467,216542
"ENSG00000151893","CACUL1",118674167,118755249,81082
"ENSG00000151914","DST",56457987,56954649,496662
"ENSG00000151917","BEND6",56955107,57027346,72239
"ENSG00000151923","TIAL1",119571802,119597029,25227
"ENSG00000151929","BAG3",119651370,119677819,26449
"ENSG00000151948","GLT1D1",128853427,128984968,131541
"ENSG00000151952","TMEM132D",129071725,129904025,832300
"ENSG00000151962","RBM46",154781213,154828813,47600
"ENSG00000152034","MCHR2",99919910,99994247,74337
"ENSG00000152049","KCNE4",223051814,223198399,146585
"ENSG00000152061","RABGAP1L",174159410,174995308,835898
"ENSG00000152076","CCDC74B",130139287,130145134,5847
"ENSG00000152078","TMEM56",95117355,95197607,80252
"ENSG00000152082","MZT2B",130181737,130190729,8992
"ENSG00000152086","TUBA3E",130191745,130198439,6694
"ENSG00000152092","ASTN1",176857302,177164973,307671
"ENSG00000152102","FAM168B",131047876,131093460,45584
"ENSG00000152104","PTPN14",214348700,214552449,203749
"ENSG00000152127","MGAT5",134119983,134454621,334638
"ENSG00000152128","TMEM163",134455759,134719000,263241
"ENSG00000152147","GEMIN6",38751534,38785002,33468
"ENSG00000152154","TMEM178A",39664982,39717963,52981
"ENSG00000152192","POU4F1",78598362,78603552,5190
"ENSG00000152193","RNF219",78614289,78659155,44866
"ENSG00000152207","CYSLTR2",48653711,48711226,57515
"ENSG00000152208","GRID2",92303966,93810157,1506191
"ENSG00000152213","ARL11",49628299,49633872,5573
"ENSG00000152214","RIT2",42743227,43115691,372464
"ENSG00000152217","SETBP1",44680173,45068510,388337
"ENSG00000152219","ARL14EP",30323104,30338223,15119
"ENSG00000152223","EPG5",45847609,45967329,119720
"ENSG00000152229","PSTPIP2",45983536,46072272,88736
"ENSG00000152234","ATP5A1",46080248,46104334,24086
"ENSG00000152240","HAUS1",46104378,46128333,23955
"ENSG00000152242","C18orf25",46173553,46266992,93439
"ENSG00000152254","G6PC2",168901240,168910000,8760
"ENSG00000152256","PDK1",172555373,172608669,53296
"ENSG00000152270","PDE3B",14643804,14872044,228240
"ENSG00000152284","TCF7L1",85133392,85310387,176995
"ENSG00000152291","TGOLN2",85318020,85328296,10276
"ENSG00000152315","KCNK13",90061994,90185853,123859
"ENSG00000152332","UHMK1",162497251,162529631,32380
"ENSG00000152359","POC5",75674124,75717481,43357
"ENSG00000152377","SPOCK1",136975298,137598379,623081
"ENSG00000152380","FAM151B",80487969,80542563,54594
"ENSG00000152382","TADA1",166856510,166876264,19754
"ENSG00000152402","GUCY1A2",106674012,107018524,344512
"ENSG00000152404","CWF19L2",107326345,107457844,131499
"ENSG00000152409","JMY",79236131,79327211,91080
"ENSG00000152413","HOMER1",79372636,79514217,141581
"ENSG00000152422","XRCC4",83077498,83353787,276289
"ENSG00000152430","BOLL",197726879,197786762,59883
"ENSG00000152433","ZNF547",57363477,57379565,16088
"ENSG00000152439","ZNF773",57499915,57518404,18489
"ENSG00000152443","ZNF776",57746815,57758148,11333
"ENSG00000152454","ZNF256",57940833,57947706,6873
"ENSG00000152455","SUV39H2",14878820,14904315,25495
"ENSG00000152457","DCLRE1C",14897359,14954432,57073
"ENSG00000152463","OLAH",15032227,15073852,41625
"ENSG00000152464","RPP38",15097180,15139818,42638
"ENSG00000152465","NMT2",15102584,15168693,66109
"ENSG00000152467","ZSCAN1",58034032,58054631,20599
"ENSG00000152475","ZNF837",58367618,58381030,13412
"ENSG00000152484","USP12",27066156,27171811,105655
"ENSG00000152492","CCDC50",191329085,191398659,69574
"ENSG00000152495","CAMK4",111223653,111494886,271233
"ENSG00000152503","TRIM36",115124762,115180546,55784
"ENSG00000152518","ZFP36L2",43222402,43226606,4204
"ENSG00000152520","PAN3",28138506,28295335,156829
"ENSG00000152527","PLEKHH2",43637260,43767987,130727
"ENSG00000152556","PFKM",48105139,48146404,41265
"ENSG00000152578","GRIA4",105609994,105982092,372098
"ENSG00000152580","IGSF10",151425384,151458709,33325
"ENSG00000152582","SPEF2",35617844,35814611,196767
"ENSG00000152583","SPARCL1",87473335,87531061,57726
"ENSG00000152591","DSPP",87608529,87616873,8344
"ENSG00000152592","DMP1",87650307,87664361,14054
"ENSG00000152595","MEPE",87821411,87846817,25406
"ENSG00000152601","MBNL1",152243828,152465780,221952
"ENSG00000152611","CAPSL",35904288,35938779,34491
"ENSG00000152620","NADKD1",36192589,36242279,49690
"ENSG00000152642","GPD1L",32105689,32168713,63024
"ENSG00000152661","GJA1",121435595,121449727,14132
"ENSG00000152669","CCNO",55231152,55233608,2456
"ENSG00000152670","DDX4",55738017,55817157,79140
"ENSG00000152672","CLEC4F",70808643,70820599,11956
"ENSG00000152683","SLC30A6",32165841,32224379,58538
"ENSG00000152684","PELO",52787916,52804044,16128
"ENSG00000152689","RASGRP3",33436324,33564750,128426
"ENSG00000152705","CATSPER3",134967907,135011696,43789
"ENSG00000152749","GPR180",94601857,94634661,32804
"ENSG00000152760","TCTEX1D1",66752459,66779047,26588
"ENSG00000152763","WDR78",66812885,66924856,111971
"ENSG00000152766","ANKRD22",88819896,88851844,31948
"ENSG00000152767","FARP1",98142562,98455176,312614
"ENSG00000152778","IFIT5",89414568,89420997,6429
"ENSG00000152779","SLC16A12",89430299,89556641,126342
"ENSG00000152782","PANK1",89579497,89645572,66075
"ENSG00000152784","PRDM8",80183879,80204329,20450
"ENSG00000152785","BMP3",81030708,81057632,26924
"ENSG00000152795","HNRPDL",82422564,82430408,7844
"ENSG00000152804","HHEX",92689955,92695647,5692
"ENSG00000152818","UTRN",144285701,144853034,567333
"ENSG00000152822","GRM1",146027646,146437601,409955
"ENSG00000152894","PTPRK",127968779,128520674,551895
"ENSG00000152904","GGPS1",235327350,235344532,17182
"ENSG00000152910","CNTNAP4",76277278,76560757,283479
"ENSG00000152926","ZNF117",64971776,65006684,34908
"ENSG00000152932","RAB3C",58582221,58859394,277173
"ENSG00000152936","IFLTD1",25409307,25648579,239272
"ENSG00000152939","MARVELD2",69415065,69444330,29265
"ENSG00000152942","RAD17",69369293,69414801,45508
"ENSG00000152944","MED21",27022546,27066343,43797
"ENSG00000152952","PLOD2",146069440,146163653,94213
"ENSG00000152953","STK32B",5051480,5500994,449514
"ENSG00000152954","NRSN1",24126186,24154900,28714
"ENSG00000152969","JAKMIP1",6026203,6200591,174388
"ENSG00000152977","ZIC1",147393422,147510293,116871
"ENSG00000152990","GPR125",22345071,22516066,170995
"ENSG00000153002","CPB1",148791102,148860187,69085
"ENSG00000153006","SREK1IP1",64718148,64768691,50543
"ENSG00000153012","LGI2",24998847,25030946,32099
"ENSG00000153015","CWC27",64768930,65018750,249820
"ENSG00000153029","MR1",181033425,181061938,28513
"ENSG00000153037","SRP19",112861188,112898371,37183
"ENSG00000153044","CENPH",69189574,69210357,20783
"ENSG00000153046","CDYL",4706159,4955551,249392
"ENSG00000153060","TEKT5",10627501,10694945,67444
"ENSG00000153064","BANK1",101411286,102074812,663526
"ENSG00000153066","TXNDC11",11679080,11742878,63798
"ENSG00000153071","DAB2",39371675,39462300,90625
"ENSG00000153093","ACOXL",110732573,111118222,385649
"ENSG00000153094","BCL2L11",111119378,111168445,49067
"ENSG00000153107","ANAPC1",111611639,111884690,273051
"ENSG00000153113","CAST",96525267,96779595,254328
"ENSG00000153130","SCOC",140257286,140385726,128440
"ENSG00000153132","CLGN",140388453,140427661,39208
"ENSG00000153140","CETN3",90392261,90409786,17525
"ENSG00000153147","SMARCA5",143513702,143557486,43784
"ENSG00000153157","SYCP2L",10886831,10979320,92489
"ENSG00000153162","BMP6",7726099,7881728,155629
"ENSG00000153165","RGPD3",106391290,106468376,77086
"ENSG00000153187","HNRNPU",244840638,244864560,23922
"ENSG00000153201","RANBP2",108719482,108785809,66327
"ENSG00000153207","AHCTF1",246839098,246931967,92869
"ENSG00000153208","MERTK",111898479,112029561,131082
"ENSG00000153214","TMEM87B",112055269,112119318,64049
"ENSG00000153230","OR14K1",247738615,247739559,944
"ENSG00000153233","PTPRR",70638073,70920738,282665
"ENSG00000153234","NR4A2",156324437,156342348,17911
"ENSG00000153237","CCDC148",158171081,158456753,285672
"ENSG00000153246","PLA2R1",159932006,160062615,130609
"ENSG00000153250","RBMS1",160272151,160493807,221656
"ENSG00000153253","SCN3A",165087522,165204067,116545
"ENSG00000153266","FEZF2",62369681,62374324,4643
"ENSG00000153283","CD96",111292719,111665750,373031
"ENSG00000153291","SLC25A27",46652915,46678190,25275
"ENSG00000153292","GPR110",46997708,47042350,44642
"ENSG00000153294","GPR115",47685864,47722021,36157
"ENSG00000153303","FRMD1",168053166,168101511,48345
"ENSG00000153310","FAM49B",129839593,130017129,177536
"ENSG00000153317","ASAP1",130052104,130443674,391570
"ENSG00000153339","TRAPPC8",31829180,31953136,123956
"ENSG00000153347","FAM81B",95391344,95450454,59110
"ENSG00000153391","INO80C",35452230,35497991,45761
"ENSG00000153395","LPCAT1",1456480,1523962,67482
"ENSG00000153404","PLEKHG4B",92151,189972,97821
"ENSG00000153406","NMRAL1",4461680,4495763,34083
"ENSG00000153446","C16orf89",5044122,5066110,21988
"ENSG00000153485","TMEM251",93184951,93187089,2138
"ENSG00000153487","ING1",110712736,110723339,10603
"ENSG00000153498","SPACA7",112376355,112434689,58334
"ENSG00000153531","ADPRHL1",113399610,113453524,53914
"ENSG00000153551","CMTM7",32391671,32483067,91396
"ENSG00000153558","FBXL2",33277025,33403662,126637
"ENSG00000153560","UBP1",33388336,33441371,53035
"ENSG00000153561","RMND5A",86720291,86778041,57750
"ENSG00000153563","CD8A",86784610,86808396,23786
"ENSG00000153574","RPIA",88691673,88750929,59256
"ENSG00000153707","PTPRD",8314246,10612723,2298477
"ENSG00000153714","LURAP1L",12775020,12823060,48040
"ENSG00000153721","CNKSR3",154387515,154510685,123170
"ENSG00000153767","GTF2E1",120742637,120783069,40432
"ENSG00000153774","CFDP1",75293698,75433503,139805
"ENSG00000153779","TGIF2LX",89921882,89922883,1001
"ENSG00000153786","ZDHHC7",84974181,85011535,37354
"ENSG00000153789","FAM92B",85098358,85112472,14114
"ENSG00000153790","C7orf31",25134692,25180356,45664
"ENSG00000153802","TMPRSS11D",67820876,67884032,63156
"ENSG00000153814","JAZF1",27830573,28180795,350222
"ENSG00000153815","CMIP",81445170,81711762,266592
"ENSG00000153820","SPHKAP",227979955,228181687,201732
"ENSG00000153822","KCNJ16",70053429,70135608,82179
"ENSG00000153823","PID1",228850526,229271285,420759
"ENSG00000153827","TRIP12",229763838,229923239,159401
"ENSG00000153885","KCTD15",33795933,33815763,19830
"ENSG00000153896","ZNF599",34758073,34773229,15156
"ENSG00000153898","MCOLN2",84925583,84997113,71530
"ENSG00000153902","LGI4",35124513,35142451,17938
"ENSG00000153904","DDAH1",85318481,85578363,259882
"ENSG00000153914","SREK1",66139971,66183615,43644
"ENSG00000153922","CHD1",98853985,98928957,74972
"ENSG00000153930","ANKFN1",55882301,56511659,629358
"ENSG00000153933","DGKE",56834107,56869567,35460
"ENSG00000153936","HS2ST1",86914635,87109982,195347
"ENSG00000153944","MSI2",57255851,57684689,428838
"ENSG00000153956","CACNA2D1",81946444,82443777,497333
"ENSG00000153975","ZUFSP",116635618,116668794,33176
"ENSG00000153976","HS3ST3A1",13494032,13601929,107897
"ENSG00000153982","GDPD1",59220467,59275970,55503
"ENSG00000153989","NUS1",117675469,117710727,35258
"ENSG00000153993","SEMA3D",84995553,85186855,191302
"ENSG00000154001","PPP2R5E",63371364,63543377,172013
"ENSG00000154007","ASB17",75918873,75932431,13558
"ENSG00000154025","SLC5A10",18950345,19022595,72250
"ENSG00000154027","AK5",77282019,77559966,277947
"ENSG00000154040","CABYR",24138956,24161603,22647
"ENSG00000154059","IMPACT",24426634,24453531,26897
"ENSG00000154065","ANKRD29",23598926,23662911,63985
"ENSG00000154079","C6orf57",70566917,70589569,22652
"ENSG00000154080","CHST9",26906481,27185308,278827
"ENSG00000154096","THY1",119417378,119424985,7607
"ENSG00000154099","DNAAF1",84145287,84178767,33480
"ENSG00000154114","TBCEL",121024072,121090775,66703
"ENSG00000154122","ANKH",14704800,14871778,166978
"ENSG00000154124","FAM105B",14664664,14699711,35047
"ENSG00000154127","UBASH3B",122655722,122814473,158751
"ENSG00000154133","ROBO4",124883691,124898500,14809
"ENSG00000154134","ROBO3",124865432,124881471,16039
"ENSG00000154143","PANX3",124611490,124620356,8866
"ENSG00000154144","TBRG1",124622836,124635926,13090
"ENSG00000154162","CDH12",21750673,22853622,1102949
"ENSG00000154165","GPR15",98531978,98534681,2703
"ENSG00000154175","ABI3BP",100749156,100993515,244359
"ENSG00000154188","ANGPT1",107249482,107498055,248573
"ENSG00000154198","CYP4Z2P",46843095,46900437,57342
"ENSG00000154217","PITPNC1",67377281,67697261,319980
"ENSG00000154222","CC2D1B",52345723,52366193,20470
"ENSG00000154227","CERS3",100400395,100544995,144600
"ENSG00000154229","PRKCA",66302613,66810743,508130
"ENSG00000154237","LRRK1",100919327,101078257,158930
"ENSG00000154240","CEP112",65635537,66192133,556596
"ENSG00000154258","ABCA9",68974488,69060949,86461
"ENSG00000154262","ABCA6",69078702,69141895,63193
"ENSG00000154263","ABCA10",69147214,69244846,97632
"ENSG00000154265","ABCA5",69244311,69327244,82933
"ENSG00000154269","ENPP3",131628442,131747418,118976
"ENSG00000154274","C4orf19",37453925,37623495,169570
"ENSG00000154277","UCHL1",41256413,41268455,12042
"ENSG00000154305","MIA3",222618097,222668007,49910
"ENSG00000154309","DISP1",222872271,223005995,133724
"ENSG00000154310","TNIK",171058414,171460408,401994
"ENSG00000154316","TDH",11339637,11368452,28815
"ENSG00000154319","FAM167A",11421476,11475908,54432
"ENSG00000154330","PGM5",68328308,68531061,202753
"ENSG00000154342","WNT3A",228006998,228061271,54273
"ENSG00000154358","OBSCN",228208063,228378876,170813
"ENSG00000154359","LONRF1",12721906,12756073,34167
"ENSG00000154370","TRIM11",228393673,228406835,13162
"ENSG00000154380","ENAH",225486835,225653142,166307
"ENSG00000154415","PPP1R3A",113876777,114075920,199143
"ENSG00000154429","CCSAP",229321011,229343294,22283
"ENSG00000154438","ASZ1",117363222,117428123,64901
"ENSG00000154447","SH3RF1",169094259,169270956,176697
"ENSG00000154451","GBP5",89258950,89272804,13854
"ENSG00000154473","BUB3",123154402,123170467,16065
"ENSG00000154478","GPR26",123666355,123694607,28252
"ENSG00000154479","CCDC173",169645425,169694405,48980
"ENSG00000154485","MMP21",125753580,125775821,22241
"ENSG00000154493","C10orf90",126424997,126798708,373711
"ENSG00000154511","FAM69A",92832737,92961522,128785
"ENSG00000154529","CNTNAP3B",41890314,42129510,239196
"ENSG00000154548","SRSF12",89095959,89118071,22112
"ENSG00000154556","SORBS2",185585444,185956652,371208
"ENSG00000154582","TCEB1",73939169,73972287,33118
"ENSG00000154589","LY96",73991352,74029087,37735
"ENSG00000154608","CEP170P1",118467590,118554100,86510
"ENSG00000154611","PSMA8",26133852,26193355,59503
"ENSG00000154639","CXADR",17513043,17593579,80536
"ENSG00000154642","C21orf91",17788974,17819386,30412
"ENSG00000154645","CHODL",17901263,18267373,366110
"ENSG00000154646","TMPRSS15",18269116,18485879,216763
"ENSG00000154654","NCAM2",20998409,21543329,544920
"ENSG00000154655","L3MBTL4",5954706,6415237,460531
"ENSG00000154678","PDE1C",31751179,32299329,548150
"ENSG00000154721","JAM2",25639258,25717562,78304
"ENSG00000154727","GABPA",25734570,25772460,37890
"ENSG00000154734","ADAMTS1",26835755,26845409,9654
"ENSG00000154736","ADAMTS5",26917922,26967088,49166
"ENSG00000154743","TSEN2",12484432,12539623,55191
"ENSG00000154760","SLFN13",35435096,35448837,13741
"ENSG00000154764","WNT7A",13816258,13880121,63863
"ENSG00000154767","XPC",14145147,14178783,33636
"ENSG00000154781","C3orf19",14651746,14672659,20913
"ENSG00000154783","FGD5",14810853,14934565,123712
"ENSG00000154803","FLCN",17212212,17237188,24976
"ENSG00000154814","OXNAD1",16265160,16350299,85139
"ENSG00000154822","PLCL2",16802651,17090604,287953
"ENSG00000154832","CXXC1",50282343,50288304,5961
"ENSG00000154839","SKA1",50375040,50394168,19128
"ENSG00000154845","PPP4R1",9546791,9615240,68449
"ENSG00000154856","APCDD1",10454635,10489949,35314
"ENSG00000154864","PIEZO2",10666483,11148762,482279
"ENSG00000154874","CCDC144B",18537800,18625617,87817
"ENSG00000154889","MPPE1",11882622,11909223,26601
"ENSG00000154898","CCDC144C",20321164,20403557,82393
"ENSG00000154914","USP43",9644698,9729687,84989
"ENSG00000154920","EME1",50373220,50381483,8263
"ENSG00000154928","EPHB1",134597801,135260467,662666
"ENSG00000154930","ACSS1",25006230,25058980,52750
"ENSG00000154945","ANKRD40",50693198,50707914,14716
"ENSG00000154957","ZNF18",11977439,11997475,20036
"ENSG00000154975","CA10",51630313,52160017,529704
"ENSG00000154997","SEPT14",55793540,55862755,69215
"ENSG00000155008","APOOL",85003877,85093316,89439
"ENSG00000155011","DKK2",106921802,107283806,362004
"ENSG00000155016","CYP2U1",107931549,107953461,21912
"ENSG00000155026","RSPH10B",5925550,5970683,45133
"ENSG00000155034","FBXL18",5431335,5513809,82474
"ENSG00000155052","CNTNAP5",124025287,124915287,890000
"ENSG00000155066","PROM2",95274449,95291308,16859
"ENSG00000155085","AKD1",109492856,109691217,198361
"ENSG00000155087","ODF1",102551589,102561018,9429
"ENSG00000155090","KLF10",102648784,102655725,6941
"ENSG00000155093","PTPRN2",157539056,158587823,1048767
"ENSG00000155096","AZIN1",102826308,102893864,67556
"ENSG00000155097","ATP6V1C1",103021063,103073051,51988
"ENSG00000155099","TMEM55A",90993802,91040872,47070
"ENSG00000155100","OTUD6B",91070196,91087095,16899
"ENSG00000155111","CDK19",110609978,110815958,205980
"ENSG00000155115","GTF3C6",110958706,110967890,9184
"ENSG00000155158","TTC39B",15163622,15307360,143738
"ENSG00000155189","AGPAT5",6708642,6761503,52861
"ENSG00000155229","MMS19",97458324,97498794,40470
"ENSG00000155249","OR4K1",19930917,19936757,5840
"ENSG00000155252","PI4K2A",97640686,97676434,35748
"ENSG00000155256","ZFYVE27",97737121,97760907,23786
"ENSG00000155265","GOLGA7B",97849843,97871580,21737
"ENSG00000155269","GPR78",8558725,8619761,61036
"ENSG00000155275","TRMT44",8436140,8493531,57391
"ENSG00000155287","SLC25A28",99610522,99620609,10087
"ENSG00000155304","HSPA13",14371115,14383484,12369
"ENSG00000155307","SAMSN1",14485228,14658821,173593
"ENSG00000155313","USP25",15730025,15880069,150044
"ENSG00000155324","GRAMD3",126360132,126496494,136362
"ENSG00000155329","ZCCHC10",132996985,133026604,29619
"ENSG00000155330","C16orf87",46796603,46831180,34577
"ENSG00000155363","MOV10",112673141,112700746,27605
"ENSG00000155366","RHOC",112701106,112707434,6328
"ENSG00000155367","PPM1J",112709994,112715477,5483
"ENSG00000155368","DBI",119366921,119372560,5639
"ENSG00000155380","SLC16A1",112911847,112957013,45166
"ENSG00000155393","HEATR3",50065970,50107272,41302
"ENSG00000155428","TRIM74",72959485,72969466,9981
"ENSG00000155438","MKI67IP",121726945,121736911,9966
"ENSG00000155463","OXA1L",22766522,22773041,6519
"ENSG00000155465","SLC7A7",22773222,22829820,56598
"ENSG00000155495","MAGEC1",141903894,141909374,5480
"ENSG00000155506","LARP1",154712843,154817605,104762
"ENSG00000155508","CNOT8",154857553,154876793,19240
"ENSG00000155511","GRIA1",153489615,153813869,324254
"ENSG00000155530","LRGUK",134127299,134264591,137292
"ENSG00000155542","SETD9",56909260,56925532,16272
"ENSG00000155545","MIER3",56919602,56971675,52073
"ENSG00000155561","NUP205",135557917,135648757,90840
"ENSG00000155592","ZKSCAN2",25236001,25257845,21844
"ENSG00000155621","C9orf85",71911510,71986054,74544
"ENSG00000155629","PIK3AP1",96593315,96720514,127199
"ENSG00000155636","RBM45",178112424,178139011,26587
"ENSG00000155657","TTN",178525989,178830802,304813
"ENSG00000155659","VSIG4",66021738,66040125,18387
"ENSG00000155660","PDIA4",149003062,149028662,25600
"ENSG00000155666","KDM8",27203495,27221768,18273
"ENSG00000155714","PDZD9",21983865,22001110,17245
"ENSG00000155719","OTOA",21663971,21761935,97964
"ENSG00000155729","KCTD18",200488958,200519784,30826
"ENSG00000155744","FAM126B",200973718,201071671,97953
"ENSG00000155749","ALS2CR12",201288271,201357398,69127
"ENSG00000155754","ALS2CR11",201487421,201619178,131757
"ENSG00000155760","FZD7",202034587,202038445,3858
"ENSG00000155761","SPAG17",117953861,118185223,231362
"ENSG00000155792","DEPTOR",119873717,120050918,177201
"ENSG00000155816","FMN2",240014348,240475187,460839
"ENSG00000155827","RNF20",101533853,101563344,29491
"ENSG00000155833","CYLC2",102995311,103018488,23177
"ENSG00000155846","PPARGC1B",149730298,149855022,124724
"ENSG00000155849","ELMO1",36854361,37449249,594888
"ENSG00000155850","SLC26A2",149960737,149993455,32718
"ENSG00000155858","LSM11",157743712,157760709,16997
"ENSG00000155868","MED7",157137424,157159019,21595
"ENSG00000155875","FAM154A",18858906,19049358,190452
"ENSG00000155886","SLC24A2",19507452,19786928,279476
"ENSG00000155890","TRIM42",140678064,140701150,23086
"ENSG00000155893","ACPL2",141228726,141367753,139027
"ENSG00000155897","ADCY8",130780301,131040909,260608
"ENSG00000155903","RASA2",141487047,141615342,128295
"ENSG00000155906","RMND1",151404762,151452158,47396
"ENSG00000155926","SLA",133036728,133102912,66184
"ENSG00000155957","TMBIM4",66135846,66170072,34226
"ENSG00000155959","VBP1",155197007,155239817,42810
"ENSG00000155961","RAB39B",155258235,155264491,6256
"ENSG00000155962","CLIC2",155276211,155334657,58446
"ENSG00000155966","AFF2",148500619,149000663,500044
"ENSG00000155970","EFHA2",17027238,17122642,95404
"ENSG00000155974","GRIP1",66347431,67069162,721731
"ENSG00000155975","VPS37A",17246931,17302427,55496
"ENSG00000155980","KIF5A",57550044,57586633,36589
"ENSG00000156009","MAGEA8",149881141,149885835,4694
"ENSG00000156011","PSD3",18527303,19084730,557427
"ENSG00000156017","C9orf41",74980790,75028423,47633
"ENSG00000156026","MCU",72692131,72887694,195563
"ENSG00000156030","C14orf43",73715122,73790285,75163
"ENSG00000156042","TTC18",73253759,73358859,105100
"ENSG00000156049","GNA14",77423079,77648322,225243
"ENSG00000156050","FAM161B",73931501,73950414,18913
"ENSG00000156052","GNAQ",77716087,78031458,315371
"ENSG00000156076","WIF1",65050626,65121305,70679
"ENSG00000156096","UGT2B4",69480165,69526014,45849
"ENSG00000156097","GPR61",109539872,109548406,8534
"ENSG00000156103","MMP16",88032011,88328025,296014
"ENSG00000156110","ADK",74151185,74709303,558118
"ENSG00000156113","KCNMA1",76869601,77638369,768768
"ENSG00000156136","DCK",70992538,71030914,38376
"ENSG00000156140","ADAMTS3",72280969,72569221,288252
"ENSG00000156150","ALX3",110059870,110070672,10802
"ENSG00000156162","DPY19L4",94719703,94793836,74133
"ENSG00000156194","PPEF2",75859864,75902571,42707
"ENSG00000156206","C15orf26",81007033,81149179,142146
"ENSG00000156218","ADAMTSL3",83654088,84039842,385754
"ENSG00000156219","ART3",76011184,76112802,101618
"ENSG00000156222","SLC28A1",84884654,84945798,61144
"ENSG00000156232","WHAMM",82809628,82836108,26480
"ENSG00000156239","N6AMT1",28872191,28885371,13180
"ENSG00000156253","RWDD2B",29004384,29019360,14976
"ENSG00000156256","USP16",29024629,29054488,29859
"ENSG00000156261","CCT8",29055805,29073797,17992
"ENSG00000156265","C21orf7",29077471,29175889,98418
"ENSG00000156269","NAA11",79225694,79326050,100356
"ENSG00000156273","BACH1",29194071,29630751,436680
"ENSG00000156282","CLDN17",30165564,30166756,1192
"ENSG00000156284","CLDN8",30214006,30216073,2067
"ENSG00000156298","TSPAN7",38561370,38688920,127550
"ENSG00000156299","TIAM1",31118416,31559977,441561
"ENSG00000156304","SCAF4",31671033,31732075,61042
"ENSG00000156313","RPGR",38269170,38327544,58374
"ENSG00000156345","CDK20",87966441,87974753,8312
"ENSG00000156374","PCGF6",103302796,103351144,48348
"ENSG00000156384","SFR1",104122058,104126385,4327
"ENSG00000156395","SORCS3",104641290,105265242,623952
"ENSG00000156398","SFXN2",102714538,102743492,28954
"ENSG00000156413","FUT6",5830610,5839731,9121
"ENSG00000156414","TDRD9",103928456,104052667,124211
"ENSG00000156427","FGF18",171419647,171457626,37979
"ENSG00000156453","PCDH1",141853111,141879246,26135
"ENSG00000156463","SH3RF2",145936578,146081791,145213
"ENSG00000156466","GDF6",96142333,96160806,18473
"ENSG00000156467","UQCRB",96225920,96235634,9714
"ENSG00000156469","MTERFD1",96239398,96261610,22212
"ENSG00000156471","PTDSS1",96261715,96336995,75280
"ENSG00000156475","PPP2R2B",146581146,147084784,503638
"ENSG00000156486","KCNS2",98427022,98432848,5826
"ENSG00000156500","FAM122C",134796395,134854835,58440
"ENSG00000156502","SUPV3L1",69180234,69209099,28865
"ENSG00000156504","FAM122B",134769566,134797232,27666
"ENSG00000156508","EEF1A1",73515750,73523797,8047
"ENSG00000156509","FBXO43",100133351,100145817,12466
"ENSG00000156510","HKDC1",69220332,69267552,47220
"ENSG00000156515","HK1",69269984,69401884,131900
"ENSG00000156521","TYSND1",70137981,70146700,8719
"ENSG00000156531","PHF6",134373253,134428791,55538
"ENSG00000156535","CD109",73695785,73828316,132531
"ENSG00000156564","LRFN2",40391586,40587465,195879
"ENSG00000156574","NODAL",70432315,70447951,15636
"ENSG00000156575","PRG3",57376769,57381150,4381
"ENSG00000156587","UBE2L6",57551656,57568284,16628
"ENSG00000156599","ZDHHC5",57667747,57701182,33435
"ENSG00000156603","MED19",57703714,57712323,8609
"ENSG00000156642","NPTN",73560014,73634134,74120
"ENSG00000156650","KAT6B",74824927,75032624,207697
"ENSG00000156671","SAMD8",75099586,75182123,82537
"ENSG00000156675","RAB11FIP1",37858618,37899467,40849
"ENSG00000156687","UNC5D",35235475,35796550,561075
"ENSG00000156689","GLYATL2",58834065,58904215,70150
"ENSG00000156697","UTP14A",129906121,129929761,23640
"ENSG00000156709","AIFM1",130129362,130165887,36525
"ENSG00000156711","MAPK13",36127809,36144524,16715
"ENSG00000156735","BAG4",38176533,38213301,36768
"ENSG00000156738","MS4A1",60455752,60470760,15008
"ENSG00000156787","WDR67",123041968,123152153,110185
"ENSG00000156795","WDYHV1",123416725,123470028,53303
"ENSG00000156802","ATAD2",123319850,123416350,96500
"ENSG00000156804","FBXO32",123497889,123541206,43317
"ENSG00000156831","NSMCE2",125091679,125367120,275441
"ENSG00000156853","ZNF689",30602558,30624012,21454
"ENSG00000156858","PRR14",30650717,30656440,5723
"ENSG00000156860","FBRS",30658431,30670814,12383
"ENSG00000156869","FRRS1",99708632,99766631,57999
"ENSG00000156873","PHKG2",30748293,30761176,12883
"ENSG00000156875","HIAT1",100038095,100083377,45282
"ENSG00000156876","SASS6",100083563,100132955,49392
"ENSG00000156886","ITGAD",31393312,31426505,33193
"ENSG00000156920","GPR112",136300963,136416888,115925
"ENSG00000156925","ZIC3",137566127,137577691,11564
"ENSG00000156928","MALSU1",23298739,23311729,12990
"ENSG00000156931","VPS8",184812143,185052614,240471
"ENSG00000156958","GALK2",49155656,49367869,212213
"ENSG00000156959","LHFPL4",9498361,9553822,55461
"ENSG00000156966","B3GNT7",231395710,231401164,5454
"ENSG00000156968","MPV17L",15395754,15413271,17517
"ENSG00000156970","BUB1B",40161023,40221136,60113
"ENSG00000156976","EIF4A2",186783205,186789897,6692
"ENSG00000156983","BRPF1",9731729,9748018,16289
"ENSG00000156990","RPUSD3",9837849,9844602,6753
"ENSG00000157014","TATDN2",10248023,10281218,33195
"ENSG00000157017","GHRL",10285675,10292947,7272
"ENSG00000157020","SEC13",10293131,10321112,27981
"ENSG00000157036","EXOG",38496127,38542161,46034
"ENSG00000157045","NTAN1",15037854,15056079,18225
"ENSG00000157060","SHCBP1L",182899865,182953525,53660
"ENSG00000157064","NMNAT2",183248237,183418380,170143
"ENSG00000157077","ZFYVE9",52142094,52346686,204592
"ENSG00000157087","ATP2B2",10324023,10708007,383984
"ENSG00000157093","LYZL4",42397083,42410610,13527
"ENSG00000157103","SLC6A1",10992186,11039247,47061
"ENSG00000157106","SMG1",18804853,18926454,121601
"ENSG00000157107","FCHO2",72956041,73090522,134481
"ENSG00000157111","TMEM171",73120569,73131809,11240
"ENSG00000157119","KBTBD5",42685519,42692544,7025
"ENSG00000157131","C8A",56854806,56918221,63415
"ENSG00000157152","SYN2",12004388,12192032,187644
"ENSG00000157168","NRG1",31639222,32855666,1216444
"ENSG00000157184","CPT2",53196792,53214197,17405
"ENSG00000157191","NECAP2",16440721,16460078,19357
"ENSG00000157193","LRP8",53242356,53328469,86113
"ENSG00000157211","CDCP2",54132968,54153770,20802
"ENSG00000157212","PAXIP1",154943687,155003084,59397
"ENSG00000157214","STEAP2",90167590,90238137,70547
"ENSG00000157216","SSBP3",54225432,54413479,188047
"ENSG00000157219","HTR5A",155070324,155087392,17068
"ENSG00000157224","CLDN12",90383721,90513402,129681
"ENSG00000157227","MMP14",22836560,22849027,12467
"ENSG00000157240","FZD1",91264364,91271326,6962
"ENSG00000157303","SUSD3",93058688,93085133,26445
"ENSG00000157306","THTPA",23511760,23560778,49018
"ENSG00000157315","TMED6",69343250,69351786,8536
"ENSG00000157322","CLEC18A",69950705,69964452,13747
"ENSG00000157326","DHRS4",23953734,23969279,15545
"ENSG00000157335","CLEC18C",70173322,70187361,14039
"ENSG00000157343","ARMC12",35737032,35749079,12047
"ENSG00000157350","ST3GAL2",70375977,70439237,63260
"ENSG00000157353","FUK",70454595,70480274,25679
"ENSG00000157368","IL34",70579895,70660682,80787
"ENSG00000157379","DHRS1",24290598,24299780,9182
"ENSG00000157388","CACNA1D",53328963,53813733,484770
"ENSG00000157399","ARSE",2934632,2968310,33678
"ENSG00000157404","KIT",54657918,54740715,82797
"ENSG00000157423","HYDIN",70802084,71230722,428638
"ENSG00000157426","AASDH",56338287,56387508,49221
"ENSG00000157429","ZNF19",71464555,71565089,100534
"ENSG00000157445","CACNA2D3",54122547,55074557,952010
"ENSG00000157450","RNF111",58865175,59097419,232244
"ENSG00000157470","FAM81A",59372693,59523555,150862
"ENSG00000157483","MYO1E",59132434,59372900,240466
"ENSG00000157500","APPL1",57227726,57278105,50379
"ENSG00000157502","MUM1L1",106168305,106208956,40651
"ENSG00000157510","AFAP1L1",149271859,149343637,71778
"ENSG00000157514","TSC22D3",107713221,107777342,64121
"ENSG00000157538","DSCR3",37223420,37267919,44499
"ENSG00000157540","DYRK1A",37365573,37526358,160785
"ENSG00000157542","KCNJ6",37607373,38121345,513972
"ENSG00000157551","KCNJ15",38155549,38307357,151808
"ENSG00000157554","ERG",38380027,38661780,281753
"ENSG00000157557","ETS2",38805183,38824955,19772
"ENSG00000157570","TSPAN18",44726465,44932421,205956
"ENSG00000157578","LCA5L",39405844,39445805,39961
"ENSG00000157593","SLC35B2",44254096,44257890,3794
"ENSG00000157600","TMEM164",110002631,110182734,180103
"ENSG00000157601","MX1",41420304,41459214,38910
"ENSG00000157613","CREB3L1",46277661,46321422,43761
"ENSG00000157617","C2CD2",41885112,41954018,68906
"ENSG00000157625","TAB3",30827442,30975084,147642
"ENSG00000157637","SLC38A10",81244811,81295547,50736
"ENSG00000157653","C9orf43",113410054,113429684,19630
"ENSG00000157654","PALM2-AKAP2",109780309,110172512,392203
"ENSG00000157657","ZNF618",113876282,114056591,180309
"ENSG00000157680","DGKI",137381037,137847092,466055
"ENSG00000157693","C9orf91",114611206,114646422,35216
"ENSG00000157703","SVOPL",138594285,138701352,107067
"ENSG00000157734","SNX22",64151715,64157481,5766
"ENSG00000157741","UBN2",139230356,139308236,77880
"ENSG00000157764","BRAF",140719327,140924928,205601
"ENSG00000157765","SLC34A2",25648011,25678748,30737
"ENSG00000157766","ACAN",88803442,88875354,71912
"ENSG00000157778","PSMG3",1567330,1571005,3675
"ENSG00000157796","WDR19",39182504,39285810,103306
"ENSG00000157827","FMNL2",152335174,152649826,314652
"ENSG00000157833","FAM59B",26173088,26189663,16575
"ENSG00000157837","SPPL3",120762510,120904358,141848
"ENSG00000157851","DPYSL5",26847747,26950351,102604
"ENSG00000157856","CCDC164",26401920,26456711,54791
"ENSG00000157869","RAB28",13361354,13484365,123011
"ENSG00000157873","TNFRSF14",2555639,2565382,9743
"ENSG00000157881","PANK4",2508531,2526628,18097
"ENSG00000157884","CIB4",26581205,26641366,60161
"ENSG00000157890","MEGF11",65895079,66253747,358668
"ENSG00000157911","PEX10",2403964,2413797,9833
"ENSG00000157927","RADIL",4797055,4883719,86664
"ENSG00000157933","SKI",2228319,2310213,81894
"ENSG00000157954","WIPI2",5190196,5233840,43644
"ENSG00000157978","LDLRAP1",25543580,25568886,25306
"ENSG00000157985","AGAP1",235494043,236131800,637757
"ENSG00000157999","ANKRD61",6031376,6036386,5010
"ENSG00000158006","PAFAH2",25959767,25998117,38350
"ENSG00000158008","EXTL1",26019884,26036464,16580
"ENSG00000158019","BRE",27889941,28338901,448960
"ENSG00000158022","TRIM63",26051304,26068436,17132
"ENSG00000158023","WDR66",121918592,122003927,85335
"ENSG00000158042","MRPL17",6680782,6683401,2619
"ENSG00000158050","DUSP2",96143169,96145440,2271
"ENSG00000158055","GRHL3",24319322,24364482,45160
"ENSG00000158062","UBXN11",26281328,26318363,37035
"ENSG00000158077","NLRP14",7020446,7071308,50862
"ENSG00000158079","PTPDC1",94030794,94109856,79062
"ENSG00000158089","GALNT14",30910467,31155202,244735
"ENSG00000158092","NCK1",136862208,136951606,89398
"ENSG00000158104","HPD",121839527,121863596,24069
"ENSG00000158106","RHPN1",143368876,143384221,15345
"ENSG00000158109","TPRG1L",3625015,3630127,5112
"ENSG00000158113","LRRC43",122167738,122203471,35733
"ENSG00000158125","XDH",31334321,31414742,80421
"ENSG00000158156","XKR8",27959462,27968096,8634
"ENSG00000158158","CNNM4",96760902,96811874,50972
"ENSG00000158161","EYA3",27970344,28088637,118293
"ENSG00000158163","DZIP1L",138061990,138115818,53828
"ENSG00000158164","TMSB15A",102513682,102516739,3057
"ENSG00000158169","FANCC",95099054,95426796,327742
"ENSG00000158186","MRAS",138347648,138405534,57886
"ENSG00000158195","WASF2",27404230,27490167,85937
"ENSG00000158201","ABHD3",21650901,21704780,53879
"ENSG00000158220","ESYT3",138434586,138481686,47100
"ENSG00000158246","FAM46B",27005020,27012850,7830
"ENSG00000158258","CLSTN2",139935185,140577397,642212
"ENSG00000158270","COLEC12",316737,500722,183985
"ENSG00000158286","RNF207",6205475,6221299,15824
"ENSG00000158290","CUL4B",120524609,120575794,51185
"ENSG00000158292","GPR153",6247353,6261098,13745
"ENSG00000158296","SLC13A3",46557823,46684467,126644
"ENSG00000158301","GPRASP2",102712176,102717733,5557
"ENSG00000158321","AUTS2",69598296,70793495,1195199
"ENSG00000158352","SHROOM4",50591647,50814302,222655
"ENSG00000158373","HIST1H2BD",26158146,26171349,13203
"ENSG00000158402","CDC25C",138285265,138338355,53090
"ENSG00000158406","HIST1H4H",26277609,26285638,8029
"ENSG00000158411","MITD1",99161427,99181058,19631
"ENSG00000158417","EIF5B",99337371,99401326,63955
"ENSG00000158423","RIBC1",53422690,53431120,8430
"ENSG00000158428","C2orf62",218356857,218368099,11242
"ENSG00000158435","C2orf29",101252886,101270316,17430
"ENSG00000158445","KCNB1",49293394,49484297,190903
"ENSG00000158457","TSPAN33",129144707,129169699,24992
"ENSG00000158458","NRG2",139846779,140043299,196520
"ENSG00000158467","AHCYL2",129225023,129430211,205188
"ENSG00000158470","B4GALT5",49632945,49713878,80933
"ENSG00000158473","CD1D",158179947,158184896,4949
"ENSG00000158477","CD1A",158254424,158258269,3845
"ENSG00000158480","SPATA2",49903391,49915529,12138
"ENSG00000158481","CD1C",158289923,158294774,4851
"ENSG00000158483","FAM86C1",71787510,71801237,13727
"ENSG00000158485","CD1B",158327951,158331531,3580
"ENSG00000158486","DNAH3",20933111,21159441,226330
"ENSG00000158488","CD1E",158353696,158357553,3857
"ENSG00000158516","CPA2",130266863,130289798,22935
"ENSG00000158517","NCF1",74773962,74789375,15413
"ENSG00000158525","CPA5",130344816,130368730,23914
"ENSG00000158526","TSR2",54440404,54448032,7628
"ENSG00000158528","PPP1R9A",94907202,95296415,389213
"ENSG00000158545","ZC3H18",88570381,88631966,61585
"ENSG00000158552","ZFAND2B",219195237,219209651,14414
"ENSG00000158553","POM121L2",27285903,27312170,26267
"ENSG00000158555","GDPD5",75434640,75525941,91301
"ENSG00000158560","DYNC1I1",95772506,96110322,337816
"ENSG00000158571","PFKFB1",54932961,54998534,65573
"ENSG00000158578","ALAS2",55009055,55030977,21922
"ENSG00000158604","TMED4",44577894,44582287,4393
"ENSG00000158615","PPP1R15B",204403381,204411817,8436
"ENSG00000158623","COPG2",130506238,130668748,162510
"ENSG00000158636","C11orf30",76444923,76553025,108102
"ENSG00000158639","PAGE5",55220355,55224108,3753
"ENSG00000158669","AGPAT6",41577187,41625001,47814
"ENSG00000158683","PKD1L1",47740202,47948491,208289
"ENSG00000158691","ZSCAN12",28378955,28399734,20779
"ENSG00000158710","TAGLN2",159918107,159925732,7625
"ENSG00000158711","ELK4",205597556,205631962,34406
"ENSG00000158714","SLAMF8",159826811,159837492,10681
"ENSG00000158715","SLC45A3",205657851,205680509,22658
"ENSG00000158747","NBL1",19596979,19658456,61477
"ENSG00000158764","ITLN2",160945025,160954809,9784
"ENSG00000158769","F11R",160995211,161021343,26132
"ENSG00000158773","USF1",161039251,161045977,6726
"ENSG00000158786","PLA2G2F",20139326,20150386,11060
"ENSG00000158792","SPATA2L",89696357,89701705,5348
"ENSG00000158796","DEDD",161120974,161132688,11714
"ENSG00000158805","ZNF276",89720400,89740925,20525
"ENSG00000158813","EDA",69616067,70039472,423405
"ENSG00000158815","FGF17",22042398,22048809,6411
"ENSG00000158816","VWA5B1",20290919,20354894,63975
"ENSG00000158825","CDA",20589086,20618903,29817
"ENSG00000158828","PINK1",20633458,20651511,18053
"ENSG00000158850","B4GALT3",161171310,161177968,6658
"ENSG00000158856","EPB49",22048995,22082527,33532
"ENSG00000158859","ADAMTS4",161184302,161199054,14752
"ENSG00000158863","FAM160B2",22089150,22104911,15761
"ENSG00000158864","NDUFS2",161197104,161214395,17291
"ENSG00000158865","SLC5A11",24845841,24911628,65787
"ENSG00000158874","APOA2",161222292,161223631,1339
"ENSG00000158882","TOMM40L",161225939,161230746,4807
"ENSG00000158887","MPZ",161304735,161309968,5233
"ENSG00000158901","WFDC8",45551153,45579326,28173
"ENSG00000158941","KIAA1967",22604632,22621514,16882
"ENSG00000158966","CACHD1",64470129,64693058,222929
"ENSG00000158987","RAPGEF6",131423921,131635236,211315
"ENSG00000159023","EPB41",28887091,29120046,232955
"ENSG00000159055","MIS18A",32268228,32279049,10821
"ENSG00000159063","ALG8",78100936,78139653,38717
"ENSG00000159079","C21orf59",32592079,32612603,20524
"ENSG00000159082","SYNJ1",32628759,32728048,99289
"ENSG00000159086","GCFC1",32733899,32771792,37893
"ENSG00000159110","IFNAR2",33229901,33265675,35774
"ENSG00000159111","MRPL10",47823272,47831541,8269
"ENSG00000159131","GART",33503931,33543491,39560
"ENSG00000159140","SON",33543038,33577514,34476
"ENSG00000159147","DONSON",33559542,33588706,29164
"ENSG00000159164","SV2A",149903318,149917844,14526
"ENSG00000159166","LAD1",201380838,201399915,19077
"ENSG00000159167","STC1",23841929,23854806,12877
"ENSG00000159173","TNNI1",201403768,201429866,26098
"ENSG00000159176","CSRP1",201483530,201509456,25926
"ENSG00000159184","HOXB13",48724763,48729178,4415
"ENSG00000159197","KCNE2",34364024,34371389,7365
"ENSG00000159200","RCAN1",34513142,34615113,101971
"ENSG00000159202","UBE2Z",48908407,48929056,20649
"ENSG00000159208","C1orf51",150282543,150287093,4550
"ENSG00000159210","SNF8",48929316,48945117,15801
"ENSG00000159212","CLIC6",34669389,34718227,48838
"ENSG00000159214","CCDC24",43991359,43996528,5169
"ENSG00000159216","RUNX1",34787801,36004667,1216866
"ENSG00000159217","IGF2BP1",48997385,49056145,58760
"ENSG00000159224","GIP",48958554,48968596,10042
"ENSG00000159228","CBR1",36069941,36073166,3225
"ENSG00000159239","C2orf81",74393836,74421662,27826
"ENSG00000159247","TUBBP5",138150075,138177433,27358
"ENSG00000159248","GJD2",34751032,34754998,3966
"ENSG00000159256","MORC3",36320189,36386148,65959
"ENSG00000159259","CHAF1B",36385392,36419015,33623
"ENSG00000159261","CLDN14",36460621,36576569,115948
"ENSG00000159263","SIM2",36699133,36749917,50784
"ENSG00000159267","HLCS",36750888,36990236,239348
"ENSG00000159289","GOLGA6A",74069857,74082550,12693
"ENSG00000159307","SCUBE1",43197280,43343372,146092
"ENSG00000159314","ARHGAP27",45393902,45434421,40519
"ENSG00000159322","ADPGK",72751369,72785846,34477
"ENSG00000159335","PTMS",6765516,6770952,5436
"ENSG00000159337","PLA2G4D",42067009,42094554,27545
"ENSG00000159339","PADI4",17308195,17364004,55809
"ENSG00000159346","ADIPOR1",202940826,202958572,17746
"ENSG00000159348","CYB5R1",202961873,202967275,5402
"ENSG00000159352","PSMD4",151254703,151267479,12776
"ENSG00000159363","ATP13A2",16985958,17011928,25970
"ENSG00000159374","C2orf65",74557883,74648338,90455
"ENSG00000159377","PSMB4",151399560,151401937,2377
"ENSG00000159398","CES5A",55846154,55956031,109877
"ENSG00000159399","HK2",74833981,74893359,59378
"ENSG00000159403","C1R",7080214,7092540,12326
"ENSG00000159409","CELF3",151702404,151716814,14410
"ENSG00000159423","ALDH4A1",18871430,18902724,31294
"ENSG00000159433","STARD9",42575606,42720998,145392
"ENSG00000159450","TCHH",152106317,152115454,9137
"ENSG00000159455","LCE2B",152686123,152687401,1278
"ENSG00000159459","UBR1",42942897,43106113,163216
"ENSG00000159461","AMFR",56361452,56425545,64093
"ENSG00000159479","MED8",43383917,43389808,5891
"ENSG00000159495","TGM7",43276280,43302255,25975
"ENSG00000159496","RGL4",23688136,23699176,11040
"ENSG00000159516","SPRR2G",153149582,153150890,1308
"ENSG00000159527","PGLYRP3",153297862,153310718,12856
"ENSG00000159556","ISL2",76336773,76342475,5702
"ENSG00000159579","RSPRY1",57186137,57240469,54332
"ENSG00000159588","CCDC17",45620044,45624057,4013
"ENSG00000159592","GPBP1L1",45627304,45688113,60809
"ENSG00000159593","NAE1",66802875,66873256,70381
"ENSG00000159596","TMEM69",45688181,45694436,6255
"ENSG00000159618","GPR114",57542643,57591681,49038
"ENSG00000159625","CCDC135",57694793,57731805,37012
"ENSG00000159640","ACE",63477061,63498380,21319
"ENSG00000159648","TEPP",57976435,57988116,11681
"ENSG00000159650","UROC1",126481166,126517773,36607
"ENSG00000159658","KIAA0494",46675159,46719114,43955
"ENSG00000159674","SPON2",1166932,1208962,42030
"ENSG00000159685","CHCHD6",126704220,126960406,256186
"ENSG00000159692","CTBP1",1211448,1249953,38505
"ENSG00000159708","LRRC36",67326798,67385204,58406
"ENSG00000159712","ANKRD18CP",97156570,97221235,64665
"ENSG00000159713","TPPP3",67389809,67393518,3709
"ENSG00000159714","ZDHHC1",67394152,67416833,22681
"ENSG00000159723","AGRP",67482571,67483813,1242
"ENSG00000159733","ZFYVE28",2269582,2418663,149081
"ENSG00000159753","RLTPR",67644988,67657569,12581
"ENSG00000159761","C16orf86",67666814,67668757,1943
"ENSG00000159763","PIP",143132077,143139739,7662
"ENSG00000159784","FAM131B",143353400,143362770,9370
"ENSG00000159788","RGS12",3293028,3439913,146885
"ENSG00000159792","PSKH1",67893254,67929676,36422
"ENSG00000159840","ZYX",143381295,143391111,9816
"ENSG00000159842","ABR",1003518,1229738,226220
"ENSG00000159871","LYPD5",43785874,43827206,41332
"ENSG00000159873","CCDC117",28772674,28789301,16627
"ENSG00000159882","ZNF230",44002957,44013924,10967
"ENSG00000159884","CCDC107",35658290,35661511,3221
"ENSG00000159885","ZNF222",44025342,44033110,7768
"ENSG00000159899","NPR2",35792154,35809732,17578
"ENSG00000159905","ZNF221",43951223,43967709,16486
"ENSG00000159915","ZNF233",44259880,44275317,15437
"ENSG00000159917","ZNF235",44228729,44305046,76317
"ENSG00000159921","GNE",36214441,36277056,62615
"ENSG00000159961","OR3A3",3411370,3424070,12700
"ENSG00000160007","ARHGAP35",46918676,47005077,86401
"ENSG00000160014","CALM3",46601074,46610782,9708
"ENSG00000160049","DFFA",10456522,10472529,16007
"ENSG00000160050","CCDC28B",32200386,32205387,5001
"ENSG00000160051","IQCC",32205661,32208687,3026
"ENSG00000160058","BSDC1",32365103,32394731,29628
"ENSG00000160062","ZBTB8A",32539427,32605941,66514
"ENSG00000160072","ATAD3B",1471769,1497848,26079
"ENSG00000160075","SSU72",1541673,1574863,33190
"ENSG00000160087","UBE2J2",1253909,1273885,19976
"ENSG00000160094","ZNF362",33256492,33300719,44227
"ENSG00000160097","FNDC5",32862268,32872482,10214
"ENSG00000160111","CPAMD8",16892947,17026815,133868
"ENSG00000160113","NR2F6",17231883,17245940,14057
"ENSG00000160117","ANKLE1",17281645,17287646,6001
"ENSG00000160131","VMA21",151396515,151409364,12849
"ENSG00000160145","KALRN",124080023,124726325,646302
"ENSG00000160161","CILP2",19538248,19546659,8411
"ENSG00000160172","FAM86C2P",67791648,67805336,13688
"ENSG00000160179","ABCG1",42199689,42297244,97555
"ENSG00000160180","TFF3",42311667,42315651,3984
"ENSG00000160181","TFF2",42346357,42350997,4640
"ENSG00000160183","TMPRSS3",42371837,42396091,24254
"ENSG00000160185","UBASH3A",42403447,42447684,44237
"ENSG00000160188","RSPH1",42472486,42496246,23760
"ENSG00000160190","SLC37A1",42496008,42581440,85432
"ENSG00000160191","PDE9A",42653621,42775509,121888
"ENSG00000160193","WDR4",42843094,42879568,36474
"ENSG00000160194","NDUFV3",42879644,42913304,33660
"ENSG00000160199","PKNOX1",42974510,43033931,59421
"ENSG00000160200","CBS",43053191,43076943,23752
"ENSG00000160201","U2AF1",43092956,43107587,14631
"ENSG00000160207","HSF2BP",43529186,43659488,130302
"ENSG00000160211","G6PD",154531391,154547572,16181
"ENSG00000160214","RRP1",43789513,43805293,15780
"ENSG00000160216","AGPAT3",43865223,43987592,122369
"ENSG00000160218","TRAPPC10",44012309,44106552,94243
"ENSG00000160219","GAB3",154675249,154751583,76334
"ENSG00000160221","C21orf33",44133610,44210114,76504
"ENSG00000160223","ICOSLG",44217014,44240966,23952
"ENSG00000160224","AIRE",44285838,44298648,12810
"ENSG00000160226","C21orf2",44328944,44339402,10458
"ENSG00000160229","ZNF66P",20776304,20807322,31018
"ENSG00000160255","ITGB2",44885953,44931989,46036
"ENSG00000160256","FAM207A",44940012,44976989,36977
"ENSG00000160271","RALGDS",133097720,133149334,51614
"ENSG00000160282","FTCD",46136262,46155579,19317
"ENSG00000160285","LSS",46188141,46228824,40683
"ENSG00000160293","VAV2",133761894,133992604,230710
"ENSG00000160294","MCM3AP",46235133,46286297,51164
"ENSG00000160298","C21orf58",46300181,46323875,23694
"ENSG00000160299","PCNT",46324141,46445769,121628
"ENSG00000160305","DIP2A",46458891,46570015,111124
"ENSG00000160307","S100B",46598604,46605208,6604
"ENSG00000160310","PRMT2",46635595,46665124,29529
"ENSG00000160318","CLDND2",51367098,51369003,1905
"ENSG00000160321","ZNF208",21932958,22010949,77991
"ENSG00000160323","ADAMTS13",133414358,133459402,45044
"ENSG00000160325","CACFD1",133459965,133470848,10883
"ENSG00000160326","SLC2A6",133471094,133479127,8033
"ENSG00000160336","ZNF761",53445001,53458261,13260
"ENSG00000160339","FCN2",134880810,134887523,6713
"ENSG00000160345","C9orf116",135495181,135501734,6553
"ENSG00000160352","ZNF714",21082159,21125270,43111
"ENSG00000160360","GPSM1",136327476,136359605,32129
"ENSG00000160392","C19orf47",40319536,40348527,28991
"ENSG00000160396","HIPK4",40379271,40390187,10916
"ENSG00000160401","C9orf117",127706988,127716002,9014
"ENSG00000160404","TOR2A",127731524,127735313,3789
"ENSG00000160408","ST6GALNAC6",127885321,127905408,20087
"ENSG00000160410","SHKBP1",40576853,40591399,14546
"ENSG00000160439","RDH13",55039108,55071291,32183
"ENSG00000160445","ZER1",128729786,128772414,42628
"ENSG00000160446","ZDHHC12",128720870,128724127,3257
"ENSG00000160447","PKN3",128702503,128720916,18413
"ENSG00000160460","SPTBN4",40466241,40576464,110223
"ENSG00000160469","BRSK1",55282072,55312533,30461
"ENSG00000160472","TMEM190",55376826,55378246,1420
"ENSG00000160505","NLRP4",55836578,55881854,45276
"ENSG00000160539","PPAPDC3",131289459,131359022,69563
"ENSG00000160551","TAOK1",29390464,29551904,161440
"ENSG00000160563","MED27",131852928,132079867,226939
"ENSG00000160570","DEDD2",42198598,42220140,21542
"ENSG00000160584","SIK3",116843402,117098437,255035
"ENSG00000160588","MPZL3",118226690,118252365,25675
"ENSG00000160593","AMICA1",118193740,118225094,31354
"ENSG00000160602","NEK8",28725897,28743455,17558
"ENSG00000160606","TLCD1",28724348,28727935,3587
"ENSG00000160613","PCSK7",117204337,117232525,28188
"ENSG00000160633","SAFB",5623035,5668478,45443
"ENSG00000160654","CD3G",118344344,118355161,10817
"ENSG00000160678","S100A1",153627926,153632039,4113
"ENSG00000160679","CHTOP",153633982,153646306,12324
"ENSG00000160683","CXCR5",118883766,118897799,14033
"ENSG00000160685","ZBTB7B",155002630,155018522,15892
"ENSG00000160688","FLAD1",154983338,154993111,9773
"ENSG00000160691","SHC1",154962298,154974395,12097
"ENSG00000160695","VPS11",119067692,119081978,14286
"ENSG00000160703","NLRX1",119166568,119184016,17448
"ENSG00000160710","ADAR",154582057,154628013,45956
"ENSG00000160712","IL6R",154405193,154469450,64257
"ENSG00000160714","UBE2Q1",154548577,154559028,10451
"ENSG00000160716","CHRNB2",154567781,154580026,12245
"ENSG00000160741","CRTC2",153947669,153958615,10946
"ENSG00000160746","ANO10",43354859,43691594,336735
"ENSG00000160752","FDPS",155308748,155320666,11918
"ENSG00000160753","RUSC1",155320894,155331114,10220
"ENSG00000160766","GBAP1",155213821,155227422,13601
"ENSG00000160767","FAM189B",155247205,155255483,8278
"ENSG00000160781","PAQR6",156243320,156248117,4797
"ENSG00000160785","SLC25A44",156193932,156212796,18864
"ENSG00000160789","LMNA",156082573,156140089,57516
"ENSG00000160791","CCR5",46370854,46376206,5352
"ENSG00000160796","NBEAL2",46979683,47009704,30021
"ENSG00000160799","CCDC12",46921726,46982010,60284
"ENSG00000160801","PTH1R",46877721,46903799,26078
"ENSG00000160803","UBQLN4",156035299,156053798,18499
"ENSG00000160813","PPP1R35",100435282,100436497,1215
"ENSG00000160818","GPATCH4",156594487,156601496,7009
"ENSG00000160838","LRRC71",156920632,156933094,12462
"ENSG00000160856","FCRL3",157674321,157700769,26448
"ENSG00000160862","AZGP1",99966720,99976042,9322
"ENSG00000160867","FGFR4",177086905,177098144,11239
"ENSG00000160868","CYP3A4",99756960,99784248,27288
"ENSG00000160870","CYP3A7",99684957,99735196,50239
"ENSG00000160877","NACC1",13116862,13141147,24285
"ENSG00000160882","CYP11B1",142872356,142879846,7490
"ENSG00000160883","HK3",176880869,176899346,18477
"ENSG00000160886","LY6K",142700111,142705127,5016
"ENSG00000160888","IER2",13150411,13154911,4500
"ENSG00000160908","ZNF394",99473877,99504857,30980
"ENSG00000160917","CPSF4",99438922,99457373,18451
"ENSG00000160948","VPS28",144423601,144428563,4962
"ENSG00000160949","TONSL",144428775,144444440,15665
"ENSG00000160951","PTGER1",14472466,14475354,2888
"ENSG00000160953","MUM1",1354711,1378431,23720
"ENSG00000160957","RECQL4",144511288,144517845,6557
"ENSG00000160959","LRRC14",144517992,144525172,7180
"ENSG00000160961","ZNF333",14689801,14733746,43945
"ENSG00000160963","EMID2",101362875,101559024,196149
"ENSG00000160972","PPP1R16A",144477969,144502121,24152
"ENSG00000160973","FOXH1",144473412,144476335,2923
"ENSG00000160991","ORAI2",102433106,102456825,23719
"ENSG00000160994","CCDC105",15010726,15023276,12550
"ENSG00000160999","SH2B2",102285091,102321711,36620
"ENSG00000161010","C5orf45",179835133,179862173,27040
"ENSG00000161011","SQSTM1",179806398,179838078,31680
"ENSG00000161013","MGAT4B",179797597,179806952,9355
"ENSG00000161016","RPL8",144789765,144792587,2822
"ENSG00000161021","MAML1",179732822,179777283,44461
"ENSG00000161031","PGLYRP2",15468645,15498956,30311
"ENSG00000161036","LRWD1",102464956,102473168,8212
"ENSG00000161040","FBXL13",102813230,103074843,261613
"ENSG00000161048","NAPEPLD",103099776,103149560,49784
"ENSG00000161057","PSMC2",103344254,103369395,25141
"ENSG00000161091","MFSD12",3538261,3574290,36029
"ENSG00000161133","USP41",20350578,20390758,40180
"ENSG00000161149","TUBA3FP",21008193,21014292,6099
"ENSG00000161179","YDJC",21628089,21630064,1975
"ENSG00000161180","CCDC116",21632716,21637329,4613
"ENSG00000161202","DVL3",184155377,184173614,18237
"ENSG00000161203","AP2M1",184174689,184184091,9402
"ENSG00000161204","ABCF3",184186023,184194012,7989
"ENSG00000161217","PCYT1A",196214222,196287957,73735
"ENSG00000161243","FBXO27",38990714,39032785,42071
"ENSG00000161249","DMKN",35497220,35513658,16438
"ENSG00000161265","U2AF1L4",35742464,35745445,2981
"ENSG00000161267","BDH1",197509783,197573323,63540
"ENSG00000161270","NPHS1",35825964,35869287,43323
"ENSG00000161277","THAP8",36034985,36054762,19777
"ENSG00000161298","ZNF382",36604817,36634114,29297
"ENSG00000161381","PLXDC1",39063313,39154394,91081
"ENSG00000161395","PGAP3",39671122,39696797,25675
"ENSG00000161405","IKZF3",39757718,39864312,106594
"ENSG00000161509","GRIN2C",74842023,74861504,19481
"ENSG00000161513","FDXR",74862497,74873031,10534
"ENSG00000161526","SAP30BP",75667251,75708062,40811
"ENSG00000161533","ACOX1",75941507,75979177,37670
"ENSG00000161542","PRPSAP1",76309486,76384521,75035
"ENSG00000161544","CYGB",76527356,76551175,23819
"ENSG00000161547","SRSF2",76734115,76737374,3259
"ENSG00000161551","ZNF577",51804816,51890950,86134
"ENSG00000161558","TMEM143",48332356,48364059,31703
"ENSG00000161594","KLHL10",41835685,41848384,12699
"ENSG00000161609","CCDC155",49388219,49417990,29771
"ENSG00000161610","HCRT",42184060,42185452,1392
"ENSG00000161618","ALDH16A1",49453225,49471050,17825
"ENSG00000161634","DCD",54644591,54648493,3902
"ENSG00000161638","ITGA5",54395261,54419266,24005
"ENSG00000161640","SIGLEC11",49948985,49961172,12187
"ENSG00000161642","ZNF385A",54369133,54391298,22165
"ENSG00000161643","SIGLEC16",49969673,49975814,6141
"ENSG00000161647","MPP3",43800799,43833170,32371
"ENSG00000161649","CD300LG",43847148,43863639,16491
"ENSG00000161652","IZUMO2",50152548,50163195,10647
"ENSG00000161653","NAGS",44004546,44009063,4517
"ENSG00000161664","ASB16",44170447,44179083,8636
"ENSG00000161671","EMC10",50476400,50490870,14470
"ENSG00000161681","SHANK1",50661827,50719450,57623
"ENSG00000161682","FAM171A2",44353215,44363875,10660
"ENSG00000161714","PLCD3",45108959,45133354,24395
"ENSG00000161791","FMNL3",49636499,49708165,71666
"ENSG00000161798","AQP5",49961872,49965682,3810
"ENSG00000161800","RACGAP1",49976923,50033136,56213
"ENSG00000161807","OR7G1",9114828,9115763,935
"ENSG00000161813","LARP4",50392383,50480004,87621
"ENSG00000161835","GRASP",52006946,52015889,8943
"ENSG00000161847","RAVER1",10316212,10333638,17426
"ENSG00000161849","KRT84",52377812,52385652,7840
"ENSG00000161850","KRT82",52393931,52406355,12424
"ENSG00000161888","SPC24",11131520,11155808,24288
"ENSG00000161896","IP6K3",33721662,33746905,25243
"ENSG00000161904","LEMD2",33771202,33789130,17928
"ENSG00000161905","ALOX15",4630902,4642294,11392
"ENSG00000161911","TREML1",41149342,41154337,4995
"ENSG00000161912","ADCY10P1",41101022,41140835,39813
"ENSG00000161914","ZNF653",11483427,11505839,22412
"ENSG00000161940","BCL6B",7023020,7030290,7270
"ENSG00000161944","ASGR2",7101322,7115700,14378
"ENSG00000161955","TNFSF13",7558292,7561608,3316
"ENSG00000161956","SENP3",7561919,7571969,10050
"ENSG00000161958","FGF11",7438273,7444937,6664
"ENSG00000161960","EIF4A1",7572706,7579006,6300
"ENSG00000161970","RPL26",8377516,8383213,5697
"ENSG00000161973","CCDC42",8729935,8745219,15284
"ENSG00000161980","POLR3K",46407,53628,7221
"ENSG00000161981","SNRNP25",53010,57669,4659
"ENSG00000161992","C16orf11",560394,565529,5135
"ENSG00000161996","WDR90",649311,667833,18522
"ENSG00000161999","JMJD8",681670,684528,2858
"ENSG00000162004","CCDC78",722582,726954,4372
"ENSG00000162006","MSLNL",769428,783370,13942
"ENSG00000162009","SSTR5",1078781,1080142,1361
"ENSG00000162032","SPSB3",1776712,1793700,16988
"ENSG00000162039","MEIOB",1833987,1884294,50307
"ENSG00000162040","HS3ST6",1911463,1918440,6977
"ENSG00000162062","C16orf59",2460086,2464963,4877
"ENSG00000162063","CCNF",2429394,2458854,29460
"ENSG00000162065","TBC1D24",2475051,2509560,34509
"ENSG00000162066","AMDHD2",2520357,2531422,11065
"ENSG00000162068","NTN3",2471499,2474145,2646
"ENSG00000162069","CCDC64B",3027682,3036926,9244
"ENSG00000162073","PAQR4",2969245,2973489,4244
"ENSG00000162078","ZG16B",2830169,2839585,9416
"ENSG00000162086","ZNF75A",3305406,3318852,13446
"ENSG00000162104","ADCY9",3953387,4116442,163055
"ENSG00000162105","SHANK2",70467856,71252577,784721
"ENSG00000162129","CLPB",72285495,72434680,149185
"ENSG00000162139","NEU3",74988279,75018893,30614
"ENSG00000162144","CYBASC3",61348745,61362299,13554
"ENSG00000162148","PPP1R32",61481120,61490931,9811
"ENSG00000162194","C11orf48",62662817,62672255,9438
"ENSG00000162222","TTC9C",62728069,62740293,12224
"ENSG00000162227","TAF6L",62771357,62787342,15985
"ENSG00000162231","NXF1",62792123,62806302,14179
"ENSG00000162236","STX5",62806897,62832088,25191
"ENSG00000162267","ITIH3",52794768,52809009,14241
"ENSG00000162298","SYVN1",65121780,65134533,12753
"ENSG00000162300","ZFPL1",65084210,65088398,4188
"ENSG00000162302","RPS6KA4",64359148,64372215,13067
"ENSG00000162337","LRP5",68312591,68449275,136684
"ENSG00000162341","TPCN2",69048932,69136316,87384
"ENSG00000162365","CYP4A22",47137435,47149735,12300
"ENSG00000162366","PDZK1IP1",47183582,47191044,7462
"ENSG00000162367","TAL1",47216290,47232220,15930
"ENSG00000162373","BEND5",48727519,48776969,49450
"ENSG00000162374","ELAVL4",50024029,50203786,179757
"ENSG00000162377","SELRC1",52684449,52698347,13898
"ENSG00000162378","ZYG11B",52726453,52827336,100883
"ENSG00000162383","SLC1A7",53087179,53142632,55453
"ENSG00000162384","C1orf123",53214099,53220634,6535
"ENSG00000162385","MAGOH",53226900,53238518,11618
"ENSG00000162390","ACOT11",54542257,54639192,96935
"ENSG00000162391","FAM151A",54609181,54623556,14375
"ENSG00000162396","PARS2",54756898,54764523,7625
"ENSG00000162398","C1orf177",54806063,54842252,36189
"ENSG00000162399","BSND",54998933,55017172,18239
"ENSG00000162402","USP24",55066359,55215364,149005
"ENSG00000162408","NOL9",6521347,6554513,33166
"ENSG00000162409","PRKAA2",56645314,56715335,70021
"ENSG00000162413","KLHL21",6590724,6614607,23883
"ENSG00000162415","ZSWIM5",45016399,45306209,289810
"ENSG00000162419","GMEB1",28668732,28719353,50621
"ENSG00000162426","SLC45A1",8317826,8344167,26341
"ENSG00000162433","AK4",65147549,65232145,84596
"ENSG00000162434","JAK1",64833229,64966549,133320
"ENSG00000162437","RAVER2",64745095,64833232,88137
"ENSG00000162438","CTRC",15438439,15449242,10803
"ENSG00000162441","LZIC",9922113,9943407,21294
"ENSG00000162456","KNCN",46545644,46551527,5883
"ENSG00000162458","FBLIM1",15756607,15786594,29987
"ENSG00000162460","TMEM82",15742499,15747982,5483
"ENSG00000162461","SLC25A34",15736258,15741392,5134
"ENSG00000162482","AKR7A3",19282573,19288770,6197
"ENSG00000162490","DRAXIN",11691710,11725857,34147
"ENSG00000162496","DHRS3",12567910,12618210,50300
"ENSG00000162510","MATN1",30711277,30723585,12308
"ENSG00000162511","LAPTM5",30732469,30757774,25305
"ENSG00000162512","SDC3",30869466,30908758,39292
"ENSG00000162517","PEF1",31629866,31644896,15030
"ENSG00000162520","SYNC",32680360,32703596,23236
"ENSG00000162521","RBBP4",32651142,32686211,35069
"ENSG00000162522","KIAA1522",32741830,32774970,33140
"ENSG00000162526","TSSK3",32351521,32364312,12791
"ENSG00000162542","TMCO4",19682213,19799945,117732
"ENSG00000162543","UBXN10",20186096,20196050,9954
"ENSG00000162551","ALPL",21509397,21578410,69013
"ENSG00000162552","WNT4",22117313,22143969,26656
"ENSG00000162571","TTLL10",1173884,1197935,24051
"ENSG00000162572","SCNN1D",1280436,1292029,11593
"ENSG00000162576","MXRA8",1352689,1361777,9088
"ENSG00000162585","C1orf86",2184461,2212720,28259
"ENSG00000162591","MEGF6",3487951,3611508,123557
"ENSG00000162592","CCDC27",3746460,3771645,25185
"ENSG00000162594","IL23R",67138907,67259979,121072
"ENSG00000162595","DIRAS3",68045896,68051631,5735
"ENSG00000162598","C1orf87",59987269,60073770,86501
"ENSG00000162599","NFIA",60865259,61462788,597529
"ENSG00000162600","OMA1",58415384,58546802,131418
"ENSG00000162601","MYSM1",58643440,58700077,56637
"ENSG00000162604","TM2D1",61681046,61725423,44377
"ENSG00000162607","USP1",62436297,62451804,15507
"ENSG00000162613","FUBP1",77944055,77979110,35055
"ENSG00000162614","NEXN",77888513,77943895,55382
"ENSG00000162616","DNAJB4",77979175,78017964,38789
"ENSG00000162618","ELTD1",78889764,79282124,392360
"ENSG00000162620","LRRIQ3",74026015,74198187,172172
"ENSG00000162623","TYW3",74733152,74766678,33526
"ENSG00000162624","LHX8",75128434,75161533,33099
"ENSG00000162627","SNX7",98661701,98760500,98799
"ENSG00000162630","B3GALT2",193179045,193186654,7609
"ENSG00000162631","NTNG1",107140007,107483458,343451
"ENSG00000162636","FAM102B",108560089,108644900,84811
"ENSG00000162639","HENMT1",108648290,108661526,13236
"ENSG00000162641","AKNAD1",108815898,108963484,147586
"ENSG00000162642","C1orf52",85249953,85259672,9719
"ENSG00000162643","WDR63",84999147,85133138,133991
"ENSG00000162645","GBP2",89106132,89150456,44324
"ENSG00000162650","ATXN7L2",109483479,109492804,9325
"ENSG00000162654","GBP4",89181144,89198942,17798
"ENSG00000162664","ZNF326",89995110,90035533,40423
"ENSG00000162669","HFM1",91260766,91404856,144090
"ENSG00000162670","FAM5C",190097658,190478404,380746
"ENSG00000162676","GFI1",92473043,92486925,13882
"ENSG00000162687","KCNT2",196225779,196609225,383446
"ENSG00000162688","AGL",99850361,99924023,73662
"ENSG00000162692","VCAM1",100719742,100739045,19303
"ENSG00000162694","EXTL2",100872372,100895179,22807
"ENSG00000162695","SLC30A7",100896076,100981757,85681
"ENSG00000162702","ZNF281",200404940,200410056,5116
"ENSG00000162704","ARPC5",183620846,183635783,14937
"ENSG00000162706","CADM3",159171609,159203313,31704
"ENSG00000162711","NLRP3",247416156,247449108,32952
"ENSG00000162714","ZNF496",247297412,247331846,34434
"ENSG00000162722","TRIM58",247857187,247880138,22951
"ENSG00000162723","SLAMF9",159951492,159954237,2745
"ENSG00000162727","OR2M5",248145148,248146086,938
"ENSG00000162728","KCNJ9",160081538,160090563,9025
"ENSG00000162729","IGSF8",160091340,160098943,7603
"ENSG00000162733","DDR2",162631373,162787405,156032
"ENSG00000162734","PEA15",160205337,160215376,10039
"ENSG00000162735","PEX19",160276812,160286348,9536
"ENSG00000162736","NCSTN",160343316,160358952,15636
"ENSG00000162738","VANGL2",160400564,160428670,28106
"ENSG00000162739","SLAMF6",160485030,160523262,38232
"ENSG00000162745","OLFML2B",161983192,162023854,40662
"ENSG00000162746","FCRLB",161721563,161728143,6580
"ENSG00000162747","FCGR3B",161623196,161631963,8767
"ENSG00000162753","SLC9C2",173500460,173603072,102612
"ENSG00000162755","KLHDC9",161098361,161100346,1985
"ENSG00000162757","C1orf74",209779208,209784559,5351
"ENSG00000162761","LMX1A",165201867,165356715,154848
"ENSG00000162763","LRRC52",165544007,165563961,19954
"ENSG00000162769","FLVCR1",212858275,212899363,41088
"ENSG00000162771","FAM71A",212624474,212626778,2304
"ENSG00000162772","ATF3",212565334,212620777,55443
"ENSG00000162775","RBM15",110338506,110346681,8175
"ENSG00000162777","DENND2D",111185969,111204535,18566
"ENSG00000162779","AXDND1",179365720,179554735,189015
"ENSG00000162782","TDRD5",179591613,179691272,99659
"ENSG00000162783","IER5",181088712,181092899,4187
"ENSG00000162804","SNED1",240998618,241095568,96950
"ENSG00000162813","BPNT1",220057482,220090462,32980
"ENSG00000162814","SPATA17",217631324,217871696,240372
"ENSG00000162819","BROX",222712553,222735196,22643
"ENSG00000162836","ACP6",147629652,147670524,40872
"ENSG00000162843","WDR64",241652278,241802133,149855
"ENSG00000162849","KIF26B",245154985,245709432,554447
"ENSG00000162851","TFB2M",246540561,246566261,25700
"ENSG00000162852","CNST",246566444,246668595,102151
"ENSG00000162869","PPP1R21",48440598,48515391,74793
"ENSG00000162877","PM20D1",205828025,205850132,22107
"ENSG00000162881","OXER1",42762481,42764261,1780
"ENSG00000162882","HAAO",42767089,42792593,25504
"ENSG00000162889","MAPKAPK2",206684944,206734283,49339
"ENSG00000162891","IL20",206865354,206869223,3869
"ENSG00000162892","IL24",206897443,206904139,6696
"ENSG00000162894","FAIM3",206903317,206923247,19930
"ENSG00000162896","PIGR",206928522,206946466,17944
"ENSG00000162897","FCAMR",206957965,206970625,12660
"ENSG00000162909","CAPN2",223701593,223776018,74425
"ENSG00000162910","MRPL55",228106679,228109312,2633
"ENSG00000162923","WDR26",224385143,224437033,51890
"ENSG00000162924","REL",60881521,60931610,50089
"ENSG00000162927","PUS10",60940222,61018259,78037
"ENSG00000162928","PEX13",61017225,61051990,34765
"ENSG00000162929","KIAA1841",61065871,61138034,72163
"ENSG00000162931","TRIM17",228407935,228416861,8926
"ENSG00000162944","RFTN2",197568224,197676045,107821
"ENSG00000162946","DISC1",231626815,232041272,414457
"ENSG00000162949","CAPN13",30722771,30820542,97771
"ENSG00000162951","LRRTM1",80288351,80304752,16401
"ENSG00000162959","MEMO1",31865060,32011230,146170
"ENSG00000162971","TYW5",199928913,199955736,26823
"ENSG00000162972","C2orf47",199955317,200008540,53223
"ENSG00000162975","KCNF1",10911934,10914225,2291
"ENSG00000162976","PQLC3",11155198,11178870,23672
"ENSG00000162980","ARL5A",151788984,151828492,39508
"ENSG00000162981","FAM84A",14632700,14650814,18114
"ENSG00000162989","KCNJ3",154697855,154858354,160499
"ENSG00000162992","NEUROD1",181673088,181680876,7788
"ENSG00000162994","CLHC1",55172547,55232563,60016
"ENSG00000162998","FRZB",182833275,182866637,33362
"ENSG00000162999","DUSP19",183078559,183100005,21446
"ENSG00000163001","CCDC104",55519604,55545879,26275
"ENSG00000163002","NUP35",183117513,183161680,44167
"ENSG00000163006","CCDC138",108786757,108885477,98720
"ENSG00000163012","ZSWIM2",186827835,186849208,21373
"ENSG00000163013","FBXO41",73254682,73284431,29749
"ENSG00000163016","ALMS1P",73641083,73697509,56426
"ENSG00000163017","ACTG2",73892314,73919865,27551
"ENSG00000163026","C2orf44",24029347,24049575,20228
"ENSG00000163029","SMC6",17663812,17800242,136430
"ENSG00000163032","VSNL1",17539126,17657018,117892
"ENSG00000163040","CCDC74A",131527675,131533666,5991
"ENSG00000163041","H3F3A",226061851,226072007,10156
"ENSG00000163046","ANKRD30BL",132147591,132257969,110378
"ENSG00000163050","ADCK3",226897536,226987545,90009
"ENSG00000163053","SLC16A14",230034982,230068993,34011
"ENSG00000163064","EN1",118842171,118847678,5507
"ENSG00000163069","SGCB",52020706,52038482,17776
"ENSG00000163071","SPATA18",52051304,52097299,45995
"ENSG00000163072","NOSTRIN",168786539,168865514,78975
"ENSG00000163075","PCDP1",119544432,119662251,117819
"ENSG00000163081","CCDC140",222298147,222305217,7070
"ENSG00000163082","SGPP2",222424543,222562621,138078
"ENSG00000163083","INHBB",120346136,120351803,5667
"ENSG00000163092","XIRP2",166888487,167259753,371266
"ENSG00000163093","BBS5",169479480,169506655,27175
"ENSG00000163098","BIRC8",53289601,53291622,2021
"ENSG00000163104","SMARCAD1",94207611,94291292,83681
"ENSG00000163106","HPGDS",94298535,94342876,44341
"ENSG00000163110","PDLIM5",94451857,94668227,216370
"ENSG00000163114","PDHA2",95840019,95841474,1455
"ENSG00000163125","RPRD2",150363091,150476566,113475
"ENSG00000163126","ANKRD23",96824526,96857934,33408
"ENSG00000163131","CTSS",150730188,150765792,35604
"ENSG00000163132","MSX1",4859665,4863936,4271
"ENSG00000163141","BNIPL",151036321,151047720,11399
"ENSG00000163145","C1QTNF7",15339818,15446166,106348
"ENSG00000163154","TNFAIP8L2",151156649,151159749,3100
"ENSG00000163155","LYSMD1",151159748,151165948,6200
"ENSG00000163156","SCNM1",151156664,151170297,13633
"ENSG00000163157","TMOD4",151169986,151176284,6298
"ENSG00000163159","VPS72",151169987,151195321,25334
"ENSG00000163161","ERCC3",127257290,127294176,36886
"ENSG00000163162","RNF149",101271219,101308701,37482
"ENSG00000163166","IWS1",127436207,127526886,90679
"ENSG00000163171","CDC42EP3",37641882,37738468,96586
"ENSG00000163202","LCE3D",152579381,152580516,1135
"ENSG00000163206","SMCP",152878322,152885047,6725
"ENSG00000163207","IVL",152908546,152911886,3340
"ENSG00000163209","SPRR3",153001747,153003856,2109
"ENSG00000163214","DHX57",38797729,38875934,78205
"ENSG00000163216","SPRR2D",153039732,153041931,2199
"ENSG00000163217","BMP10",68860909,68871397,10488
"ENSG00000163218","PGLYRP4",153330120,153348841,18721
"ENSG00000163219","ARHGAP25",68679601,68826833,147232
"ENSG00000163235","TGFA",70447284,70554193,106909
"ENSG00000163239","TDRD10",154502219,154548147,45928
"ENSG00000163249","CCNYL1",207711540,207761839,50299
"ENSG00000163251","FZD5",207762598,207769906,7308
"ENSG00000163254","CRYGC",208128137,208129828,1691
"ENSG00000163281","GNPDA2",44682200,44726595,44395
"ENSG00000163283","ALPP",232378724,232382889,4165
"ENSG00000163285","GABRG1",46035769,46124054,88285
"ENSG00000163286","ALPPL2",232406844,232410714,3870
"ENSG00000163288","GABRB1",46993723,47426444,432721
"ENSG00000163291","PAQR3",78887127,78939438,52311
"ENSG00000163293","NIPAL1",47914142,48040173,126031
"ENSG00000163297","ANTXR2",79901146,80125454,224308
"ENSG00000163312","HELQ",83407343,83455855,48512
"ENSG00000163319","MRPS18C",83455932,83469735,13803
"ENSG00000163322","FAM175A",83459517,83523348,63831
"ENSG00000163328","GPR155",174431571,174487094,55523
"ENSG00000163331","DAPL1",158795317,158862781,67464
"ENSG00000163344","PMVK",154924740,154936719,11979
"ENSG00000163346","PBXIP1",154944076,154956123,12047
"ENSG00000163347","CLDN1",190305707,190322446,16739
"ENSG00000163348","PYGO2",154957026,154963853,6827
"ENSG00000163349","HIPK1",113929324,113977869,48545
"ENSG00000163352","LENEP",154993586,154994315,729
"ENSG00000163354","DCST2",155018520,155033781,15261
"ENSG00000163357","DCST1",155033824,155050930,17106
"ENSG00000163359","COL6A3",237324003,237414375,90372
"ENSG00000163362","C1orf106",200891048,200915742,24694
"ENSG00000163374","YY1AP1",155659443,155689000,29557
"ENSG00000163376","KBTBD8",66998307,67011210,12903
"ENSG00000163377","FAM19A4",68731766,68953297,221531
"ENSG00000163378","EOGT",68975217,69013684,38467
"ENSG00000163380","LMOD3",69106872,69123032,16160
"ENSG00000163382","APOA1BP",156591762,156594299,2537
"ENSG00000163389","POGLUT1",119468963,119494708,25745
"ENSG00000163393","SLC22A15",115976513,116070054,93541
"ENSG00000163394","CCKAR",26481400,26490462,9062
"ENSG00000163395","IGFN1",201190825,201228952,38127
"ENSG00000163399","ATP1A1",116372668,116410261,37593
"ENSG00000163406","SLC15A2",121894401,121944188,49787
"ENSG00000163421","PROK2",71771655,71785206,13551
"ENSG00000163424","C3orf30",119146151,119160042,13891
"ENSG00000163428","LRRC58",120324509,120349354,24845
"ENSG00000163430","FSTL1",120392293,120450993,58700
"ENSG00000163431","LMOD1",201896456,201946588,50132
"ENSG00000163435","ELF3",202007945,202017183,9238
"ENSG00000163440","PDCL2",55556519,55592245,35726
"ENSG00000163449","TMEM169",216081866,216102783,20917
"ENSG00000163453","IGFBP7",57030773,57110385,79612
"ENSG00000163462","TRIM46",155173787,155184971,11184
"ENSG00000163463","KRTCAP2",155169408,155173475,4067
"ENSG00000163464","CXCR1",218162845,218166995,4150
"ENSG00000163466","ARPC2",218217141,218254356,37215
"ENSG00000163467","TSACC",156337314,156346995,9681
"ENSG00000163468","CCT3",156308968,156367873,58905
"ENSG00000163472","TMEM79",156282935,156293185,10250
"ENSG00000163479","SSR2",156009048,156020951,11903
"ENSG00000163482","STK36",218672069,218702716,30647
"ENSG00000163485","ADORA1",203090654,203167405,76751
"ENSG00000163491","NEK10",27110085,27369460,259375
"ENSG00000163492","CCDC141",178829757,179050086,220329
"ENSG00000163497","FEV",218981087,218985657,4570
"ENSG00000163499","CRYBA2",218990189,218993422,3233
"ENSG00000163501","IHH",219054424,219060921,6497
"ENSG00000163507","KIAA1524",108549864,108589644,39780
"ENSG00000163508","EOMES",27715949,27722711,6762
"ENSG00000163510","CWC22",179944876,180007297,62421
"ENSG00000163512","AZI2",28315003,28349050,34047
"ENSG00000163513","TGFBR2",30606502,30694142,87640
"ENSG00000163515","RETNLB",108743424,108757384,13960
"ENSG00000163516","ANKZF1",219229757,219236669,6912
"ENSG00000163517","HDAC11",13479724,13506424,26700
"ENSG00000163518","FCRL4",157573747,157598085,24338
"ENSG00000163519","TRAT1",108822698,108855005,32307
"ENSG00000163520","FBLN2",13549125,13638422,89297
"ENSG00000163521","GLB1L",219236598,219245478,8880
"ENSG00000163527","STT3B",31532638,31637622,104984
"ENSG00000163530","DPPA2",109293788,109316517,22729
"ENSG00000163531","NFASC",204828651,205022822,194171
"ENSG00000163534","FCRL1",157794403,157820120,25717
"ENSG00000163535","SGOL2",200510008,200584096,74088
"ENSG00000163536","SERPINI1",167735243,167825568,90325
"ENSG00000163539","CLASP2",33496245,33718356,222111
"ENSG00000163541","SUCLG1",84423528,84460045,36517
"ENSG00000163545","NUAK2",205302059,205321791,19732
"ENSG00000163554","SPTA1",158610706,158686715,76009
"ENSG00000163558","PRKCI",170222424,170305977,83553
"ENSG00000163563","MNDA",158831351,158849506,18155
"ENSG00000163564","PYHIN1",158930796,158977054,46258
"ENSG00000163565","IFI16",158999968,159055155,55187
"ENSG00000163568","AIM2",159062484,159147096,84612
"ENSG00000163576","EFHB",19879472,19947025,67553
"ENSG00000163581","SLC2A2",170996347,171026743,30396
"ENSG00000163584","RPL22L1",170864875,170870208,5333
"ENSG00000163586","FABP1",88122982,88128116,5134
"ENSG00000163590","PPM1L",160755602,161078902,323300
"ENSG00000163596","ICA1L",202773150,202871985,98835
"ENSG00000163599","CTLA4",203867771,203873965,6194
"ENSG00000163600","ICOS",203936748,203961577,24829
"ENSG00000163602","RYBP",72371825,72446621,74796
"ENSG00000163605","PPP4R2",72996785,73069199,72414
"ENSG00000163606","CD200R1",112921205,112975103,53898
"ENSG00000163607","GTPBP8",112990918,113015060,24142
"ENSG00000163608","C3orf17",113002444,113019861,17417
"ENSG00000163611","SPICE1",113442718,113515187,72469
"ENSG00000163617","KIAA1407",113964137,114056594,92457
"ENSG00000163618","CADPS",62398346,62875416,477070
"ENSG00000163623","NKX6-1",84491987,84498450,6463
"ENSG00000163624","CDS1",84583127,84651334,68207
"ENSG00000163625","WDFY3",84669610,84966391,296781
"ENSG00000163629","PTPN13",86594315,86815171,220856
"ENSG00000163630","SYNPR",63228315,63616924,388609
"ENSG00000163631","ALB",73397114,73421482,24368
"ENSG00000163632","C3orf49",63819362,63848636,29274
"ENSG00000163633","C4orf36",86876205,86892422,16217
"ENSG00000163635","ATXN7",63898399,64003453,105054
"ENSG00000163636","PSMD6",64010549,64024010,13461
"ENSG00000163637","PRICKLE2",64092236,64445476,353240
"ENSG00000163638","ADAMTS9",64515654,64688000,172346
"ENSG00000163644","PPM1K",88257620,88284769,27149
"ENSG00000163645","FAM194A",150659885,150703971,44086
"ENSG00000163646","CLRN1",150926163,150972999,46836
"ENSG00000163655","GMPS",155870650,155944020,73370
"ENSG00000163659","TIPARP",156673235,156706770,33535
"ENSG00000163661","PTX3",157436850,157443633,6783
"ENSG00000163666","HESX1",57197838,57227606,29768
"ENSG00000163673","DCLK3",36712422,36764349,51927
"ENSG00000163681","SLMAP",57755450,57930003,174553
"ENSG00000163682","RPL9",39452521,39458949,6428
"ENSG00000163683","C4orf34",39546336,39638902,92566
"ENSG00000163684","RPP14",58306247,58324695,18448
"ENSG00000163686","ABHD6",58237506,58295693,58187
"ENSG00000163687","DNASE1L3",58192257,58214697,22440
"ENSG00000163689","C3orf67",58717365,59050084,332719
"ENSG00000163694","RBM47",40423267,40630875,207608
"ENSG00000163697","APBB2",40810027,41216714,406687
"ENSG00000163701","IL17RE",9902612,9916402,13790
"ENSG00000163702","IL17RC",9917074,9933630,16556
"ENSG00000163703","CRELD1",9933822,9945413,11591
"ENSG00000163704","PRRT3",9945542,9952408,6866
"ENSG00000163705","C3orf24",10081317,10108231,26914
"ENSG00000163710","PCOLCE2",142815922,142889206,73284
"ENSG00000163714","U2SURP",142964497,143060546,96049
"ENSG00000163719","MTMR14",9649433,9702393,52960
"ENSG00000163728","TTC14",180602163,180617828,15665
"ENSG00000163734","CXCL3",74036589,74038807,2218
"ENSG00000163736","PPBP",73986439,73988190,1751
"ENSG00000163737","PF4",73981077,73982124,1047
"ENSG00000163743","RCHY1",75479037,75514764,35727
"ENSG00000163746","PLSCR2",146391421,146495991,104570
"ENSG00000163749","CCDC158",76312997,76421868,108871
"ENSG00000163751","CPA3",148865296,148897203,31907
"ENSG00000163754","GYG1",148991341,149027668,36327
"ENSG00000163755","HPS3",149129584,149173732,44148
"ENSG00000163781","TOPBP1",133598175,133662380,64205
"ENSG00000163785","RYK",134065303,134250744,185441
"ENSG00000163788","SNRK",43286512,43424764,138252
"ENSG00000163792","TCF23",27149004,27156974,7970
"ENSG00000163793","DNAJC5G",27275421,27281499,6078
"ENSG00000163795","ZNF513",27377235,27380790,3555
"ENSG00000163798","SLC4A1AP",27663471,27694976,31505
"ENSG00000163803","PLB1",28457145,28644142,186997
"ENSG00000163806","SPDYA",28782517,28850611,68094
"ENSG00000163807","KIAA1143",44737661,44761619,23958
"ENSG00000163808","KIF15",44761721,44873376,111655
"ENSG00000163810","TGM4",44874608,44914990,40382
"ENSG00000163811","WDR43",28894667,28948219,53552
"ENSG00000163812","ZDHHC3",44915257,44976185,60928
"ENSG00000163814","CDCP1",45082277,45146422,64145
"ENSG00000163815","CLEC3B",45001548,45036071,34523
"ENSG00000163817","SLC6A20",45755449,45796536,41087
"ENSG00000163818","LZTFL1",45823316,45916042,92726
"ENSG00000163820","FYCO1",45917899,45995824,77925
"ENSG00000163823","CCR1",46201711,46208313,6602
"ENSG00000163825","RTP3",46497976,46500950,2974
"ENSG00000163827","LRRC2",46515385,46580099,64714
"ENSG00000163832","ELP6",47495640,47513712,18072
"ENSG00000163833","FBXO40",121593379,121630295,36916
"ENSG00000163840","DTX3L",122564338,122575203,10865
"ENSG00000163848","ZNF148",125225561,125375354,149793
"ENSG00000163866","C1orf212",34712737,34859755,147018
"ENSG00000163867","ZMYM6",34986165,35031945,45780
"ENSG00000163872","YEATS2",183697797,183812624,114827
"ENSG00000163873","GRIK3",36795527,37034515,238988
"ENSG00000163874","ZC3H12A",37474580,37484377,9797
"ENSG00000163875","MEAF6",37492575,37514774,22199
"ENSG00000163877","SNIP1",37534449,37554293,19844
"ENSG00000163879","DNALI1",37556919,37566857,9938
"ENSG00000163882","POLR2H",184361718,184368596,6878
"ENSG00000163884","KLF15",126342635,126357408,14773
"ENSG00000163885","CCDC37",126394909,126436556,41647
"ENSG00000163898","LIPH",185506262,185552588,46326
"ENSG00000163902","RPN1",128619969,128681075,61106
"ENSG00000163904","SENP2",185582496,185633551,51055
"ENSG00000163909","HEYL",39623435,39639643,16208
"ENSG00000163913","IFT122",129440036,129520507,80471
"ENSG00000163914","RHO",129528640,129535169,6529
"ENSG00000163915","C3orf65",185712528,185729787,17259
"ENSG00000163918","RFC4",186789880,186807058,17178
"ENSG00000163923","RPL39L",187120948,187180908,59960
"ENSG00000163930","BAP1",52401008,52410008,9000
"ENSG00000163931","TKT",53224712,53256052,31340
"ENSG00000163932","PRKCD",53156009,53192717,36708
"ENSG00000163933","RFT1",53088483,53130453,41970
"ENSG00000163935","SFMBT1",52903572,53046750,143178
"ENSG00000163938","GNL3",52681156,52694497,13341
"ENSG00000163939","PBRM1",52545352,52685917,140565
"ENSG00000163945","UVSSA",1347266,1395992,48726
"ENSG00000163946","FAM208A",56620133,56683237,63104
"ENSG00000163947","ARHGEF3",56727418,57079329,351911
"ENSG00000163956","LRPAP1",3503612,3532446,28834
"ENSG00000163958","ZDHHC19",196197452,196211437,13985
"ENSG00000163959","SLC51A",196211487,196243178,31691
"ENSG00000163960","UBXN7",196347662,196432430,84768
"ENSG00000163961","RNF168",196468783,196503768,34985
"ENSG00000163975","MFI2",196988621,197029817,41196
"ENSG00000163982","OTOP1",4188803,4226889,38086
"ENSG00000163993","S100P",6693878,6697170,3292
"ENSG00000163995","ABLIM2",7965310,8158832,193522
"ENSG00000164007","CLDN19",42733093,42740254,7161
"ENSG00000164008","C1orf50",42767249,42779491,12242
"ENSG00000164010","ERMAP",42817122,42844991,27869
"ENSG00000164011","ZNF691",42846573,42852477,5904
"ENSG00000164022","AIMP1",106315544,106349226,33682
"ENSG00000164023","SGMS2",107824563,107915047,90484
"ENSG00000164024","METAP1",98995659,99062809,67150
"ENSG00000164031","DNAJB14",99896248,99946618,50370
"ENSG00000164032","H2AFZ",99948086,99950355,2269
"ENSG00000164035","EMCN",100395341,100880126,484785
"ENSG00000164038","SLC9B2",103019868,103085829,65961
"ENSG00000164039","BDH2",103077592,103099870,22278
"ENSG00000164045","CDC25A",48157146,48188402,31256
"ENSG00000164048","ZNF589",48241100,48299253,58153
"ENSG00000164049","FBXW12",48372219,48401259,29040
"ENSG00000164050","PLXNB1",48403854,48430086,26232
"ENSG00000164051","CCDC51",48432164,48440456,8292
"ENSG00000164053","ATRIP",48446710,48467645,20935
"ENSG00000164054","SHISA5",48467798,48504826,37028
"ENSG00000164056","SPRY1",123396795,123403760,6965
"ENSG00000164061","BSN",49554477,49671549,117072
"ENSG00000164066","INTU",127623271,127726737,103466
"ENSG00000164068","RNF123",49689538,49721529,31991
"ENSG00000164070","HSPA4L",127781821,127840733,58912
"ENSG00000164073","MFSD8",127917732,127966034,48302
"ENSG00000164074","C4orf29",127965306,128039927,74621
"ENSG00000164076","CAMKV",49857988,49869935,11947
"ENSG00000164077","MON1A",49907160,49930173,23013
"ENSG00000164078","MST1R",49887002,49903873,16871
"ENSG00000164080","RAD54L2",51541144,51668667,127523
"ENSG00000164081","TEX264",51662693,51704323,41630
"ENSG00000164082","GRM2",51707068,51718613,11545
"ENSG00000164086","DUSP7",52048919,52056571,7652
"ENSG00000164087","POC1A",52075253,52154690,79437
"ENSG00000164088","PPM1M",52245759,52250599,4840
"ENSG00000164089","AGXT2L1",108742048,108763054,21006
"ENSG00000164091","WDR82",52254434,52288020,33586
"ENSG00000164093","PITX2",110617423,110642123,24700
"ENSG00000164096","C4orf3",119296419,119304445,8026
"ENSG00000164099","PRSS12",118280038,118353003,72965
"ENSG00000164100","NDST3",118033618,118258634,225016
"ENSG00000164104","HMGB2",173331695,173335125,3430
"ENSG00000164105","SAP30",173369969,173377532,7563
"ENSG00000164107","HAND2",173524969,173530229,5260
"ENSG00000164109","MAD2L1",120055623,120066858,11235
"ENSG00000164111","ANXA5",121667946,121696995,29049
"ENSG00000164112","TMEM155",121758930,121765427,6497
"ENSG00000164113","ADAD1",122378966,122429802,50836
"ENSG00000164114","MAP9",155342658,155376970,34312
"ENSG00000164116","GUCY1A3",155666711,155732349,65638
"ENSG00000164117","FBXO8",174236658,174284264,47606
"ENSG00000164118","CEP44",174283730,174333380,49650
"ENSG00000164120","HPGD",174490175,174523154,32979
"ENSG00000164122","ASB5",176213673,176277571,63898
"ENSG00000164123","C4orf45",158893134,159038760,145626
"ENSG00000164124","TMEM144",158201604,158255411,53807
"ENSG00000164125","FAM198B",158124474,158173318,48844
"ENSG00000164128","NPY1R",163323962,163344832,20870
"ENSG00000164134","NAA15",139301505,139420033,118528
"ENSG00000164136","IL15",141636583,141733987,97404
"ENSG00000164142","FAM160A1",151409176,151670503,261327
"ENSG00000164144","ARFIP1",152779937,152918463,138526
"ENSG00000164151","KIAA0947",5420664,5490220,69556
"ENSG00000164161","HHIP",144646156,144745271,99115
"ENSG00000164162","ANAPC10",144831908,145098541,266633
"ENSG00000164163","ABCE1",145098288,145129524,31236
"ENSG00000164164","OTUD4",145110838,145180161,69323
"ENSG00000164167","LSM6",146175703,146200000,24297
"ENSG00000164168","TMEM184C",147617383,147672044,54661
"ENSG00000164169","PRMT10",147637785,147684163,46378
"ENSG00000164171","ITGA2",52989340,53094779,105439
"ENSG00000164172","MOCS2",53095679,53110063,14384
"ENSG00000164175","SLC45A2",33944623,33984693,40070
"ENSG00000164176","EDIL3",83940554,84384880,444326
"ENSG00000164180","TMEM161B",88189633,88269476,79843
"ENSG00000164181","ELOVL7",60751791,60844274,92483
"ENSG00000164182","NDUFAF2",60945205,61153026,207821
"ENSG00000164185","ZNF474",122129546,122153569,24023
"ENSG00000164187","LMBRD2",36098407,36151887,53480
"ENSG00000164188","RANBP3L",36248434,36302114,53680
"ENSG00000164190","NIPBL",36876769,37066413,189644
"ENSG00000164197","RNF180",64165843,64372869,207026
"ENSG00000164199","GPR98",90529344,91164437,635093
"ENSG00000164211","STARD4",111496033,111512590,16557
"ENSG00000164219","PGGT1B",115204012,115262877,58865
"ENSG00000164220","F2RL2",76615482,76623413,7931
"ENSG00000164221","CCDC112",115267190,115296693,29503
"ENSG00000164236","ANKRD33B",10564070,10657816,93746
"ENSG00000164237","CMBL",10275875,10307902,32027
"ENSG00000164241","C5orf63",127042558,127073492,30934
"ENSG00000164244","PRRC1",127517609,127555089,37480
"ENSG00000164251","F2RL1",76818933,76835315,16382
"ENSG00000164252","AGGF1",77029251,77065234,35983
"ENSG00000164256","PRDM9",23443586,23528597,85011
"ENSG00000164265","SCGB3A2",147870682,147882191,11509
"ENSG00000164266","SPINK1",147824568,147831786,7218
"ENSG00000164284","GRPEL2",149345430,149354583,9153
"ENSG00000164287","CDC20B",55112995,55173175,60180
"ENSG00000164291","ARSK",95555074,95605064,49990
"ENSG00000164292","RHOBTB3",95713522,95824383,110861
"ENSG00000164294","GPX8",55160167,55167297,7130
"ENSG00000164296","TIGD6",149993118,150000654,7536
"ENSG00000164300","SERINC5",80111651,80256048,144397
"ENSG00000164303","ENPP6",184088706,184221230,132524
"ENSG00000164304","CAGE1",7326656,7389742,63086
"ENSG00000164305","CASP3",184627696,184649509,21813
"ENSG00000164306","CCDC111",184649667,184694963,45296
"ENSG00000164307","ERAP1",96760810,96808100,47290
"ENSG00000164308","ERAP2",96875939,96919716,43777
"ENSG00000164309","CMYA5",79689836,79800240,110404
"ENSG00000164318","EGFLAM",38258409,38465480,207071
"ENSG00000164323","KIAA1430",185159665,185209504,49839
"ENSG00000164325","TMEM174",73173193,73175143,1950
"ENSG00000164326","CARTPT",71719275,71721048,1773
"ENSG00000164327","RICTOR",38937920,39074399,136479
"ENSG00000164329","PAPD4",79612120,79686648,74528
"ENSG00000164330","EBF1",158695916,159099916,404000
"ENSG00000164331","ANKRA2",73552190,73565667,13477
"ENSG00000164332","UBLCP1",159263290,159286036,22746
"ENSG00000164338","UTP15",73565443,73583380,17937
"ENSG00000164342","TLR3",186069152,186088069,18917
"ENSG00000164344","KLKB1",186208979,186258471,49492
"ENSG00000164347","GFM2",74721206,74767147,45941
"ENSG00000164362","TERT",1253147,1295047,41900
"ENSG00000164363","SLC6A18",1225381,1246189,20808
"ENSG00000164366","CCDC127",196871,218215,21344
"ENSG00000164393","GPR111",47656436,47697797,41361
"ENSG00000164398","ACSL6",131949973,132012243,62270
"ENSG00000164399","IL3",132060529,132063204,2675
"ENSG00000164402","SEPT8",132750819,132807241,56422
"ENSG00000164403","SHROOM1",132822141,132830898,8757
"ENSG00000164404","GDF9",132861181,132866884,5703
"ENSG00000164406","LEAP2",132872322,132875046,2724
"ENSG00000164411","GJB7",87282978,87329278,46300
"ENSG00000164414","SLC35A1",87470623,87512336,41713
"ENSG00000164418","GRIK2",101181257,102070083,888826
"ENSG00000164430","MB21D1",73413515,73452297,38782
"ENSG00000164434","FABP7",122779716,122784074,4358
"ENSG00000164440","TXLNB",139240061,139291998,51937
"ENSG00000164442","CITED2",139371807,139374648,2841
"ENSG00000164451","FAM26D",116529013,116558868,29855
"ENSG00000164458","T",166157656,166168700,11044
"ENSG00000164463","CREBRF",173056352,173139284,82932
"ENSG00000164465","DCBLD1",117453817,117569858,116041
"ENSG00000164466","SFXN1",175477062,175529742,52680
"ENSG00000164483","SAMD3",130144315,130365425,221110
"ENSG00000164484","TMEM200A",130365734,130443063,77329
"ENSG00000164485","IL22RA2",137143820,137173648,29828
"ENSG00000164488","DACT2",168292830,168319777,26947
"ENSG00000164494","PDSS2",107152562,107459564,307002
"ENSG00000164500","C7orf72",50096036,50159830,63794
"ENSG00000164506","STXBP5",147204425,147390476,186051
"ENSG00000164508","HIST1H2AA",25726132,25726527,395
"ENSG00000164509","IL31RA",55851357,55922854,71497
"ENSG00000164512","ANKRD55",56099680,56233330,133650
"ENSG00000164530","PI16",36948263,36964837,16574
"ENSG00000164532","TBX20",35202430,35254147,51717
"ENSG00000164535","DAGLB",6409126,6484190,75064
"ENSG00000164542","KIAA0895",36324221,36390125,65904
"ENSG00000164543","STK17A",43582758,43650713,67955
"ENSG00000164548","TRA2A",23504780,23532041,27261
"ENSG00000164556","FAM183B",38685346,38687037,1691
"ENSG00000164574","GALNT10",154190730,154420984,230254
"ENSG00000164587","RPS14",150442635,150449739,7104
"ENSG00000164588","HCN1",45254948,45696498,441550
"ENSG00000164591","MYOZ3",150660874,150679365,18491
"ENSG00000164597","COG5",107201555,107564514,362959
"ENSG00000164600","NEUROD6",31337465,31340726,3261
"ENSG00000164603","C7orf60",112819147,112939875,120728
"ENSG00000164604","GPR85",113078331,113087778,9447
"ENSG00000164609","SLU7",160401641,160421711,20070
"ENSG00000164610","RP9",33094797,33109404,14607
"ENSG00000164611","PTTG1",160421855,160428739,6884
"ENSG00000164616","FBXL21",135930317,135951591,21274
"ENSG00000164619","BMPER",33904308,34156427,252119
"ENSG00000164620","RELL2",141636950,141641064,4114
"ENSG00000164621","SMAD5-AS1",136129507,136134890,5383
"ENSG00000164626","KCNK5",39188971,39229475,40504
"ENSG00000164627","KIF6",39329990,39725408,395418
"ENSG00000164631","ZNF12",6688433,6706947,18514
"ENSG00000164638","SLC29A4",5274369,5306870,32501
"ENSG00000164645","C7orf62",88794106,88795737,1631
"ENSG00000164647","STEAP1",90154456,90164829,10373
"ENSG00000164649","CDCA7L",21900899,21945903,45004
"ENSG00000164654","MIOS",7566875,7608932,42057
"ENSG00000164659","KIAA1324L",86876906,87059654,182748
"ENSG00000164663","USP49",41789896,41895361,105465
"ENSG00000164669","INTS4L1",65141032,65234216,93184
"ENSG00000164674","SYTL3",158650014,158764876,114862
"ENSG00000164675","IQUB",123452193,123535077,82884
"ENSG00000164683","HEY1",79764010,79767857,3847
"ENSG00000164684","ZNF704",80628451,80874781,246330
"ENSG00000164690","SHH",155799980,155812463,12483
"ENSG00000164691","TAGAP",159034468,159045152,10684
"ENSG00000164692","COL1A2",94394561,94431232,36671
"ENSG00000164694","FNDC1",159169400,159272108,102708
"ENSG00000164695","CHMP4C",81732448,81759515,27067
"ENSG00000164707","SLC13A4",135681237,135729258,48021
"ENSG00000164708","PGAM2",44062727,44065567,2840
"ENSG00000164713","BRI3",98252379,98310441,58062
"ENSG00000164715","LMTK2",98106862,98209638,102776
"ENSG00000164729","SLC35G3",35192520,35194523,2003
"ENSG00000164733","CTSB",11842524,11869448,26924
"ENSG00000164741","DLC1",13083361,13604610,521249
"ENSG00000164742","ADCY1",45574140,45723116,148976
"ENSG00000164743","C8orf48",13566869,13568288,1419
"ENSG00000164746","C7orf57",48035511,48061304,25793
"ENSG00000164749","HNF4G",75407914,75566843,158929
"ENSG00000164751","PEX2",76980258,77001044,20786
"ENSG00000164754","RAD21",116845935,116874866,28931
"ENSG00000164756","SLC30A8",116950273,117176714,226441
"ENSG00000164761","TNFRSF11B",118923557,118951885,28328
"ENSG00000164764","SBSPON",73064543,73124088,59545
"ENSG00000164778","EN2",155458129,155464831,6702
"ENSG00000164794","KCNV1",109963636,109975771,12135
"ENSG00000164796","CSMD3",112222928,113436939,1214011
"ENSG00000164808","KIAA0146",47260575,47736306,475731
"ENSG00000164815","ORC5",104126341,104208047,81706
"ENSG00000164818","HEATR2",726699,786475,59776
"ENSG00000164823","OSGIN2",89901849,89927888,26039
"ENSG00000164825","DEFB1",6870592,6877936,7344
"ENSG00000164828","SUN1",816615,896435,79820
"ENSG00000164830","OXR1",106359476,106752694,393218
"ENSG00000164841","TMEM74",108606850,108787594,180744
"ENSG00000164845","FAM86FP",8232512,8242948,10436
"ENSG00000164849","GPR146",1044546,1059261,14715
"ENSG00000164850","GPER",1082208,1093815,11607
"ENSG00000164853","UNCX",1232872,1237326,4454
"ENSG00000164855","TMEM184A",1542235,1560821,18586
"ENSG00000164867","NOS3",150991017,151014588,23571
"ENSG00000164871","SPAG11B",7442684,7463674,20990
"ENSG00000164877","MICALL2",1428465,1459470,31005
"ENSG00000164880","INTS1",1470277,1504389,34112
"ENSG00000164885","CDK5",151053815,151057897,4082
"ENSG00000164889","SLC4A2",151057210,151076526,19316
"ENSG00000164893","SLC7A13",86214063,86321146,107083
"ENSG00000164896","FASTK",151076593,151080866,4273
"ENSG00000164902","PHAX",126600925,126627252,26327
"ENSG00000164916","FOXK1",4682295,4771442,89147
"ENSG00000164919","COX6C",99873200,99893707,20507
"ENSG00000164920","OSR2",98944403,98952104,7701
"ENSG00000164924","YWHAZ",100916523,100953388,36865
"ENSG00000164930","FZD6",103298433,103332866,34433
"ENSG00000164933","SLC25A32",103398635,103415189,16554
"ENSG00000164934","DCAF13",103414714,103443453,28739
"ENSG00000164935","DCSTAMP",104339087,104356689,17602
"ENSG00000164938","TP53INP1",94925972,94949378,23406
"ENSG00000164941","INTS8",94813311,94881746,68435
"ENSG00000164944","KIAA1429",94487689,94553529,65840
"ENSG00000164946","FREM1",14734666,14910995,176329
"ENSG00000164951","PDP1",93857807,93926068,68261
"ENSG00000164953","TMEM67",93754844,93819234,64390
"ENSG00000164961","KIAA0196",125024260,125091819,67559
"ENSG00000164970","FAM219A",34398184,34458570,60386
"ENSG00000164972","C9orf24",34379019,34397810,18791
"ENSG00000164975","SNAPC3",15422704,15465953,43249
"ENSG00000164978","NUDT2",34329506,34343711,14205
"ENSG00000164983","TMEM65",124306189,124372692,66503
"ENSG00000164985","PSIP1",15464066,15510995,46929
"ENSG00000164989","CCDC171",15553043,16061663,508620
"ENSG00000165006","UBAP1",34179005,34252523,73518
"ENSG00000165023","DIRAS2",90609832,90642862,33030
"ENSG00000165025","SYK",90801787,90898549,96762
"ENSG00000165029","ABCA1",104781006,104928155,147149
"ENSG00000165030","NFIL3",91409045,91423832,14787
"ENSG00000165046","LETM2",38386207,38409527,23320
"ENSG00000165055","METTL2B",128476729,128506602,29873
"ENSG00000165059","PRKACG",69012529,69014113,1584
"ENSG00000165071","TMEM71",132685007,132760712,75705
"ENSG00000165072","MAMDC2",70043848,70226972,183124
"ENSG00000165076","PRSS37",141836286,141841487,5201
"ENSG00000165078","CPA6",67422038,67746385,324347
"ENSG00000165084","C8orf34",68330955,68819023,488068
"ENSG00000165091","TMC1",72521608,72838291,316683
"ENSG00000165092","ALDH1A1",72900671,73080442,179771
"ENSG00000165097","KDM1B",18155329,18223861,68532
"ENSG00000165102","HGSNAT",43140464,43202855,62391
"ENSG00000165105","RASEF",82979590,83063177,83587
"ENSG00000165113","GKAP1",83739425,83829516,90091
"ENSG00000165115","KIF27",83834099,83921465,87366
"ENSG00000165118","C9orf64",83938311,83956986,18675
"ENSG00000165119","HNRNPK",83968083,83980616,12533
"ENSG00000165124","SVEP1",110365248,110579880,214632
"ENSG00000165125","TRPV6",142871208,142885745,14537
"ENSG00000165131","C7orf34",142939343,142940865,1522
"ENSG00000165138","ANKS6",98731329,98796965,65636
"ENSG00000165140","FBP1",94603133,94640249,37116
"ENSG00000165152","TMEM246",101473170,101533537,60367
"ENSG00000165156","ZHX1",123248451,123275541,27090
"ENSG00000165164","CXorf22",35919734,36385317,465583
"ENSG00000165168","CYBB",37780011,37813461,33450
"ENSG00000165169","DYNLT3",37836757,37847571,10814
"ENSG00000165171","WBSCR27",73834590,73842516,7926
"ENSG00000165181","C9orf84",111686173,111795008,108835
"ENSG00000165182","CXorf58",23907801,23939509,31708
"ENSG00000165185","KIAA1958",112486847,112669397,182550
"ENSG00000165186","PTCHD1",23334849,23404374,69525
"ENSG00000165188","RNF183",113297093,113303376,6283
"ENSG00000165192","ASB11",15281697,15315656,33959
"ENSG00000165194","PCDH19",100291644,100410273,118629
"ENSG00000165195","PIGA",15319451,15335580,16129
"ENSG00000165197","FIGF",15345596,15384413,38817
"ENSG00000165202","OR1Q1",122614738,122615682,944
"ENSG00000165209","STRBP",123109500,123268576,159076
"ENSG00000165219","GAPVD1",125261794,125367207,105413
"ENSG00000165233","C9orf89",93096217,93113283,17066
"ENSG00000165238","WNK2",93184916,93320572,135656
"ENSG00000165240","ATP7A",77910656,78050395,139739
"ENSG00000165244","ZNF367",96385941,96418370,32429
"ENSG00000165259","HDX",84317874,84502479,184605
"ENSG00000165264","NDUFB6",32553001,32573184,20183
"ENSG00000165269","AQP7",33383179,33402682,19503
"ENSG00000165271","NOL6",33461353,33473930,12577
"ENSG00000165272","AQP3",33441156,33447596,6440
"ENSG00000165280","VCP",35056064,35072627,16563
"ENSG00000165282","PIGO",35088688,35096601,7913
"ENSG00000165283","STOML2",35099776,35103195,3419
"ENSG00000165288","BRWD3",80670854,80809688,138834
"ENSG00000165300","SLITRK5",87672615,87696272,23657
"ENSG00000165304","MELK",36572862,36677683,104821
"ENSG00000165309","ARMC3",22928024,23038523,110499
"ENSG00000165312","OTUD1",23439458,23442390,2932
"ENSG00000165322","ARHGAP12",31805404,31928876,123472
"ENSG00000165323","FAT3",92352096,92896470,544374
"ENSG00000165325","CCDC67",93329971,93438487,108516
"ENSG00000165338","HECTD2",91409280,91514829,105549
"ENSG00000165349","SLC7A3",70925579,70931125,5546
"ENSG00000165355","FBXO33",39397669,39432500,34831
"ENSG00000165359","DDX26B",135520643,135582510,61867
"ENSG00000165370","GPR101",137027447,137033847,6400
"ENSG00000165376","CLDN2",106900164,106930861,30697
"ENSG00000165379","LRFN5",41607570,41904549,296979
"ENSG00000165383","LRRC18",48909483,48914232,4749
"ENSG00000165389","SPTSSA",34432788,34462240,29452
"ENSG00000165392","WRN",31033788,31175916,142128
"ENSG00000165406","MARCH8",45454585,45594906,140321
"ENSG00000165409","TSHR",80954989,81146302,191313
"ENSG00000165410","CFL2",34706769,34714823,8054
"ENSG00000165416","SUGT1",52652709,52700909,48200
"ENSG00000165417","GTF2A1",81175452,81221377,45925
"ENSG00000165424","ZCCHC24",79382325,79445627,63302
"ENSG00000165434","PGM2L1",74330316,74398433,68117
"ENSG00000165449","SLC16A9",59650761,59736002,85241
"ENSG00000165458","INPPL1",72223701,72239147,15446
"ENSG00000165471","MBL2",52765380,52771700,6320
"ENSG00000165474","GJB2",20187463,20192938,5475
"ENSG00000165475","CRYL1",20403666,20525873,122207
"ENSG00000165476","REEP3",63521401,63625128,103727
"ENSG00000165478","HEPACAM",124919205,124936412,17207
"ENSG00000165480","SKA3",21153595,21176552,22957
"ENSG00000165487","EFHA1",21492691,21604181,111490
"ENSG00000165490","C11orf82",82899975,82958277,58302
"ENSG00000165494","PCF11",83156988,83187451,30463
"ENSG00000165495","PKNOX2",125164687,125433389,268702
"ENSG00000165496","RPL10L",46651010,46651821,811
"ENSG00000165501","LRR1",49598761,49614672,15911
"ENSG00000165506","DNAAF2",49625174,49635230,10056
"ENSG00000165509","MAGEC3",141838316,141897832,59516
"ENSG00000165512","ZNF22",45000923,45005326,4403
"ENSG00000165516","KLHDC2",49768130,49786385,18255
"ENSG00000165521","EML5",88612431,88792752,180321
"ENSG00000165525","NEMF",49782083,49852821,70738
"ENSG00000165526","RPUSD4",126202096,126211692,9596
"ENSG00000165533","TTC8",88824153,88881078,56925
"ENSG00000165548","TMEM63C",77116568,77259495,142927
"ENSG00000165553","NGB",77265483,77271312,5829
"ENSG00000165556","CDX2",27962137,27971139,9002
"ENSG00000165566","FAM123A",25161684,25172288,10604
"ENSG00000165568","AKR1E2",4786629,4848062,61433
"ENSG00000165572","KBTBD6",41127569,41132746,5177
"ENSG00000165583","SSX5",48186220,48196763,10543
"ENSG00000165584","SSX3",48346428,48356707,10279
"ENSG00000165588","OTX2",56799905,56810479,10574
"ENSG00000165591","FAAH2",57286706,57489196,202490
"ENSG00000165606","DRGX",49364181,49396016,31835
"ENSG00000165609","NUDT5",12165330,12196144,30814
"ENSG00000165617","DACT1",58633967,58648321,14354
"ENSG00000165621","OXGR1",96985719,96994730,9011
"ENSG00000165626","BEND7",13438484,13528974,90490
"ENSG00000165629","ATP5C1",7788147,7807815,19668
"ENSG00000165630","PRPF18",13586939,13630859,43920
"ENSG00000165632","TAF3",7818505,8016631,198126
"ENSG00000165633","VSTM4",49014236,49115522,101286
"ENSG00000165637","VDAC2",75210154,75231448,21294
"ENSG00000165643","SOHLH1",135693407,135699528,6121
"ENSG00000165646","SLC18A2",117241093,117279430,38337
"ENSG00000165650","PDZD8",117277274,117375440,98166
"ENSG00000165655","ZNF503",75397830,75401764,3934
"ENSG00000165660","FAM175B",124801819,124836667,34848
"ENSG00000165661","QSOX2",136206333,136245841,39508
"ENSG00000165671","NSD1",177133025,177300215,167190
"ENSG00000165672","PRDX3",119167720,119178812,11092
"ENSG00000165675","ENOX2",130623369,130903317,279948
"ENSG00000165678","GHITM",84139509,84153568,14059
"ENSG00000165682","CLEC1B",9985642,10013424,27782
"ENSG00000165684","SNAPC4",136375577,136400168,24591
"ENSG00000165685","TMEM52B",10170542,10191801,21259
"ENSG00000165688","PMPCA",136410641,136423761,13120
"ENSG00000165689","SDCCAG3",136401922,136410614,8692
"ENSG00000165694","FRMD7",132076993,132128020,51027
"ENSG00000165695","AK8",132725578,132878777,153199
"ENSG00000165698","C9orf9",132878027,132890201,12174
"ENSG00000165699","TSC1",132891348,132946874,55526
"ENSG00000165716","FAM69B",136712572,136724742,12170
"ENSG00000165724","ZMYND19",137582081,137590512,8431
"ENSG00000165730","STOX1",68827531,68895432,67901
"ENSG00000165731","RET",43077069,43130351,53282
"ENSG00000165732","DDX21",68956170,68985068,28898
"ENSG00000165733","BMS1",42782795,42834937,52142
"ENSG00000165752","STK32C",132207492,132331847,124355
"ENSG00000165757","KIAA1462",30012803,30115494,102691
"ENSG00000165762","OR4K2",19875142,19883932,8790
"ENSG00000165775","FUNDC2",155025980,155060304,34324
"ENSG00000165782","TMEM55B",20457719,20461612,3893
"ENSG00000165792","METTL17",20989770,20997035,7265
"ENSG00000165794","SLC39A2",20999255,21001871,2616
"ENSG00000165795","NDRG2",21016763,21070872,54109
"ENSG00000165799","RNASE7",21042316,21044234,1918
"ENSG00000165801","ARHGEF40",21070273,21090248,19975
"ENSG00000165804","ZNF219",21090077,21104722,14645
"ENSG00000165805","C12orf50",87980035,88034037,54002
"ENSG00000165806","CASP7",113679162,113730907,51745
"ENSG00000165807","PPP1R36",64549920,64589381,39461
"ENSG00000165810","BTNL9",181040225,181061521,21296
"ENSG00000165813","C10orf118",114120862,114174232,53370
"ENSG00000165816","VWA2",114239254,114294489,55235
"ENSG00000165819","METTL3",21498133,21511342,13209
"ENSG00000165821","SALL2",21521080,21537216,16136
"ENSG00000165832","TRUB1",114938195,114977676,39481
"ENSG00000165837","FAM194B",45534522,45615739,81217
"ENSG00000165841","CYP2C19",94762681,94855547,92866
"ENSG00000165861","ZFYVE1",72969451,73027131,57680
"ENSG00000165863","C10orf82",116663696,116670264,6568
"ENSG00000165868","HSPA12A",116671192,116850236,179044
"ENSG00000165874","FAM35B",46610474,46652025,41551
"ENSG00000165886","UBTD1",97498924,97571206,72282
"ENSG00000165887","ANKRD2",97572499,97583884,11385
"ENSG00000165891","E2F7",77021248,77065569,44321
"ENSG00000165895","ARHGAP42",100687288,100993941,306653
"ENSG00000165899","OTOGL",80099537,80380879,281342
"ENSG00000165905","GYLTL1B",45921621,45929096,7475
"ENSG00000165912","PACSIN3",47177522,47186443,8921
"ENSG00000165914","TTC7B",90524564,90816479,291915
"ENSG00000165915","SLC39A13",47407132,47416496,9364
"ENSG00000165916","PSMC3",47418769,47426473,7704
"ENSG00000165923","AGBL2",47659591,47715389,55798
"ENSG00000165929","TC2N",91779746,91867536,87790
"ENSG00000165934","CPSF2",92121937,92172145,50208
"ENSG00000165935","C12orf70",27466810,27502185,35375
"ENSG00000165943","MOAP1",93182199,93184923,2724
"ENSG00000165953","SERPINA12",94487274,94517844,30570
"ENSG00000165959","CLMN",95181940,95319908,137968
"ENSG00000165966","PDZRN4",41188448,41574724,386276
"ENSG00000165970","SLC6A5",20599400,20659285,59885
"ENSG00000165972","CCDC38",95867048,95942635,75587
"ENSG00000165973","NELL1",20669551,21575681,906130
"ENSG00000165983","PTER",16436943,16513745,76802
"ENSG00000165995","CACNB2",18140677,18543557,402880
"ENSG00000165996","PTPLA",17589032,17617374,28342
"ENSG00000165997","ARL5B",18659431,18681639,22208
"ENSG00000166004","KIAA1731",93661682,93730358,68676
"ENSG00000166006","KCNC2",75040077,75209868,169791
"ENSG00000166007","TRIM51HP",55291883,55298270,6387
"ENSG00000166016","ABTB2",34150987,34358010,207023
"ENSG00000166024","R3HCC1L",98134624,98244897,110273
"ENSG00000166025","AMOTL1",94706431,94876748,170317
"ENSG00000166033","HTRA1",122458551,122514907,56356
"ENSG00000166035","LIPC",58410569,58569844,159275
"ENSG00000166037","CEP57",95789965,95832693,42728
"ENSG00000166046","TCP11L2",106301929,106347003,45074
"ENSG00000166049","PASD1",151563675,151676739,113064
"ENSG00000166068","SPRED1",38252836,38357249,104413
"ENSG00000166069","TMCO5A",37921939,37967724,45785
"ENSG00000166073","GPR176",39799032,39920892,121860
"ENSG00000166086","JAM3",134068925,134152001,83076
"ENSG00000166090","IL25",23372809,23376403,3594
"ENSG00000166091","CMTM5",23376773,23379772,2999
"ENSG00000166104","FLJ38723",62227896,62253235,25339
"ENSG00000166105","GLB1L3",134274245,134319564,45319
"ENSG00000166106","ADAMTS15",130448974,130476641,27667
"ENSG00000166111","SVOP",108907741,109021240,113499
"ENSG00000166118","SPATA19",133840631,133845538,4907
"ENSG00000166123","GPT2",46884362,46931289,46927
"ENSG00000166126","AMN",102922656,102933596,10940
"ENSG00000166130","IKBIP",98613405,98645113,31708
"ENSG00000166133","RPUSD2",40569299,40574949,5650
"ENSG00000166135","HIF1AN",100529072,100559998,30926
"ENSG00000166136","NDUFB8",100523740,100530000,6260
"ENSG00000166140","ZFYVE19",40807086,40815084,7998
"ENSG00000166145","SPINT1",40844018,40858207,14189
"ENSG00000166147","FBN1",48408306,48645849,237543
"ENSG00000166152","C16orf78",49373823,49399431,25608
"ENSG00000166153","DEPDC4",100203669,100267079,63410
"ENSG00000166159","LRTM2",1820267,1836753,16486
"ENSG00000166160","OPN1MW2",154219756,154233286,13530
"ENSG00000166164","BRD7",50313487,50368934,55447
"ENSG00000166165","CKB",103519667,103522833,3166
"ENSG00000166166","TRMT61A",103529196,103537073,7877
"ENSG00000166167","BTRC",101354033,101557321,203288
"ENSG00000166169","POLL",101578882,101588270,9388
"ENSG00000166170","BAG5",103556544,103562831,6287
"ENSG00000166171","DPCD",101570560,101609662,39102
"ENSG00000166173","LARP6",70829130,70854159,25029
"ENSG00000166181","API5",43311963,43344529,32566
"ENSG00000166183","ASPG",104085686,104115582,29896
"ENSG00000166188","ZNF319",57994668,58000453,5785
"ENSG00000166189","HPS6",102065390,102068038,2648
"ENSG00000166192","SENP8",72114258,72143692,29434
"ENSG00000166197","NOLC1",102152176,102163871,11695
"ENSG00000166199","ALKBH3",43880811,43920274,39463
"ENSG00000166200","COPS2",49106068,49155661,49593
"ENSG00000166206","GABRB3",26543546,26939539,395993
"ENSG00000166211","SPIC",101475421,101486997,11576
"ENSG00000166220","TBATA",70771239,70785401,14162
"ENSG00000166224","SGPL1",70815961,70881173,65212
"ENSG00000166225","FRS2",69470349,69579789,109440
"ENSG00000166226","CCT2",69585426,69601570,16144
"ENSG00000166228","PCBD1",70882280,70888565,6285
"ENSG00000166233","ARIH1",72474330,72602987,128657
"ENSG00000166246","C16orf71",4734344,4749396,15052
"ENSG00000166257","SCN3B",123629187,123655244,26057
"ENSG00000166260","COX11",54951902,54968785,16883
"ENSG00000166261","ZNF202",123723914,123741675,17761
"ENSG00000166262","FAM227B",49326962,49620931,293969
"ENSG00000166265","CYYR1",26466209,26573255,107046
"ENSG00000166266","CUL5",108008898,108107761,98863
"ENSG00000166268","C12orf28",69825304,69959097,133793
"ENSG00000166272","WBP1L",102743948,102834516,90568
"ENSG00000166275","C10orf32",102854223,102864961,10738
"ENSG00000166278","C2",31897785,31945672,47887
"ENSG00000166289","PLEKHF1",29665459,29675477,10018
"ENSG00000166292","TMEM100",55719627,55732121,12494
"ENSG00000166295","ANAPC16",72216000,72235860,19860
"ENSG00000166311","SMPD1",6390440,6394998,4558
"ENSG00000166313","APBB1",6395124,6419414,24290
"ENSG00000166317","SYNPO2L",73644881,73663803,18922
"ENSG00000166321","NUDT13",73110375,73131828,21453
"ENSG00000166323","C11orf65",108308519,108467531,159012
"ENSG00000166326","TRIM44",35662775,35818007,155232
"ENSG00000166333","ILK",6603708,6610874,7166
"ENSG00000166340","TPP1",6612768,6619448,6680
"ENSG00000166341","DCHS1",6621330,6655809,34479
"ENSG00000166342","NETO1",72742314,72868146,125832
"ENSG00000166343","MSS51",73423579,73433561,9982
"ENSG00000166347","CYB5A",74250846,74291973,41127
"ENSG00000166348","USP54",73497538,73625953,128415
"ENSG00000166349","RAG1",36510709,36593156,82447
"ENSG00000166351","POTED",13609858,13641585,31727
"ENSG00000166352","C11orf74",36594493,36659290,64797
"ENSG00000166359","WDR88",33132090,33175795,43705
"ENSG00000166363","OR10A5",6845652,6846705,1053
"ENSG00000166368","OR2D2",6891490,6892599,1109
"ENSG00000166377","ATP9B",79069285,79378287,309002
"ENSG00000166387","PPFIBP2",7513298,7657127,143829
"ENSG00000166391","MOGAT2",75717838,75732958,15120
"ENSG00000166394","CYB5R2",7665100,7677222,12122
"ENSG00000166396","SERPINB7",63752935,63805376,52441
"ENSG00000166398","KIAA0355",34254537,34355586,101049
"ENSG00000166401","SERPINB8",63969925,64019779,49854
"ENSG00000166402","TUB",8019244,8106112,86868
"ENSG00000166405","RIC3",8106056,8169055,62999
"ENSG00000166411","IDH3A",78131498,78171945,40447
"ENSG00000166415","WDR72",53513741,53762878,249137
"ENSG00000166426","CRABP1",78340353,78348225,7872
"ENSG00000166428","PLD4",104924713,104937790,13077
"ENSG00000166432","ZMAT1",101882288,101932079,49791
"ENSG00000166435","XRRA1",74807739,74949200,141461
"ENSG00000166436","TRIM66",8612037,8682694,70657
"ENSG00000166439","RNF169",74748849,74842413,93564
"ENSG00000166444","ST5",8693351,8910951,217600
"ENSG00000166446","CDYL2",80597907,80804598,206691
"ENSG00000166450","PRTG",55611544,55743152,131608
"ENSG00000166451","CENPN",81006498,81033114,26616
"ENSG00000166454","ATMIN",81035842,81047350,11508
"ENSG00000166455","C16orf46",81053497,81077267,23770
"ENSG00000166471","TMEM41B",9280654,9314636,33982
"ENSG00000166473","PKD1L2",81100875,81220370,119495
"ENSG00000166477","LEO1",51938025,51971778,33753
"ENSG00000166478","ZNF143",9460319,9528524,68205
"ENSG00000166479","TMX3",68673688,68715108,41420
"ENSG00000166482","MFAP4",19383442,19387240,3798
"ENSG00000166483","WEE1",9573670,9593457,19787
"ENSG00000166484","MAPK7",19377721,19383544,5823
"ENSG00000166501","PRKCB",23835983,24220611,384628
"ENSG00000166503","HDGFRP3",83112738,83207823,95085
"ENSG00000166507","NDST2",73801911,73811798,9887
"ENSG00000166508","MCM7",100092728,100101940,9212
"ENSG00000166510","CCDC68",54901509,54959461,57952
"ENSG00000166523","CLEC4E",8533305,8540963,7658
"ENSG00000166526","ZNF3",100064033,100082548,18515
"ENSG00000166527","CLEC4D",8509475,8522366,12891
"ENSG00000166529","ZSCAN21",100049774,100065038,15264
"ENSG00000166532","RIMKLB",8681600,8783095,101495
"ENSG00000166535","A2ML1",8822621,8887001,64380
"ENSG00000166546","BEAN1",66427295,66493529,66234
"ENSG00000166548","TK2",66508003,66552544,44541
"ENSG00000166558","SLC38A8",84009667,84042636,32969
"ENSG00000166569","CPLX4",59275156,59318649,43493
"ENSG00000166573","GALR1",77250549,77277896,27347
"ENSG00000166575","TMEM135",87037844,87328824,290980
"ENSG00000166578","IQCD",113195441,113221094,25653
"ENSG00000166589","CDH16",66908122,66918917,10795
"ENSG00000166592","RRAD",66921679,66925536,3857
"ENSG00000166595","FAM96B",66932065,66934423,2358
"ENSG00000166596","WDR16",9576627,9643447,66820
"ENSG00000166598","HSP90B1",103930107,103953645,23538
"ENSG00000166603","MC4R",60371062,60372775,1713
"ENSG00000166619","BLCAP",37492472,37527931,35459
"ENSG00000166634","SERPINB12",63556160,63567011,10851
"ENSG00000166664","CHRFAM7A",30357766,30393849,36083
"ENSG00000166669","ATF7IP2",10326434,10483638,157204
"ENSG00000166670","MMP10",102770502,102780628,10126
"ENSG00000166681","NGFRAP1",103376340,103378077,1737
"ENSG00000166682","TMPRSS5",113687547,113706373,18826
"ENSG00000166685","COG1",73192632,73208507,15875
"ENSG00000166689","PLEKHA7",16777297,17014414,237117
"ENSG00000166704","ZNF606",57977053,58003349,26296
"ENSG00000166707","ZCCHC18",104112131,104115846,3715
"ENSG00000166710","B2M",44711487,44718877,7390
"ENSG00000166716","ZNF592",84748592,84806445,57853
"ENSG00000166734","CASC4",44288719,44415758,127039
"ENSG00000166736","HTR3A",113974881,113990313,15432
"ENSG00000166741","NNMT",114257787,114313285,55498
"ENSG00000166743","ACSM1",20623237,20698890,75653
"ENSG00000166747","AP1G1",71729000,71809201,80201
"ENSG00000166750","SLFN5",35243071,35273655,30584
"ENSG00000166762","CATSPER2",43628503,43668118,39615
"ENSG00000166780","C16orf45",15434475,15625028,190553
"ENSG00000166783","KIAA0430",15594387,15643154,48767
"ENSG00000166787","SAA3P",18112472,18116132,3660
"ENSG00000166788","SAAL1",18069935,18106087,36152
"ENSG00000166793","YPEL4",57645087,57649944,4857
"ENSG00000166794","PPIB",64155812,64163205,7393
"ENSG00000166796","LDHC",18412318,18452063,39745
"ENSG00000166797","FAM96A",64072565,64093857,21292
"ENSG00000166801","FAM111A",59142748,59155039,12291
"ENSG00000166813","KIF7",89608789,89655467,46678
"ENSG00000166816","LDHD",75111860,75116771,4911
"ENSG00000166819","PLIN1",89664367,89679427,15060
"ENSG00000166821","PEX11A",89677764,89690783,13019
"ENSG00000166822","TMEM170A",75443054,75465497,22443
"ENSG00000166825","ANPEP",89784895,89815401,30506
"ENSG00000166828","SCNN1G",23182745,23216883,34138
"ENSG00000166833","NAV2",19350724,20121601,770877
"ENSG00000166839","ANKDD1A",64911902,64958691,46789
"ENSG00000166840","GLYATL1",58905398,59043527,138129
"ENSG00000166845","C18orf54",54357906,54385218,27312
"ENSG00000166847","DCTN5",23641466,23677472,36006
"ENSG00000166848","TERF2IP",75647773,75761872,114099
"ENSG00000166851","PLK1",23677656,23690367,12711
"ENSG00000166855","CLPX",65148219,65185342,37123
"ENSG00000166856","GPR182",56994492,56998447,3955
"ENSG00000166860","ZBTB39",56998836,57006546,7710
"ENSG00000166862","CACNG2",36563921,36703558,139637
"ENSG00000166866","MYO1A",57028517,57051198,22681
"ENSG00000166869","CHP2",23755026,23758935,3909
"ENSG00000166881","TMEM194A",57055643,57088063,32420
"ENSG00000166884","OR4D6",59456938,59457991,1053
"ENSG00000166886","NAB2",57089043,57095476,6433
"ENSG00000166887","VPS39",42158701,42208316,49615
"ENSG00000166888","STAT6",57095408,57132139,36731
"ENSG00000166889","PATL1",59636716,59669037,32321
"ENSG00000166896","XRCC6BP1",57906039,57959148,53109
"ENSG00000166897","ELFN2",37367960,37427479,59519
"ENSG00000166900","STX3",59713456,59805882,92426
"ENSG00000166902","MRPL16",59806140,59810778,4638
"ENSG00000166908","PIP4K2C",57591174,57603418,12244
"ENSG00000166912","MTMR10",30938941,30991628,52687
"ENSG00000166913","YWHAB",44885702,44908532,22830
"ENSG00000166922","SCG5",32641676,32697098,55422
"ENSG00000166923","GREM1",32718004,32745106,27102
"ENSG00000166924","NYAP1",100483927,100494802,10875
"ENSG00000166926","MS4A6E",60334831,60396596,61765
"ENSG00000166927","MS4A7",60378485,60395951,17466
"ENSG00000166928","MS4A14",60378530,60417756,39226
"ENSG00000166938","DIS3L",66293217,66333898,40681
"ENSG00000166946","CCNDBP1",43185118,43197177,12059
"ENSG00000166947","EPB42",43197227,43221125,23898
"ENSG00000166948","TGM6",2380908,2432753,51845
"ENSG00000166949","SMAD3",67063763,67195169,131406
"ENSG00000166959","MS4A8B",60699585,60715807,16222
"ENSG00000166960","C18orf34",32937402,33441101,503699
"ENSG00000166961","MS4A15",60756953,60776732,19779
"ENSG00000166963","MAP1A",43510958,43531620,20662
"ENSG00000166965","RCCD1",90954870,90963125,8255
"ENSG00000166971","AKTIP",53491040,53504411,13371
"ENSG00000166974","MAPRE2",34976928,35143470,166542
"ENSG00000166979","FAM176C",32412006,32515397,103391
"ENSG00000166984","TCP10L2",167146414,167196913,50499
"ENSG00000166986","MARS",57475445,57517569,42124
"ENSG00000166987","MBD6",57520710,57530148,9438
"ENSG00000166997","CNPY4",100119634,100125508,5874
"ENSG00000167004","PDIA3",43746410,43773278,26868
"ENSG00000167005","NUDT21",56429133,56452199,23066
"ENSG00000167011","NAT16",101170496,101180293,9797
"ENSG00000167034","NKX3-1",23678697,23682938,4241
"ENSG00000167037","SGSM1",24806169,24927578,121409
"ENSG00000167065","DUSP18",30652051,30667890,15839
"ENSG00000167077","MEI1",41699503,41799456,99953
"ENSG00000167080","B4GALNT2",49132460,49176840,44380
"ENSG00000167081","PBX3",125747345,125967377,220032
"ENSG00000167085","PHB",49404049,49414905,10856
"ENSG00000167094","TTC16",127716079,127731590,15511
"ENSG00000167098","SUN5",32983773,33004433,20660
"ENSG00000167100","SAMD14",50110040,50129882,19842
"ENSG00000167103","PIP5KL1",127920881,127930785,9904
"ENSG00000167104","BPIFB6",33031648,33044047,12399
"ENSG00000167106","FAM102A",127940582,127980989,40407
"ENSG00000167107","ACSF2",50426158,50474845,48687
"ENSG00000167110","GOLGA2",128255829,128275995,20166
"ENSG00000167112","TRUB2",128305159,128322447,17288
"ENSG00000167113","COQ4",128322544,128334072,11528
"ENSG00000167114","SLC27A4",128340527,128361470,20943
"ENSG00000167118","URM1",128371319,128392016,20697
"ENSG00000167123","CERCAM",128411751,128437351,25600
"ENSG00000167130","DOLPP1",129081111,129090438,9327
"ENSG00000167131","CCDC103",44899142,44905390,6248
"ENSG00000167139","TBC1D21",73873564,73889214,15650
"ENSG00000167165","UGT1A6",233691607,233773300,81693
"ENSG00000167173","C15orf39",75195643,75212169,16526
"ENSG00000167178","ISLR2",74100311,74138540,38229
"ENSG00000167182","SP2",47896150,47928957,32807
"ENSG00000167191","GPRC5B",19856691,19886167,29476
"ENSG00000167193","CRK",1420689,1463162,42473
"ENSG00000167194","C16orf92",30023334,30027736,4402
"ENSG00000167195","GOLGA6C",75258599,75270199,11600
"ENSG00000167196","FBXO22",75903876,75942511,38635
"ENSG00000167202","TBC1D2B",77984036,78077724,93688
"ENSG00000167207","NOD2",50693588,50734041,40453
"ENSG00000167208","SNX20",50666300,50681353,15053
"ENSG00000167210","LOXHD1",46476972,46657220,180248
"ENSG00000167216","KATNAL2",46917492,47102243,184751
"ENSG00000167220","HDHD2",47107408,47150500,43092
"ENSG00000167232","ZNF91",23304991,23395471,90480
"ENSG00000167257","RNF214",117232625,117286454,53829
"ENSG00000167258","CDK12",39461486,39564907,103421
"ENSG00000167264","DUS2L",67987746,68079320,91574
"ENSG00000167272","POP5",120578764,120581398,2634
"ENSG00000167280","ENGASE",79074939,79088599,13660
"ENSG00000167281","RBFOX3",79089345,79516148,426803
"ENSG00000167283","ATP5L",118401606,118431496,29890
"ENSG00000167291","TBC1D16",79932343,80035872,103529
"ENSG00000167302","ENTHD2",81228277,81239091,10814
"ENSG00000167306","MYO5B",49822789,50195147,372358
"ENSG00000167311","ART5",3638503,3642316,3813
"ENSG00000167315","ACAA2",49782164,49813953,31789
"ENSG00000167323","STIM1",3854527,4093210,238683
"ENSG00000167325","RRM1",4094707,4138932,44225
"ENSG00000167332","OR51E2",4680171,4697854,17683
"ENSG00000167333","TRIM68",4598672,4608231,9559
"ENSG00000167346","MMP26",4704927,4992429,287502
"ENSG00000167359","OR51I1",5440570,5441514,944
"ENSG00000167360","OR51Q1",5422111,5423206,1095
"ENSG00000167363","FN3K",82735615,82751196,15581
"ENSG00000167371","PRRT2",29811382,29815892,4510
"ENSG00000167377","ZNF23",71447597,71463095,15498
"ENSG00000167378","IRGQ",43584369,43596135,11766
"ENSG00000167380","ZNF226",44165073,44178381,13308
"ENSG00000167384","ZNF180",44474428,44500524,26096
"ENSG00000167393","PPP2R3B",333963,386955,52992
"ENSG00000167394","ZNF668",31060843,31074240,13397
"ENSG00000167395","ZNF646",31074422,31084196,9774
"ENSG00000167397","VKORC1",31090842,31095980,5138
"ENSG00000167419","LPO",58218548,58268518,49970
"ENSG00000167434","CA4",60149942,60170899,20957
"ENSG00000167447","SMG8",59209400,59215247,5847
"ENSG00000167460","TPM4",16067021,16103002,35981
"ENSG00000167468","GPX4",1103926,1106791,2865
"ENSG00000167476","JSRP1",2252252,2269759,17507
"ENSG00000167483","FAM129C",17523301,17553839,30538
"ENSG00000167487","KLHL26",18637025,18671721,34696
"ENSG00000167491","GATAD2A",19385826,19508931,123105
"ENSG00000167513","CDT1",88803789,88809258,5469
"ENSG00000167515","TRAPPC2L",88856220,88862686,6466
"ENSG00000167522","ANKRD11",89267630,89490561,222931
"ENSG00000167523","C16orf55",89657802,89671272,13470
"ENSG00000167524","SGK494",28607964,28614200,6236
"ENSG00000167528","ZNF641",48337180,48351414,14234
"ENSG00000167531","LALBA",48567684,48570066,2382
"ENSG00000167535","CACNB3",48813794,48828941,15147
"ENSG00000167536","DHRS13",28897781,28903079,5298
"ENSG00000167543","TP53I13",29566052,29573157,7105
"ENSG00000167548","MLL2",49018975,49059774,40799
"ENSG00000167549","CORO6",29614756,29622907,8151
"ENSG00000167550","RHEBL1",49064676,49070025,5349
"ENSG00000167552","TUBA1A",49184795,49189080,4285
"ENSG00000167553","TUBA1C",49188736,49274603,85867
"ENSG00000167554","ZNF610",52336243,52367778,31535
"ENSG00000167555","ZNF528",52397849,52418412,20563
"ENSG00000167562","ZNF701",52555457,52587174,31717
"ENSG00000167565","SERTAD3",40440844,40444335,3491
"ENSG00000167566","NCKAP5L",49791146,49828750,37604
"ENSG00000167578","RAB4B",40778216,40796942,18726
"ENSG00000167588","GPD1",50103982,50111313,7331
"ENSG00000167595","C19orf55",35758143,35771028,12885
"ENSG00000167600","CYP2S1",41193210,41207539,14329
"ENSG00000167601","AXL",41219223,41261766,42543
"ENSG00000167608","TMC4",54160108,54173250,13142
"ENSG00000167612","ANKRD33",51888009,51891727,3718
"ENSG00000167613","LAIR1",54351384,54370558,19174
"ENSG00000167614","TTYH1",54415219,54436900,21681
"ENSG00000167615","LENG8",54448887,54462037,13150
"ENSG00000167618","LAIR2",54497879,54510687,12808
"ENSG00000167619","TMEM145",42313309,42325064,11755
"ENSG00000167625","ZNF526",42220271,42228201,7930
"ENSG00000167632","TRAPPC9",139727725,140458579,730854
"ENSG00000167633","KIR3DL1",54816468,54830778,14310
"ENSG00000167634","NLRP7",54923509,54966312,42803
"ENSG00000167635","ZNF146",36214602,36238774,24172
"ENSG00000167637","ZNF283",43827321,43852017,24696
"ENSG00000167644","C19orf33",38304164,38305006,842
"ENSG00000167645","YIF1B",38303558,38317273,13715
"ENSG00000167646","DNAAF3",55158661,55166722,8061
"ENSG00000167653","PSCA",142670308,142682725,12417
"ENSG00000167654","ATCAY",3879864,3928082,48218
"ENSG00000167656","LY6D",142784882,142786539,1657
"ENSG00000167657","DAPK3",3958453,3971123,12670
"ENSG00000167658","EEF2",3976056,3985463,9407
"ENSG00000167664","TMIGD2",4292232,4302431,10199
"ENSG00000167670","CHAF1A",4402640,4445018,42378
"ENSG00000167671","UBXN6",4444999,4457794,12795
"ENSG00000167674","HDGFRP2",4472297,4502208,29911
"ENSG00000167676","PLIN4",4502180,4518465,16285
"ENSG00000167680","SEMA6B",4542593,4559684,17091
"ENSG00000167693","NXN",799310,979776,180466
"ENSG00000167695","FAM57A",732412,742968,10556
"ENSG00000167699","GLOD4",757097,783390,26293
"ENSG00000167700","MFSD3",144509070,144511213,2143
"ENSG00000167701","GPT",144502973,144507174,4201
"ENSG00000167702","KIFC2",144466043,144474202,8159
"ENSG00000167703","SLC43A2",1569267,1628886,59619
"ENSG00000167711","SERPINF2",1742836,1755268,12432
"ENSG00000167716","WDR81",1716523,1738599,22076
"ENSG00000167720","SRR",2303383,2325260,21877
"ENSG00000167721","TSR1",2322503,2337507,15004
"ENSG00000167723","TRPV3",3510502,3557995,47493
"ENSG00000167740","CYB5D2",4143168,4187310,44142
"ENSG00000167748","KLK1",50819146,50823787,4641
"ENSG00000167749","KLK4",50906352,50910738,4386
"ENSG00000167751","KLK2",50861568,50880567,18999
"ENSG00000167754","KLK5",50943303,50953093,9790
"ENSG00000167755","KLK6",50958631,50969673,11042
"ENSG00000167757","KLK11",51022216,51028039,5823
"ENSG00000167759","KLK13",51055626,51065114,9488
"ENSG00000167766","ZNF83",52594060,52690496,96436
"ENSG00000167768","KRT1",52674736,52680407,5671
"ENSG00000167769","ACER1",6306142,6333629,27487
"ENSG00000167770","OTUB1",63985853,64001811,15958
"ENSG00000167771","RCOR2",63911230,63917164,5934
"ENSG00000167772","ANGPTL4",8363289,8374370,11081
"ENSG00000167774","NDUFA7",8308283,8321379,13096
"ENSG00000167778","SPRYD3",53064316,53079404,15088
"ENSG00000167779","IGFBP6",53097436,53102345,4909
"ENSG00000167780","SOAT2",53103486,53124535,21049
"ENSG00000167785","ZNF558",8806170,8832314,26144
"ENSG00000167791","CABP2",67518912,67524517,5605
"ENSG00000167792","NDUFV1",67605653,67612554,6901
"ENSG00000167797","CDK2AP2",67506497,67508649,2152
"ENSG00000167798","C3P1",10037803,10074135,36332
"ENSG00000167799","NUDT8",67627938,67629937,1999
"ENSG00000167800","TBX10",67631303,67639560,8257
"ENSG00000167815","PRDX2",12796820,12801800,4980
"ENSG00000167825","OR5I1",55935456,55936400,944
"ENSG00000167840","ZNF232",5105541,5123116,17575
"ENSG00000167842","MIS12",5486285,5490814,4529
"ENSG00000167850","CD300C",74541108,74546143,5035
"ENSG00000167851","CD300A",74466399,74484796,18397
"ENSG00000167858","TEKT1",6789133,6831761,42628
"ENSG00000167861","C17orf28",74950742,74973166,22424
"ENSG00000167880","EVPL",76004502,76027452,22950
"ENSG00000167881","SRP68",76038775,76072517,33742
"ENSG00000167889","MGAT5B",76868456,76950393,81937
"ENSG00000167895","TMC8",78130770,78142968,12198
"ENSG00000167900","TK1",78174091,78187233,13142
"ENSG00000167904","TMEM68",55696424,55773407,76983
"ENSG00000167910","CYP7A1",58490178,58500163,9985
"ENSG00000167914","GSDMA",39953263,39977766,24503
"ENSG00000167916","KRT24",40697991,40703752,5761
"ENSG00000167920","TMEM99",40819106,40836274,17168
"ENSG00000167930","ITFG3",234521,272183,37662
"ENSG00000167962","ZNF598",1997654,2009821,12167
"ENSG00000167964","RAB26",2140803,2154165,13362
"ENSG00000167965","MLST8",2204248,2209453,5205
"ENSG00000167967","E4F1",2223580,2235742,12162
"ENSG00000167968","DNASE1L2",2235816,2238711,2895
"ENSG00000167969","ECI1",2239402,2252300,12898
"ENSG00000167971","CASKIN1",2177180,2196525,19345
"ENSG00000167972","ABCA3",2275881,2340746,64865
"ENSG00000167977","KCTD5",2682523,2709030,26507
"ENSG00000167978","SRRM2",2752626,2772538,19912
"ENSG00000167981","ZNF597",3432414,3443504,11090
"ENSG00000167984","NLRC3",3539033,3577403,38370
"ENSG00000167986","DDB1",61299451,61342596,43145
"ENSG00000167992","VWCE",61258286,61295316,37030
"ENSG00000167994","RAB3IL1",61897301,61920269,22968
"ENSG00000167995","BEST1",61950063,61965515,15452
"ENSG00000168000","BSCL2",62690275,62709845,19570
"ENSG00000168002","POLR2G",62761565,62766710,5145
"ENSG00000168003","SLC3A2",62856102,62888875,32773
"ENSG00000168004","HRASLS5",63461404,63491194,29790
"ENSG00000168005","C11orf84",63813456,63827716,14260
"ENSG00000168010","ATG16L2",72814406,72843674,29268
"ENSG00000168014","C2CD3",74012714,74171210,158496
"ENSG00000168016","TRANK1",36826820,36945098,118278
"ENSG00000168026","TTC21A",39107704,39138903,31199
"ENSG00000168028","RPSA",39406716,39412542,5826
"ENSG00000168032","ENTPD3",40387156,40428744,41588
"ENSG00000168036","CTNNB1",41194741,41260096,65355
"ENSG00000168038","ULK4",41246599,41962130,715531
"ENSG00000168056","LTBP3",65538805,65558930,20125
"ENSG00000168060","NAALADL1",65044818,65058553,13735
"ENSG00000168061","SAC3D1",65040901,65044828,3927
"ENSG00000168062","BATF2",64987945,64997018,9073
"ENSG00000168065","SLC22A11",64555626,64572875,17249
"ENSG00000168066","SF1",64764606,64778786,14180
"ENSG00000168067","MAP4K2",64784918,64803241,18323
"ENSG00000168070","C11orf85",64937517,64972108,34591
"ENSG00000168071","CCDC88B",64340204,64357534,17330
"ENSG00000168077","SCARA3",27633868,27676776,42908
"ENSG00000168078","PBK",27809624,27838082,28458
"ENSG00000168079","SCARA5",27869883,27992673,122790
"ENSG00000168090","COPS6",100088969,100092187,3218
"ENSG00000168092","PAFAH1B2",117144284,117176894,32610
"ENSG00000168101","NUDT16L1",4693694,4695859,2165
"ENSG00000168116","KIAA1586",57046532,57055239,8707
"ENSG00000168118","RAB4A",229271062,229305894,34832
"ENSG00000168131","OR2B2",27911185,27912396,1211
"ENSG00000168135","KCNJ4",38426327,38455199,28872
"ENSG00000168137","SETD5",9397615,9479240,81625
"ENSG00000168140","VASN",4371848,4383538,11690
"ENSG00000168143","FAM83B",54846771,54945099,98328
"ENSG00000168148","HIST3H3",228424845,228425325,480
"ENSG00000168152","THAP9",82900684,82919969,19285
"ENSG00000168158","OR2C1",3355889,3357294,1405
"ENSG00000168159","RNF187",228487382,228496188,8806
"ENSG00000168172","HOOK3",42896946,43030535,133589
"ENSG00000168175","MAPK1IP1L",55051647,55070194,18547
"ENSG00000168209","DDIT4",72273924,72276036,2112
"ENSG00000168216","LMBRD1",69672757,69867236,194479
"ENSG00000168228","ZCCHC4",25312774,25370383,57609
"ENSG00000168229","PTGDR",52267713,52276724,9011
"ENSG00000168234","TTC39C",23992773,24135610,142837
"ENSG00000168237","GLYCTK",52287089,52295257,8168
"ENSG00000168246","UBTD2",172209646,172283764,74118
"ENSG00000168255","POLR2J3",102537918,102572653,34735
"ENSG00000168256","NKIRAS2",42011382,42025644,14262
"ENSG00000168259","DNAJC7",41976435,42021376,44941
"ENSG00000168263","KCNV2",2717510,2730037,12527
"ENSG00000168264","IRF2BP2",234604269,234609525,5256
"ENSG00000168268","NT5DC2",52524385,52535054,10669
"ENSG00000168269","FOXI1",170105897,170109734,3837
"ENSG00000168273","C3orf78",52534013,52579237,45224
"ENSG00000168275","C1orf31",234373456,234385068,11612
"ENSG00000168280","KIF5C",148875227,149026759,151532
"ENSG00000168283","BMI1",22321099,22331484,10385
"ENSG00000168286","THAP11",67842082,67844195,2113
"ENSG00000168288","MMADHC",149569637,149587778,18141
"ENSG00000168291","PDHB",58427630,58433857,6227
"ENSG00000168297","PXK",58332880,58426126,93246
"ENSG00000168298","HIST1H1E",26156354,26157107,753
"ENSG00000168300","PCMTD1",51817575,51899186,81611
"ENSG00000168301","KCTD6",58492096,58502360,10264
"ENSG00000168303","MPLKIP",40126023,40134652,8629
"ENSG00000168306","ACOX2",58505136,58537283,32147
"ENSG00000168309","FAM107A",58564117,58627610,63493
"ENSG00000168310","IRF2",184387729,184474550,86821
"ENSG00000168314","MOBP",39467198,39529479,62281
"ENSG00000168329","CX3CR1",39263494,39281735,18241
"ENSG00000168334","XIRP1",39183210,39192596,9386
"ENSG00000168348","INSM2",35534164,35537054,2890
"ENSG00000168350","DEGS2",100143957,100159645,15688
"ENSG00000168356","SCN11A",38845767,39051941,206174
"ENSG00000168374","ARF4",57571363,57598220,26857
"ENSG00000168385","SEPT2",241315100,241354027,38927
"ENSG00000168386","FILIP1L",99830141,100114513,284372
"ENSG00000168389","MFSD2A",39955112,39969968,14856
"ENSG00000168393","DTYMK",241675747,241686944,11197
"ENSG00000168394","TAP1",32845209,32853978,8769
"ENSG00000168395","ING5",241687085,241729478,42393
"ENSG00000168397","ATG4B",241637213,241673857,36644
"ENSG00000168398","BDKRB2",96204679,96244166,39487
"ENSG00000168404","MLKL",74671855,74700960,29105
"ENSG00000168411","RFWD3",74621399,74666877,45478
"ENSG00000168418","KCNG4",84218667,84239750,21083
"ENSG00000168421","RHOH",40191053,40246967,55914
"ENSG00000168427","KLHL30",238138668,238152947,14279
"ENSG00000168434","COG7",23388493,23453189,64696
"ENSG00000168438","CDC40",110180141,110254275,74134
"ENSG00000168439","STIP1",64185272,64204543,19271
"ENSG00000168447","SCNN1B",23278231,23381294,103063
"ENSG00000168453","HR",22114419,22133384,18965
"ENSG00000168454","TXNDC2",9885726,9889275,3549
"ENSG00000168476","REEP4",22138020,22141951,3931
"ENSG00000168477","TNXB",32041153,32115334,74181
"ENSG00000168481","LGI3",22146830,22157084,10254
"ENSG00000168487","BMP1",22165140,22212326,47186
"ENSG00000168488","ATXN2L",28823035,28837237,14202
"ENSG00000168490","PHYHIP",22219703,22232101,12398
"ENSG00000168491","CCDC110",185445182,185471752,26570
"ENSG00000168495","POLR3D",22245133,22254601,9468
"ENSG00000168496","FEN1",61792911,61797238,4327
"ENSG00000168497","SDPR",191834310,191847088,12778
"ENSG00000168502","SOGA2",8705661,8832778,127117
"ENSG00000168505","GBX2",236165236,236168386,3150
"ENSG00000168509","HFE2",146017468,146036746,19278
"ENSG00000168517","HEXIM2",45160700,45170040,9340
"ENSG00000168522","FNTA",43034194,43085788,51594
"ENSG00000168528","SERINC2",31409565,31434680,25115
"ENSG00000168530","MYL1",210290150,210315174,25024
"ENSG00000168538","TRAPPC11",183659267,183713594,54327
"ENSG00000168539","CHRM1",62908679,62921807,13128
"ENSG00000168542","COL3A1",188974320,189012746,38426
"ENSG00000168546","GFRA2",21690398,21812357,121959
"ENSG00000168556","ING2",183505058,183512429,7371
"ENSG00000168564","CDKN2AIP",183444635,183449064,4429
"ENSG00000168566","SNRNP48",7590198,7611967,21769
"ENSG00000168569","TMEM223",62771629,62792021,20392
"ENSG00000168575","SLC20A2",42416475,42541926,125451
"ENSG00000168582","CRYGA",208160740,208163576,2836
"ENSG00000168589","DYNLRB2",80540734,80550811,10077
"ENSG00000168591","TMUB2",44186970,44191929,4959
"ENSG00000168594","ADAM29",174829668,174978180,148512
"ENSG00000168610","STAT3",42313324,42388568,75244
"ENSG00000168612","ZSWIM1",45881227,45885266,4039
"ENSG00000168615","ADAM9",38996869,39105261,108392
"ENSG00000168619","ADAM18",39584489,39730065,145576
"ENSG00000168631","DPCR1",30934523,30954221,19698
"ENSG00000168646","AXIN2",65528563,65561648,33085
"ENSG00000168653","NDUFS5",39026318,39034636,8318
"ENSG00000168658","VWA3B",98087116,98313299,226183
"ENSG00000168661","ZNF30",34926903,34945170,18267
"ENSG00000168671","UGT3A2",36035021,36071358,36337
"ENSG00000168672","FAM84B",126552443,126558478,6035
"ENSG00000168675","C18orf1",13217498,13652755,435257
"ENSG00000168676","KCTD19",67289428,67326760,37332
"ENSG00000168679","SLC16A4",110362851,110391082,28231
"ENSG00000168685","IL7R",35852695,35879603,26908
"ENSG00000168702","LRP1B",140231423,142131701,1900278
"ENSG00000168703","WFDC12",45123425,45124465,1040
"ENSG00000168710","AHCYL1",109984765,110023742,38977
"ENSG00000168724","DNAJC21",34929559,34958964,29405
"ENSG00000168734","PKIG",44531785,44624247,92462
"ENSG00000168743","NPNT",105894775,106004027,109252
"ENSG00000168748","CA7",66844414,66854153,9739
"ENSG00000168754","FAM178B",96875882,96986580,110698
"ENSG00000168758","SEMA4C",96859718,96870757,11039
"ENSG00000168763","CNNM3",96816245,96835382,19137
"ENSG00000168765","GSTM4",109656099,109674836,18737
"ENSG00000168769","TET2",105145875,105279816,133941
"ENSG00000168772","CXXC4",104468308,104494901,26593
"ENSG00000168778","TCTN2",123671113,123708399,37286
"ENSG00000168779","SHOX2",158095954,158106503,10549
"ENSG00000168781","PPIP5K1",43533462,43590253,56791
"ENSG00000168785","TSPAN5",98470367,98658611,188244
"ENSG00000168792","ABHD15",29560547,29567037,6490
"ENSG00000168795","ZBTB5",37438102,37465450,27348
"ENSG00000168803","ADAL",43330657,43354555,23898
"ENSG00000168806","LCMT2",43323649,43330605,6956
"ENSG00000168807","SNTB2",69187129,69309052,121923
"ENSG00000168811","IL12A",159988835,159996019,7184
"ENSG00000168813","ZNF507",32345594,32387667,42073
"ENSG00000168824","NSG1",4348140,4419058,70918
"ENSG00000168826","ZBTB49",4290251,4321786,31535
"ENSG00000168827","GFM1",158644278,158692575,48297
"ENSG00000168828","OR13J1",35869263,35870601,1338
"ENSG00000168830","HTR1E",86937528,87016679,79151
"ENSG00000168843","FSTL5",161383897,162164004,780107
"ENSG00000168852","TPTE2P5",40812309,40921749,109440
"ENSG00000168872","DDX19A",70346861,70373383,26522
"ENSG00000168874","ATOH8",85751344,85791383,40039
"ENSG00000168875","SOX14",137764284,137766338,2054
"ENSG00000168876","ANKRD49",94493979,94499578,5599
"ENSG00000168878","SFTPB",85657314,85668741,11427
"ENSG00000168883","USP39",85602856,85649283,46427
"ENSG00000168884","TNIP2",2741648,2756376,14728
"ENSG00000168887","C2orf68",85605254,85612066,6812
"ENSG00000168890","TMEM150A",85598547,85603196,4649
"ENSG00000168894","RNF181",85595725,85597613,1888
"ENSG00000168899","VAMP5",85584431,85593406,8975
"ENSG00000168903","BTNL3",180988845,181006727,17882
"ENSG00000168904","LRRC28",99251362,99390729,139367
"ENSG00000168906","MAT2A",85539168,85545281,6113
"ENSG00000168907","PLA2G4F",42139034,42156636,17602
"ENSG00000168916","ZNF608",124636913,124748807,111894
"ENSG00000168917","SLC35G2",136818647,136855888,37241
"ENSG00000168918","INPP5D",233059967,233207903,147936
"ENSG00000168924","LETM1",1811479,1856156,44677
"ENSG00000168928","CTRB2",75204103,75207161,3058
"ENSG00000168930","TRIM49",89797655,89808575,10920
"ENSG00000168936","TMEM129",1715952,1721358,5406
"ENSG00000168939","SPRY3",155767812,155782459,14647
"ENSG00000168944","CEP120",123344885,123423592,78707
"ENSG00000168952","STXBP6",24809656,25050297,240641
"ENSG00000168955","TM4SF20",227362156,227381995,19839
"ENSG00000168958","MFF",227325151,227357836,32685
"ENSG00000168959","GRM5",88504576,89065945,561369
"ENSG00000168961","LGALS9",27629798,27649560,19762
"ENSG00000168967","PMCHL1",22142352,22152356,10004
"ENSG00000168970","JMJD7-PLA2G4B",41828095,41848155,20060
"ENSG00000168994","PXDC1",3722614,3752026,29412
"ENSG00000168995","SIGLEC7",51142299,51153526,11227
"ENSG00000169006","NTSR2",11658178,11670195,12017
"ENSG00000169016","E2F6",11444375,11466177,21802
"ENSG00000169018","FEM1B",68277745,68295862,18117
"ENSG00000169021","UQCRFS1",29205320,29213151,7831
"ENSG00000169026","MFSD7",681829,689441,7612
"ENSG00000169031","COL4A3",227164565,227314792,150227
"ENSG00000169032","MAP2K1",66386817,66492312,105495
"ENSG00000169035","KLK7",50976468,50984099,7631
"ENSG00000169040","PMCHL2",71375786,71385993,10207
"ENSG00000169045","HNRNPH1",179614178,179634784,20606
"ENSG00000169047","IRS1",226731317,226799759,68442
"ENSG00000169057","MECP2",154021573,154137103,115530
"ENSG00000169059","VCX3A",6533618,6535118,1500
"ENSG00000169062","UPF3A",114281601,114305817,24216
"ENSG00000169064","ZBBX",167240287,167381346,141059
"ENSG00000169067","ACTBL2",57480018,57482811,2793
"ENSG00000169071","ROR2",91563091,91950228,387137
"ENSG00000169083","AR",67544021,67730619,186598
"ENSG00000169084","DHRSX",2219516,2502805,283289
"ENSG00000169087","HSPBAP1",122739999,122793831,53832
"ENSG00000169093","ASMTL",1403139,1453762,50623
"ENSG00000169100","SLC25A6",1386152,1392113,5961
"ENSG00000169116","PARM1",74933095,75050115,117020
"ENSG00000169118","CSNK1G1",64165525,64356173,190648
"ENSG00000169122","FAM110B",57994509,58204279,209770
"ENSG00000169126","ARMC4",27812164,27999048,186884
"ENSG00000169129","AFAP1L2",114294824,114404756,109932
"ENSG00000169131","ZNF354A",178711512,178730659,19147
"ENSG00000169136","ATF5",49928702,49933935,5233
"ENSG00000169139","UBE2V2",48008415,48064708,56293
"ENSG00000169154","GOT1L1",37934281,37940124,5843
"ENSG00000169155","ZBTB43",126805006,126838210,33204
"ENSG00000169164","XAGE-4",55654709,55657014,2305
"ENSG00000169169","CPT1C",49690898,49713731,22833
"ENSG00000169174","PCSK9",55039548,55064852,25304
"ENSG00000169180","XPO6",28097979,28211920,113941
"ENSG00000169181","GSG1L",27787528,28063714,276186
"ENSG00000169184","MN1",27748277,27801756,53479
"ENSG00000169188","APEX2",55000363,55009057,8694
"ENSG00000169189","NSMCE1",27224994,27268772,43778
"ENSG00000169193","CCDC126",23597382,23644708,47326
"ENSG00000169208","OR10G3",21568520,21580076,11556
"ENSG00000169213","RAB3B",51907956,51990700,82744
"ENSG00000169214","OR6F1",247711436,247716646,5210
"ENSG00000169217","CD2BP2",30350773,30355308,4535
"ENSG00000169218","RSPO1",37611350,37634892,23542
"ENSG00000169220","RGS14",177357924,177372596,14672
"ENSG00000169221","TBC1D10B",30357102,30370494,13392
"ENSG00000169223","LMAN2",177331567,177351668,20101
"ENSG00000169224","GCSAML",247507058,247577690,70632
"ENSG00000169228","RAB24",177301198,177303744,2546
"ENSG00000169230","PRELID1",177303799,177306949,3150
"ENSG00000169231","THBS3",155195588,155209051,13463
"ENSG00000169239","CA5B",15688830,15788411,99581
"ENSG00000169241","SLC50A1",155135344,155138857,3513
"ENSG00000169242","EFNA1",155127876,155134899,7023
"ENSG00000169245","CXCL10",76021118,76023497,2379
"ENSG00000169246","NPIPL3",21402237,21448567,46330
"ENSG00000169247","SH3TC2",148923639,149063163,139524
"ENSG00000169249","ZRSR2",15790472,15823260,32788
"ENSG00000169251","NMD3",161104696,161253532,148836
"ENSG00000169252","ADRB2",148825245,148828687,3442
"ENSG00000169255","B3GALNT1",161083883,161105411,21528
"ENSG00000169258","GPRIN1",176595802,176610156,14354
"ENSG00000169271","HSPB3",54455699,54456377,678
"ENSG00000169282","KCNAB1",156037701,156539138,501437
"ENSG00000169288","MRPL1",77862830,77952785,89955
"ENSG00000169291","SHE",154469772,154502412,32640
"ENSG00000169299","PGM2",37826660,37862937,36277
"ENSG00000169302","STK32A",147234963,147387855,152892
"ENSG00000169306","IL1RAPL1",28587399,29956723,1369324
"ENSG00000169327","OR5AU1",21148370,21159060,10690
"ENSG00000169330","KIAA1024",79432516,79472290,39774
"ENSG00000169340","PDILT",20359170,20404737,45567
"ENSG00000169344","UMOD",20333052,20356301,23249
"ENSG00000169347","GP2",20309572,20327808,18236
"ENSG00000169359","SLC33A1",155821024,155854456,33432
"ENSG00000169371","SNUPN",75598083,75626469,28386
"ENSG00000169372","CRADD",93677375,93894840,217465
"ENSG00000169375","SIN3A",75369379,75455842,86463
"ENSG00000169379","ARL13B",93980139,94055668,75529
"ENSG00000169397","RNASE3",20891399,20892348,949
"ENSG00000169398","PTK2",140657900,141002216,344316
"ENSG00000169402","RSPH10B2",6754109,6799365,45256
"ENSG00000169403","PTAFR",28147166,28193936,46770
"ENSG00000169410","PTPN9",75463251,75579289,116038
"ENSG00000169413","RNASE6",20781268,20782467,1199
"ENSG00000169418","NPR1",153678688,153693992,15304
"ENSG00000169427","KCNK9",139600838,139704109,103271
"ENSG00000169429","IL8",73740541,73743716,3175
"ENSG00000169432","SCN9A",166195185,166376001,180816
"ENSG00000169436","COL22A1",138588235,138914041,325806
"ENSG00000169439","SDC2",96493813,96611790,117977
"ENSG00000169446","MMGT1",135962070,135974063,11993
"ENSG00000169474","SPRR1A",152985231,152985500,269
"ENSG00000169484","OR4K14",20014143,20019307,5164
"ENSG00000169488","OR4K15",19975444,19976659,1215
"ENSG00000169490","TM2D2",38988808,38996824,8016
"ENSG00000169495","HTRA4",38974228,38988663,14435
"ENSG00000169499","PLEKHA2",38901235,38973912,72677
"ENSG00000169504","CLIC4",24745382,24844321,98939
"ENSG00000169507","SLC38A11",164896186,164955525,59339
"ENSG00000169508","GPR183",99294539,99307399,12860
"ENSG00000169515","CCDC8",46410329,46413564,3235
"ENSG00000169519","METTL15",28108248,28527041,418793
"ENSG00000169548","ZNF280A",22513736,22520270,6534
"ENSG00000169550","MUC15",26559032,26572263,13231
"ENSG00000169551","CXorf48",135156536,135171398,14862
"ENSG00000169554","ZEB2",144364364,144521057,156693
"ENSG00000169562","GJB1",71215194,71225215,10021
"ENSG00000169564","PCBP1",70087454,70089203,1749
"ENSG00000169570","DTWD2",118836074,118988547,152473
"ENSG00000169575","VPREB1",22244675,22245515,840
"ENSG00000169583","CLIC3",136994635,136996803,2168
"ENSG00000169592","INO80E",29995715,30005793,10078
"ENSG00000169594","BNC1",83255903,83284714,28811
"ENSG00000169598","DFFB",3857267,3885429,28162
"ENSG00000169599","NFU1",69395750,69437628,41878
"ENSG00000169604","ANTXR1",69013178,69249327,236149
"ENSG00000169607","CKAP2L",112736349,112764664,28315
"ENSG00000169609","C15orf40",82988441,83011641,23200
"ENSG00000169612","FAM103A1",82986210,82991057,4847
"ENSG00000169618","PROKR1",68643589,68658247,14658
"ENSG00000169621","APLF",68467572,68655862,188290
"ENSG00000169629","RGPD8",112370092,112434488,64396
"ENSG00000169635","HIC2",21417371,21451463,34092
"ENSG00000169641","LUZP1",23084023,23177808,93785
"ENSG00000169660","HEXDC",82418318,82442645,24327
"ENSG00000169676","DRD5",9781680,9784009,2329
"ENSG00000169679","BUB1",110637528,110678063,40535
"ENSG00000169682","SPNS1",28974221,28984548,10327
"ENSG00000169683","LRRC45",82023305,82031151,7846
"ENSG00000169684","CHRNA5",78565520,78595269,29749
"ENSG00000169696","ASPSCR1",81976807,82017406,40599
"ENSG00000169710","FASN",82078338,82098294,19956
"ENSG00000169715","MT1E",56625475,56627112,1637
"ENSG00000169717","ACTRT2",3021483,3022903,1420
"ENSG00000169718","DUS1L",82057506,82065887,8381
"ENSG00000169727","GPS1",82050691,82057470,6779
"ENSG00000169733","RFNG",82047902,82051831,3929
"ENSG00000169740","ZNF32",43643860,43648881,5021
"ENSG00000169744","LDB2",16501541,16898678,397137
"ENSG00000169752","NRG4",75935969,76059795,123826
"ENSG00000169756","LIMS1",108534355,108687246,152891
"ENSG00000169758","C15orf27",76059958,76229121,169163
"ENSG00000169760","NLGN1",173396284,174286644,890360
"ENSG00000169762","TAPT1",16160505,16227410,66905
"ENSG00000169764","UGP2",63840940,63891562,50622
"ENSG00000169777","TAS2R1",9628997,9712378,83381
"ENSG00000169783","LINGO1",77613027,77820900,207873
"ENSG00000169813","HNRNPF",43385617,43409166,23549
"ENSG00000169814","BTD",15601341,15647640,46299
"ENSG00000169826","CSGALNACT2",43138445,43185302,46857
"ENSG00000169836","TACR3",103586031,103719985,133954
"ENSG00000169840","GSX1",27792643,27794768,2125
"ENSG00000169851","PCDH7",30720415,31146805,426390
"ENSG00000169855","ROBO1",78597239,79767998,1170759
"ENSG00000169856","ONECUT1",52756989,52791078,34089
"ENSG00000169857","AVEN",33866227,34039204,172977
"ENSG00000169860","P2RY1",152835131,152841439,6308
"ENSG00000169862","CTNND2",10971836,11904446,932610
"ENSG00000169871","TRIM56",101085481,101097967,12486
"ENSG00000169876","MUC17",101020072,101058745,38673
"ENSG00000169877","AHSP",31527900,31528803,903
"ENSG00000169884","WNT10B",48965340,48971735,6395
"ENSG00000169885","CALML6",1915108,1917296,2188
"ENSG00000169891","REPS2",16946658,17153272,206614
"ENSG00000169894","MUC3A",100949534,100968347,18813
"ENSG00000169895","SYAP1",16719612,16765340,45728
"ENSG00000169896","ITGAM",31259967,31332892,72925
"ENSG00000169902","TPST1",66205317,66420543,215226
"ENSG00000169905","TOR1AIP2",179839967,179877803,37836
"ENSG00000169908","TM4SF1",149369022,149377692,8670
"ENSG00000169914","OTUD3",19882395,19912945,30550
"ENSG00000169918","OTUD7A",31475398,31870789,395391
"ENSG00000169919","GUSB",65960684,65982215,21531
"ENSG00000169925","BRD3",134030305,134068535,38230
"ENSG00000169933","FRMPD4",11822423,12724523,902100
"ENSG00000169946","ZFPM2",104590733,105804539,1213806
"ENSG00000169955","ZNF747",30530367,30535347,4980
"ENSG00000169957","ZNF768",30524004,30526821,2817
"ENSG00000169962","TAS1R3",1331280,1335314,4034
"ENSG00000169967","MAP3K2",127298730,127388465,89735
"ENSG00000169976","SF3B5",144094881,144095573,692
"ENSG00000169981","ZNF35",44648732,44660791,12059
"ENSG00000169989","TIGD4",152769354,152779764,10410
"ENSG00000169991","IFFO2",18904280,18956676,52396
"ENSG00000169992","NLGN2",7404874,7419860,14986
"ENSG00000169994","MYO7B",127535802,127637729,101927
"ENSG00000170004","CHD3",7884806,7912760,27954
"ENSG00000170011","MYRIP",39808914,40260321,451407
"ENSG00000170017","ALCAM",105366909,105576900,209991
"ENSG00000170027","YWHAG",76326799,76358991,32192
"ENSG00000170035","UBE2E3",180967248,181076585,109337
"ENSG00000170037","CNTROB",7932101,7949918,17817
"ENSG00000170043","TRAPPC1",7930345,7932123,1778
"ENSG00000170044","ZPLD1",102099244,102479841,380597
"ENSG00000170049","KCNAB3",7921859,7929803,7944
"ENSG00000170054","SERPINA9",94462717,94479689,16972
"ENSG00000170074","FAM153A",177707981,177783398,75417
"ENSG00000170075","GPR37L1",202122917,202133592,10675
"ENSG00000170085","C5orf25",176238367,176345991,107624
"ENSG00000170088","TMEM192",165070608,165208549,137941
"ENSG00000170091","HMP19",174045706,174243501,197795
"ENSG00000170099","SERPINA6",94304248,94323389,19141
"ENSG00000170100","ZNF778",89217703,89237071,19368
"ENSG00000170113","NIPA1",22773063,22829789,56726
"ENSG00000170122","FOXD4",116231,118204,1973
"ENSG00000170128","GPR25",200872955,200874178,1223
"ENSG00000170142","UBE2E1",23805903,23891316,85413
"ENSG00000170144","HNRNPA3",177212563,177223958,11395
"ENSG00000170145","SIK2",111602449,111730855,128406
"ENSG00000170153","RNF150",140859807,141212877,353070
"ENSG00000170160","CCDC144A",16689537,16777881,88344
"ENSG00000170161","MGC21881",62897368,62900104,2736
"ENSG00000170162","VGLL2",117265558,117273565,8007
"ENSG00000170166","HOXD4",176151550,176153226,1676
"ENSG00000170175","CHRNB1",7445061,7457710,12649
"ENSG00000170180","GYPA",144109303,144140751,31448
"ENSG00000170185","USP38",143184917,143223830,38913
"ENSG00000170190","SLC16A5",75087727,75106162,18435
"ENSG00000170191","NANP",25612935,25624014,11079
"ENSG00000170209","ANKK1",113387791,113400418,12627
"ENSG00000170214","ADRA1B",159865080,159973012,107932
"ENSG00000170222","ADPRM",10697594,10711233,13639
"ENSG00000170231","FABP6",160187367,160238735,51368
"ENSG00000170234","PWWP2A",160061801,160119450,57649
"ENSG00000170236","USP50",50500562,50546708,46146
"ENSG00000170242","USP47",11841423,11959323,117900
"ENSG00000170248","PDCD6IP",33798571,33869707,71136
"ENSG00000170255","MRGPRX1",18933813,18939507,5694
"ENSG00000170260","ZNF212",149239651,149255609,15958
"ENSG00000170262","MRAP",32291813,32314784,22971
"ENSG00000170264","FAM161A",61824848,61854143,29295
"ENSG00000170265","ZNF282",149195546,149226238,30692
"ENSG00000170266","GLB1",32996609,33097202,100593
"ENSG00000170270","C14orf142",93202894,93207065,4171
"ENSG00000170271","C5orf4",154818492,154859252,40760
"ENSG00000170275","CRTAP",33113979,33147773,33794
"ENSG00000170279","C7orf33",148590766,148615860,25094
"ENSG00000170289","CNGB3",86553977,86743675,189698
"ENSG00000170291","ELP5",7251416,7259940,8524
"ENSG00000170296","GABARAP",7240008,7242449,2441
"ENSG00000170298","LGALS9B",20449395,20467539,18144
"ENSG00000170310","STX8",9250471,9576591,326120
"ENSG00000170312","CDK1",60778331,60794852,16521
"ENSG00000170322","NFRKB",129863636,129895590,31954
"ENSG00000170324","FRMPD2",48153088,48274696,121608
"ENSG00000170325","PRDM10",129899706,130002835,103129
"ENSG00000170340","B3GNT2",62196115,62224731,28616
"ENSG00000170345","FOS",75278826,75282230,3404
"ENSG00000170348","TMED10",75131469,75176612,45143
"ENSG00000170364","SETMAR",4303304,4317567,14263
"ENSG00000170365","SMAD1",145481194,145559176,77982
"ENSG00000170367","CST5",23875934,23879748,3814
"ENSG00000170369","CST2",23823769,23826729,2960
"ENSG00000170370","EMX2",117542445,117549546,7101
"ENSG00000170373","CST1",23747553,23751268,3715
"ENSG00000170374","SP7",53326575,53345315,18740
"ENSG00000170379","FAM115C",143620952,143730409,109457
"ENSG00000170381","SEMA3E",83363238,83649139,285901
"ENSG00000170382","LRRN2",204617170,204685738,68568
"ENSG00000170385","SLC30A1",211571568,211579161,7593
"ENSG00000170390","DCLK2",150078445,150257438,178993
"ENSG00000170396","ZNF804A",184598529,184939492,340963
"ENSG00000170412","GPRC5C",74424851,74451653,26802
"ENSG00000170417","TMEM182",102736905,103019900,282995
"ENSG00000170419","VSTM2A",54542325,54571080,28755
"ENSG00000170421","KRT8",52897187,52949954,52767
"ENSG00000170423","KRT78",52837804,52849092,11288
"ENSG00000170426","SDR9C7",56923133,56934408,11275
"ENSG00000170430","MGMT",129467190,129770983,303793
"ENSG00000170439","METTL7B",55681678,55684611,2933
"ENSG00000170442","KRT86",52249300,52309163,59863
"ENSG00000170445","HARS",140673904,140691537,17633
"ENSG00000170448","NFXL1",47847233,47914667,67434
"ENSG00000170454","KRT75",52424070,52434371,10301
"ENSG00000170456","DENND5B",31382226,31591136,208910
"ENSG00000170458","CD14",140631728,140633701,1973
"ENSG00000170464","DNAJC18",139408588,139444491,35903
"ENSG00000170465","KRT6C",52468516,52473805,5289
"ENSG00000170469","SPATA24",139396563,139404088,7525
"ENSG00000170471","RALGAPB",38472816,38578859,106043
"ENSG00000170476","MZB1",139387480,139390081,2601
"ENSG00000170477","KRT4",52806549,52814116,7567
"ENSG00000170482","SLC23A1",139367196,139384553,17357
"ENSG00000170484","KRT74",52565782,52573825,8043
"ENSG00000170485","NPAS2",100820139,100996829,176690
"ENSG00000170486","KRT72",52585589,52601538,15949
"ENSG00000170498","KISS1",204190341,204196491,6150
"ENSG00000170500","LONRF2",100273291,100322733,49442
"ENSG00000170502","NUDT9",87422573,87459455,36882
"ENSG00000170509","HSD17B13",87303789,87322886,19097
"ENSG00000170515","PA2G4",56104537,56113910,9373
"ENSG00000170516","COX7B2",46734827,46909245,174418
"ENSG00000170522","ELOVL6",110045846,110199199,153353
"ENSG00000170523","KRT83",52314301,52321398,7097
"ENSG00000170525","PFKFB3",6144934,6254644,109710
"ENSG00000170537","TMC7",18983934,19063942,80008
"ENSG00000170540","ARL6IP1",18791669,18801572,9903
"ENSG00000170542","SERPINB9",2887270,2903309,16039
"ENSG00000170549","IRX1",3595832,3601403,5571
"ENSG00000170558","CDH2",27950966,28177130,226164
"ENSG00000170571","EMB",50396192,50443248,47056
"ENSG00000170579","DLGAP1",3496032,4455307,959275
"ENSG00000170581","STAT2",56341597,56360167,18570
"ENSG00000170584","NUDCD2",163446526,163460102,13576
"ENSG00000170604","IRF2BP1",45883608,45886141,2533
"ENSG00000170605","OR9K2",55126406,55132750,6344
"ENSG00000170606","HSPA4",133052013,133106449,54436
"ENSG00000170608","FOXA3",45863989,45873797,9808
"ENSG00000170613","FAM71B",157161846,157166264,4418
"ENSG00000170615","SLC26A5",103352730,103446177,93447
"ENSG00000170619","COMMD5",144841042,144853736,12694
"ENSG00000170624","SGCD",155870344,156767788,897444
"ENSG00000170627","GTSF1",54455950,54473602,17652
"ENSG00000170629","DPY19L2P2",103175133,103280410,105277
"ENSG00000170631","ZNF16",144930358,144950888,20530
"ENSG00000170632","ARMC10",103074881,103099759,24878
"ENSG00000170633","RNF34",121400041,121430623,30582
"ENSG00000170634","ACYP2",53970838,54305300,334462
"ENSG00000170638","TRABD",50185915,50199598,13683
"ENSG00000170653","ATF7",53507856,53626410,118554
"ENSG00000170677","SOCS6",70289045,70330199,41154
"ENSG00000170681","MURC",100578079,100587906,9827
"ENSG00000170683","OR10A3",7937171,7941708,4537
"ENSG00000170684","ZNF296",45071500,45076587,5087
"ENSG00000170689","HOXB9",48621156,48626358,5202
"ENSG00000170703","TTLL6",48762235,48817214,54979
"ENSG00000170734","POLH",43576150,43615660,39510
"ENSG00000170743","SYT9",7238778,7469043,230265
"ENSG00000170745","KCNS3",17877847,18361616,483769
"ENSG00000170748","RBMXL2",7089027,7090900,1873
"ENSG00000170759","KIF5B",32009015,32056425,47410
"ENSG00000170775","GPR37",124745997,124765627,19630
"ENSG00000170776","AKAP13",85380571,85749358,368787
"ENSG00000170779","CDCA4",105009573,105021148,11575
"ENSG00000170782","OR10A4",6876625,6877619,994
"ENSG00000170786","SDR16C5",56300010,56320776,20766
"ENSG00000170788","DYDC1",80336105,80356755,20650
"ENSG00000170790","OR10A2",6863057,6874717,11660
"ENSG00000170801","HTRA3",8269754,8307098,37344
"ENSG00000170802","FOXN2",48314637,48379295,64658
"ENSG00000170807","LMOD2",123655866,123664290,8424
"ENSG00000170819","BFSP2",133399995,133475222,75227
"ENSG00000170820","FSHR",48962157,49154537,192380
"ENSG00000170827","CELP",133079900,133087355,7455
"ENSG00000170832","USP32",60177327,60422470,245143
"ENSG00000170835","CEL",133061978,133071861,9883
"ENSG00000170836","PPM1D",60600183,60666280,66097
"ENSG00000170837","GPR27",71754050,71756496,2446
"ENSG00000170848","PSG6",42902079,42919563,17484
"ENSG00000170852","KBTBD2",32868172,32894131,25959
"ENSG00000170854","MINA",97941818,97972457,30639
"ENSG00000170855","TRIAP1",120443964,120446384,2420
"ENSG00000170860","LSM3",14178817,14201122,22305
"ENSG00000170871","KIAA0232",6781375,6884170,102795
"ENSG00000170873","MTSS1",124550790,124728429,177639
"ENSG00000170876","TMEM43",14124940,14143679,18739
"ENSG00000170881","RNF139",124474738,124487914,13176
"ENSG00000170889","RPS9",54200809,54249003,48194
"ENSG00000170890","PLA2G1B",120322115,120327779,5664
"ENSG00000170892","TSEN34",54189938,54194536,4598
"ENSG00000170893","TRH",129974688,129977935,3247
"ENSG00000170899","GSTA4",52977948,52995304,17356
"ENSG00000170903","MSANTD4",105995623,106022403,26780
"ENSG00000170906","NDUFA3",54102728,54109257,6529
"ENSG00000170909","OSCAR",54094668,54102692,8024
"ENSG00000170915","PAQR8",52361421,52407777,46356
"ENSG00000170917","NUDT6",122888697,122922968,34271
"ENSG00000170919","TPT1-AS1",45341345,45417975,76630
"ENSG00000170920","OR7G3",9126012,9126950,938
"ENSG00000170921","TANC2",63009556,63427699,418143
"ENSG00000170923","OR7G2",9100407,9107475,7068
"ENSG00000170925","TEX13B",107980864,107982370,1506
"ENSG00000170927","PKHD1",51615300,52087625,472325
"ENSG00000170929","OR1M1",9087061,9095669,8608
"ENSG00000170946","DNAJC24",31369840,31432835,62995
"ENSG00000170948","MBD3L1",8832398,8843340,10942
"ENSG00000170949","ZNF160",53066606,53103436,36830
"ENSG00000170950","PGK2",49785651,49787307,1656
"ENSG00000170953","OR8B12",124539635,124545333,5698
"ENSG00000170954","ZNF415",53107879,53133077,25198
"ENSG00000170955","PRKCDBP",6318946,6320532,1586
"ENSG00000170956","CEACAM3",41796587,41811554,14967
"ENSG00000170959","DCDC5",30830369,31369810,539441
"ENSG00000170961","HAS2",121612116,121641440,29324
"ENSG00000170965","PLAC1",134565838,134764322,198484
"ENSG00000170967","DDI1",104036580,104039188,2608
"ENSG00000170989","S1PR1",101236865,101243713,6848
"ENSG00000171004","HS6ST2",132626016,132961395,335379
"ENSG00000171014","OR4D5",123939543,123940637,1094
"ENSG00000171016","PYGO1",55538890,55588947,50057
"ENSG00000171017","LRRC8E",7888505,7902021,13516
"ENSG00000171033","PKIA",78516340,78605267,88927
"ENSG00000171044","XKR6",10896045,11201366,305321
"ENSG00000171045","TSNARE1",142212080,142403182,191102
"ENSG00000171049","FPR2",51752026,51770531,18505
"ENSG00000171051","FPR1",51745172,51804110,58938
"ENSG00000171054","OR13H1",131543976,131545056,1080
"ENSG00000171055","FEZ2",36531805,36646087,114282
"ENSG00000171056","SOX7",10723768,10730511,6743
"ENSG00000171060","C8orf74",10672628,10700590,27962
"ENSG00000171067","C11orf24",68261338,68272001,10663
"ENSG00000171084","FAM86JP",125916620,125930024,13404
"ENSG00000171094","ALK",29192774,29921586,728812
"ENSG00000171097","CCBL1",128832942,128882494,49552
"ENSG00000171100","MTM1",150568619,150673322,104703
"ENSG00000171102","OBP2B",133205277,133209250,3973
"ENSG00000171103","TRMT61B",28849821,28870309,20488
"ENSG00000171105","INSR",7112255,7294414,182159
"ENSG00000171109","MFN1",179347709,179394936,47227
"ENSG00000171115","GIMAP8",150450630,150479393,28763
"ENSG00000171121","KCNMB3",179236691,179267002,30311
"ENSG00000171124","FUT3",5842888,5851474,8586
"ENSG00000171126","KCNG3",42442017,42493982,51965
"ENSG00000171130","ATP6V0E2",149872968,149891204,18236
"ENSG00000171132","PRKCE",45651345,46187990,536645
"ENSG00000171133","OR2K2",111327483,111330183,2700
"ENSG00000171135","JAGN1",9890574,9894349,3775
"ENSG00000171148","TADA3",9779860,9793011,13151
"ENSG00000171150","SOCS5",46698952,46780245,81293
"ENSG00000171155","C1GALT1C1",120625674,120630054,4380
"ENSG00000171160","MORN4",97614553,97633500,18947
"ENSG00000171161","ZNF672",248838210,248849517,11307
"ENSG00000171163","ZNF692",248850006,248859144,9138
"ENSG00000171169","NAIF1",128061233,128068206,6973
"ENSG00000171174","RBKS",27781379,27890681,109302
"ENSG00000171180","OR2M4",248231417,248244679,13262
"ENSG00000171189","GRIK1",29536933,29940033,403100
"ENSG00000171195","MUC7",70430492,70482997,52505
"ENSG00000171199","PROL1",70397931,70410195,12264
"ENSG00000171201","SMR3B",70370093,70390244,20151
"ENSG00000171202","TMEM126A",85647967,85656547,8580
"ENSG00000171204","TMEM126B",85628573,85636539,7966
"ENSG00000171206","TRIM8",102642310,102660680,18370
"ENSG00000171208","NETO2",47077703,47143997,66294
"ENSG00000171209","CSN3",70242588,70251428,8840
"ENSG00000171219","CDC42BPG",64823052,64844653,21601
"ENSG00000171223","JUNB",12791486,12793315,1829
"ENSG00000171227","TMEM37",119429901,119438504,8603
"ENSG00000171234","UGT2B7",69051363,69112987,61624
"ENSG00000171236","LRG1",4536402,4540036,3634
"ENSG00000171241","SHCBP1",46578591,46621379,42788
"ENSG00000171246","NPTX1",80466834,80477843,11009
"ENSG00000171262","FAM98B",38454127,38487710,33583
"ENSG00000171291","ZNF439",11848726,11883750,35024
"ENSG00000171295","ZNF440",11814284,11835201,20917
"ENSG00000171298","GAA",80101556,80119881,18325
"ENSG00000171302","CANT1",78991716,79009867,18151
"ENSG00000171303","KCNK3",26692690,26733420,40730
"ENSG00000171307","ZDHHC16",97446170,97457370,11200
"ENSG00000171310","CHST11",104455295,104762014,306719
"ENSG00000171311","EXOSC1",97436142,97446017,9875
"ENSG00000171314","PGAM1",97426191,97433444,7253
"ENSG00000171316","CHD7",60678740,60868028,189288
"ENSG00000171320","ESCO2",27771949,27812640,40691
"ENSG00000171345","KRT19",41523617,41528308,4691
"ENSG00000171346","KRT15",41513745,41522529,8784
"ENSG00000171360","KRT38",41436446,41440921,4475
"ENSG00000171365","CLCN5",49922596,50099235,176639
"ENSG00000171368","TPPP",659862,693352,33490
"ENSG00000171385","KCND3",111770662,111989155,218493
"ENSG00000171388","APLN",129645259,129654956,9697
"ENSG00000171396","KRTAP4-4",41159651,41160731,1080
"ENSG00000171401","KRT13",41500981,41505705,4724
"ENSG00000171403","KRT9",41565836,41572059,6223
"ENSG00000171405","XAGE5",52812204,52818301,6097
"ENSG00000171408","PDE7B",135851701,136195574,343873
"ENSG00000171428","NAT1",18170477,18223689,53212
"ENSG00000171431","KRT20",40875941,40885227,9286
"ENSG00000171433","GLOD5",48761747,48773648,11901
"ENSG00000171435","KSR2",117453012,117968983,515971
"ENSG00000171444","MCC",113022099,113488823,466724
"ENSG00000171446","KRT27",40776808,40782534,5726
"ENSG00000171448","ZBTB26",122915566,122931512,15946
"ENSG00000171451","DSEL",67506587,67516720,10133
"ENSG00000171453","POLR1C",43509702,43562419,52717
"ENSG00000171456","ASXL1",32358330,32439319,80989
"ENSG00000171459","OR1L6",122742303,122750783,8480
"ENSG00000171466","ZNF562",9641807,9675100,33293
"ENSG00000171467","ZNF318",43307134,43369647,62513
"ENSG00000171469","ZNF561",9604680,9621236,16556
"ENSG00000171475","WIPF2",40219304,40284136,64832
"ENSG00000171481","OR1L3",122675036,122676153,1117
"ENSG00000171483","SSX6",48107992,48120210,12218
"ENSG00000171487","NLRP5",55999726,56061813,62087
"ENSG00000171488","LRRC8C",89633072,89769903,136831
"ENSG00000171490","RSL1D1",11833850,11851580,17730
"ENSG00000171492","LRRC8D",89821014,89936611,115597
"ENSG00000171495","HEATR7B2",40998017,41071342,73325
"ENSG00000171496","OR1L8",122567117,122583384,16267
"ENSG00000171497","PPID",158709127,158723396,14269
"ENSG00000171501","OR1N2",122553112,122554214,1102
"ENSG00000171502","COL24A1",85729233,86156943,427710
"ENSG00000171503","ETFDH",158672125,158709623,37498
"ENSG00000171505","OR1N1",122526358,122527296,938
"ENSG00000171509","RXFP1",158315311,158653372,338061
"ENSG00000171522","PTGER4",40679915,40693735,13820
"ENSG00000171532","NEUROD2",39603536,39609777,6241
"ENSG00000171533","MAP6",75586918,75669120,82202
"ENSG00000171540","OTP",77628712,77639688,10976
"ENSG00000171551","ECEL1",232479827,232487834,8007
"ENSG00000171552","BCL2L1",31664452,31723989,59537
"ENSG00000171557","FGG",154604134,154612967,8833
"ENSG00000171560","FGA",154583128,154590745,7617
"ENSG00000171561","OR2AT4",75081753,75096876,15123
"ENSG00000171564","FGB",154562956,154571086,8130
"ENSG00000171566","PLRG1",154535005,154550400,15395
"ENSG00000171574","ZNF584",58401504,58418327,16823
"ENSG00000171587","DSCAM",40010999,40847158,836159
"ENSG00000171595","DNAI2",74274234,74314884,40650
"ENSG00000171596","NMUR1",231523187,231530445,7258
"ENSG00000171603","CLSTN1",9729026,9824526,95500
"ENSG00000171604","CXXC5",139647299,139683882,36583
"ENSG00000171606","ZNF274",58183029,58213562,30533
"ENSG00000171608","PIK3CD",9651732,9729114,77382
"ENSG00000171611","PTCRA",42915989,42925835,9846
"ENSG00000171612","SLC25A33",9539465,9585173,45708
"ENSG00000171617","ENC1",74627406,74641424,14018
"ENSG00000171621","SPSB1",9292894,9369532,76638
"ENSG00000171631","P2RY6",73264505,73298617,34112
"ENSG00000171634","BPTF",67825503,67984378,158875
"ENSG00000171643","S100Z",76850001,76921650,71649
"ENSG00000171649","ZIK1",57578456,57593890,15434
"ENSG00000171659","GPR34",41688973,41697275,8302
"ENSG00000171671","SHANK2-AS3",70862790,70865115,2325
"ENSG00000171680","PLEKHG5",6466092,6520061,53969
"ENSG00000171681","ATF7IP",14365632,14502935,137303
"ENSG00000171703","TCEA2",64049836,64072347,22511
"ENSG00000171714","ANO5",21799934,22283357,483423
"ENSG00000171720","HDAC3",141620876,141636849,15973
"ENSG00000171722","C1orf111",162373203,162376870,3667
"ENSG00000171723","GPHN",66507407,67181803,674396
"ENSG00000171724","VAT1L",77788564,77980107,191543
"ENSG00000171729","TMEM51",15152532,15220478,67946
"ENSG00000171735","CAMTA1",6785454,7769706,984252
"ENSG00000171747","LGALS4",38801671,38812945,11274
"ENSG00000171757","LRRC34",169793428,169812986,19558
"ENSG00000171759","PAH",102836889,102958410,121521
"ENSG00000171763","SPATA5L1",45402336,45421415,19079
"ENSG00000171766","GATM",45361124,45402327,41203
"ENSG00000171772","SYCE1",133553901,133569835,15934
"ENSG00000171773","NXNL1",17455425,17460954,5529
"ENSG00000171777","RASGRP4",38409051,38426305,17254
"ENSG00000171786","NHLH1",160367071,160372846,5775
"ENSG00000171790","SLFNL1",41015597,41023237,7640
"ENSG00000171792","RHNO1",2876258,2889524,13266
"ENSG00000171793","CTPS1",40979688,41012565,32877
"ENSG00000171798","KNDC1",133160219,133226412,66193
"ENSG00000171804","WDR87",37884823,37906677,21854
"ENSG00000171806","METTL18",169792529,169794963,2434
"ENSG00000171811","TTC40",132808392,132942823,134431
"ENSG00000171812","COL8A2",36095239,36125222,29983
"ENSG00000171815","PCDHB1",141051135,141059344,8209
"ENSG00000171817","ZNF540",37551406,37614179,62773
"ENSG00000171819","ANGPTL7",11189355,11195981,6626
"ENSG00000171823","FBXL14",1565993,1594581,28588
"ENSG00000171824","EXOSC10",11066618,11099869,33251
"ENSG00000171827","ZNF570",37467585,37488652,21067
"ENSG00000171840","NINJ2",564296,663779,99483
"ENSG00000171843","MLLT3",20341669,20622518,280849
"ENSG00000171847","FAM90A1",8221260,8227618,6358
"ENSG00000171848","RRM2",10120698,10211725,91027
"ENSG00000171853","TRAPPC12",3379675,3485094,105419
"ENSG00000171855","IFNB1",21077104,21077942,838
"ENSG00000171858","RPS21",62387103,62388520,1417
"ENSG00000171860","C3AR1",8058302,8066471,8169
"ENSG00000171861","RNMTL1",782353,792509,10156
"ENSG00000171862","PTEN",87863625,87971930,108305
"ENSG00000171864","PRND",4721909,4728460,6551
"ENSG00000171867","PRNP",4686236,4701590,15354
"ENSG00000171872","KLF17",44118850,44135140,16290
"ENSG00000171873","ADRA1D",4220631,4249074,28443
"ENSG00000171877","FRMD5",43870761,44195271,324510
"ENSG00000171885","AQP4",26852043,26865771,13728
"ENSG00000171903","CYP4F11",15912367,15934867,22500
"ENSG00000171914","TLN2",62390526,62844631,454105
"ENSG00000171916","LGALS9C",18476737,18494945,18208
"ENSG00000171931","FBXW10",18744024,18779349,35325
"ENSG00000171936","OR10H3",15737985,15742343,4358
"ENSG00000171940","ZNF217",53567065,53609907,42842
"ENSG00000171942","OR10H2",15728020,15729060,1040
"ENSG00000171944","OR52A5",5128776,5138356,9580
"ENSG00000171951","SCG2",223596940,223602361,5421
"ENSG00000171954","CYP4F22",15508525,15552317,43792
"ENSG00000171960","PPIH",42658423,42676758,18335
"ENSG00000171962","LRRC48",17972813,18016889,44076
"ENSG00000171970","ZNF57",2900898,2918473,17575
"ENSG00000171984","C20orf196",5750393,5864395,114002
"ENSG00000171987","C11orf40",4571423,4577820,6397
"ENSG00000171988","JMJD1C",63167221,63521850,354629
"ENSG00000171992","SYNPO",150601080,150659207,58127
"ENSG00000172000","ZNF556",2867335,2883445,16110
"ENSG00000172005","MAL",95025677,95053992,28315
"ENSG00000172006","ZNF554",2819874,2835773,15899
"ENSG00000172009","THOP1",2785503,2815807,30304
"ENSG00000172014","ANKRD20A4",64369394,64413142,43748
"ENSG00000172016","REG3A",79157003,79159753,2750
"ENSG00000172020","GAP43",115623324,115721490,98166
"ENSG00000172023","REG1B",79085030,79088019,2989
"ENSG00000172031","EPHX4",92029985,92063538,33553
"ENSG00000172037","LAMB2",49121114,49133118,12004
"ENSG00000172046","USP19",49108046,49120938,12892
"ENSG00000172053","QARS",49095932,49105130,9198
"ENSG00000172057","ORMDL3",39921041,39927601,6560
"ENSG00000172059","KLF11",10042849,10054836,11987
"ENSG00000172061","LRRC15",194355247,194369743,14496
"ENSG00000172071","EIF2AK3",88556740,88627464,70724
"ENSG00000172073","C2orf51",88524649,88529585,4936
"ENSG00000172113","NME6",48290722,48301685,10963
"ENSG00000172116","CD8B",86815339,86861924,46585
"ENSG00000172123","SLFN12",35411060,35433283,22223
"ENSG00000172137","CALB2",71358713,71390436,31723
"ENSG00000172139","SLC9C1",112140898,112294227,153329
"ENSG00000172146","OR1A1",3207539,3218896,11357
"ENSG00000172148","OR7A2P",14863714,14867358,3644
"ENSG00000172150","OR1A2",3197519,3198448,929
"ENSG00000172154","OR8I2",56093277,56094286,1009
"ENSG00000172155","LCE1D",152796751,152798181,1430
"ENSG00000172156","CCL11",34285668,34288334,2666
"ENSG00000172159","FRMD3",83242990,83538546,295556
"ENSG00000172164","SNTB1",120535745,120813273,277528
"ENSG00000172167","MTBP",120445400,120542133,96733
"ENSG00000172171","TEFM",30897336,30906238,8902
"ENSG00000172172","MRPL13",120380761,120445402,64641
"ENSG00000172175","MALT1",58671465,58754477,83012
"ENSG00000172183","ISG20",88636153,88656483,20330
"ENSG00000172188","OR4C11",55602360,55607645,5285
"ENSG00000172197","MBOAT1",20102145,20212399,110254
"ENSG00000172199","OR8U1",56375624,56376553,929
"ENSG00000172208","OR4X2",48245056,48246080,1024
"ENSG00000172209","GPR22",107470018,107475684,5666
"ENSG00000172215","CXCR6",45940933,45948351,7418
"ENSG00000172232","AZU1",825097,832018,6921
"ENSG00000172236","TPSAB1",1240705,1242554,1849
"ENSG00000172238","ATOH1",93828753,93830964,2211
"ENSG00000172243","CLEC7A",10116777,10130258,13481
"ENSG00000172244","C5orf34",43486709,43515148,28439
"ENSG00000172247","C1QTNF4",47589667,47594411,4744
"ENSG00000172260","NEGR1",71395943,72282539,886596
"ENSG00000172262","ZNF131",43065176,43192021,126845
"ENSG00000172264","MACROD2",13995369,16053197,2057828
"ENSG00000172269","DPAGT1",119096503,119108331,11828
"ENSG00000172270","BSG",571277,583493,12216
"ENSG00000172273","HINFP",119121587,119136044,14457
"ENSG00000172289","OR10V1",59712916,59713845,929
"ENSG00000172292","CERS6",168455862,168775137,319275
"ENSG00000172296","SPTLC3",13008972,13169103,160131
"ENSG00000172318","B3GALT1",167868948,167874041,5093
"ENSG00000172320","OR5A1",59436469,59451380,14911
"ENSG00000172322","CLEC12A",9951316,9995694,44378
"ENSG00000172324","OR5A2",59416969,59426412,9443
"ENSG00000172331","BPGM",134646811,134679816,33005
"ENSG00000172339","ALG14",94974405,95072951,98546
"ENSG00000172340","SUCLG2",67360460,67654614,294154
"ENSG00000172345","STARD5",81309053,81324183,15130
"ENSG00000172348","RCAN2",46220736,46491972,271236
"ENSG00000172349","IL16",81159575,81314058,154483
"ENSG00000172350","ABCG4",119149052,119162653,13601
"ENSG00000172354","GNB2",100673567,100679174,5607
"ENSG00000172361","CCDC11",50227193,50266495,39302
"ENSG00000172362","OR5B12",58439077,58442758,3681
"ENSG00000172367","PDZD3",119185457,119190223,4766
"ENSG00000172375","C2CD2L",119102198,119118544,16346
"ENSG00000172377","OR9I1",58116742,58125530,8788
"ENSG00000172379","ARNT2",80404350,80597933,193583
"ENSG00000172382","PRSS27",2712419,2720551,8132
"ENSG00000172399","MYOZ2",119135784,119187789,52005
"ENSG00000172403","SYNPO2",118850688,119061247,210559
"ENSG00000172404","DNAJB7",40859549,40862126,2577
"ENSG00000172409","CLP1",57648992,57661865,12873
"ENSG00000172410","INSL5",66797741,66801256,3515
"ENSG00000172421","EFCAB3",62343941,62416479,72538
"ENSG00000172426","RSPH9",43645036,43672600,27564
"ENSG00000172428","MYEOV2",240126563,240136807,10244
"ENSG00000172432","GTPBP2",43605316,43629264,23948
"ENSG00000172456","FGGY",59296638,59810647,514009
"ENSG00000172457","OR9G4",56741223,56748697,7474
"ENSG00000172458","IL17D",20702127,20723098,20971
"ENSG00000172459","OR5AR1",56663662,56664687,1025
"ENSG00000172461","FUT9",96015974,96215612,199638
"ENSG00000172466","ZNF24",35332227,35345482,13255
"ENSG00000172469","MANEA",95577535,95609452,31917
"ENSG00000172476","RAB40A",103499130,103519489,20359
"ENSG00000172482","AGXT",240868824,240880502,11678
"ENSG00000172487","OR8J1",56354291,56361511,7220
"ENSG00000172489","OR5T3",56252200,56253222,1022
"ENSG00000172493","AFF1",86935002,87141054,206052
"ENSG00000172497","ACOT12",81329996,81394179,64183
"ENSG00000172500","FIBP",65883741,65888539,4798
"ENSG00000172508","CARNS1",67414968,67425607,10639
"ENSG00000172519","OR10H5",15787661,15801025,13364
"ENSG00000172530","BANP",87949244,88077318,128074
"ENSG00000172531","PPP1CA",67398183,67421183,23000
"ENSG00000172534","HCFC1",153947557,153971818,24261
"ENSG00000172538","FAM170B",49131154,49134008,2854
"ENSG00000172543","CTSW",65879837,65883741,3904
"ENSG00000172548","NIPAL4",157460019,157474717,14698
"ENSG00000172554","SNTG2",950849,1367613,416764
"ENSG00000172568","FNDC9",157341598,157345677,4079
"ENSG00000172572","PDE3A",20369245,20684381,315136
"ENSG00000172575","RASGRP1",38488103,38565575,77472
"ENSG00000172578","KLHL6",183487551,183555706,68155
"ENSG00000172586","CHCHD1",73782047,73783652,1605
"ENSG00000172590","MRPL52",22829879,22835037,5158
"ENSG00000172594","SMPDL3A",122789049,122809720,20671
"ENSG00000172602","RND1",48857145,48865870,8725
"ENSG00000172613","RAD9A",67317871,67398410,80539
"ENSG00000172638","EFEMP2",65866441,65873592,7151
"ENSG00000172640","OR10AD1",48202083,48203387,1304
"ENSG00000172650","AGAP5",73674285,73698159,23874
"ENSG00000172661","FAM21C",45727200,45792961,65761
"ENSG00000172671","ZFAND4",45615501,45672780,57279
"ENSG00000172673","THEMIS",127708072,127918631,210559
"ENSG00000172680","MOS",56112942,56113982,1040
"ENSG00000172689","MS4A10",60785333,60801305,15972
"ENSG00000172716","SLFN11",35350305,35373701,23396
"ENSG00000172717","FAM71D",67189393,67228550,39157
"ENSG00000172724","CCL19",34689570,34691276,1706
"ENSG00000172725","CORO1B",67435510,67443821,8311
"ENSG00000172728","FUT10",33370824,33473422,102598
"ENSG00000172731","LRRC20",70298970,70382650,83680
"ENSG00000172732","MUS81",65857126,65867653,10527
"ENSG00000172733","PURG",30995802,31033715,37913
"ENSG00000172738","TMEM217",37212178,37258155,45977
"ENSG00000172742","OR4D9",59511368,59520703,9335
"ENSG00000172748","ZNF596",232137,264703,32566
"ENSG00000172752","COL6A5",130345516,130484844,139328
"ENSG00000172757","CFL1",65823022,65862026,39004
"ENSG00000172765","TMCC1",129647792,129893606,245814
"ENSG00000172766","NAA16",41311267,41377030,65763
"ENSG00000172769","OR5B3",58402464,58406874,4410
"ENSG00000172771","EFCAB12",129401321,129428651,27330
"ENSG00000172772","OR10W1",58266792,58268260,1468
"ENSG00000172775","FAM192A",57152466,57186116,33650
"ENSG00000172780","RAB43",129087569,129122801,35232
"ENSG00000172782","FADS6",74877299,74893781,16482
"ENSG00000172785","CBWD1",121038,179147,58109
"ENSG00000172789","HOXC5",54032853,54035358,2505
"ENSG00000172794","RAB37",74670578,74747335,76757
"ENSG00000172795","DCP2",112976702,113022195,45493
"ENSG00000172803","SNX32",65833834,65856896,23062
"ENSG00000172817","CYP7B1",64587763,64798737,210974
"ENSG00000172818","OVOL1",65787063,65797214,10151
"ENSG00000172819","RARG",53210567,53232980,22413
"ENSG00000172824","CES4A",66988589,67009758,21169
"ENSG00000172828","CES3",66961245,66975149,13904
"ENSG00000172830","SSH3",67303478,67312607,9129
"ENSG00000172831","CES2",66934444,66945096,10652
"ENSG00000172840","PDP2",66878589,66895754,17165
"ENSG00000172845","SP3",173880850,173965702,84852
"ENSG00000172867","KRT2",52644558,52652211,7653
"ENSG00000172869","DMXL1",119037772,119249138,211366
"ENSG00000172878","METAP1D",171999943,172082430,82487
"ENSG00000172888","ZNF621",40524878,40574685,49807
"ENSG00000172890","NADSYN1",71453109,71524107,70998
"ENSG00000172893","DHCR7",71428193,71452868,24675
"ENSG00000172900","FLJ42102",71382601,71423423,40822
"ENSG00000172901","AQPEP",115962454,116027619,65165
"ENSG00000172915","NBEA",34942287,35673022,730735
"ENSG00000172927","MYEOV",69294151,69367726,73575
"ENSG00000172932","ANKRD13D",67288547,67302485,13938
"ENSG00000172935","MRGPRF",69004395,69013382,8987
"ENSG00000172936","MYD88",38138478,38143022,4544
"ENSG00000172939","OXSR1",38165089,38255484,90395
"ENSG00000172940","SLC22A13",38265812,38278757,12945
"ENSG00000172943","PHF8",53936676,54048958,112282
"ENSG00000172954","LCLAT1",30447226,30644225,196999
"ENSG00000172955","ADH6",99202638,99219537,16899
"ENSG00000172967","XKR3",16783412,16821699,38287
"ENSG00000172977","KAT5",65711996,65719604,7608
"ENSG00000172985","SH3RF3",109129348,109504632,375284
"ENSG00000172986","GXYLT2",72888073,72998138,110065
"ENSG00000172987","HPSE2",98457077,99235862,778785
"ENSG00000172992","DCAKD",45023340,45061109,37769
"ENSG00000172995","ARPP21",35638945,35794496,155551
"ENSG00000173011","TADA2B",7041899,7057952,16053
"ENSG00000173020","ADRBK1",67266473,67286556,20083
"ENSG00000173039","RELA",65653597,65663090,9493
"ENSG00000173040","EVC2",5542772,5709548,166776
"ENSG00000173041","ZNF680",64519878,64563075,43197
"ENSG00000173064","HECTD4",112160188,112382439,222251
"ENSG00000173065","FAM222B",28755978,28855232,99254
"ENSG00000173068","BNC2",16409503,16870843,461340
"ENSG00000173077","DEC1",114850968,115402644,551676
"ENSG00000173080","RXFP4",155941710,155942949,1239
"ENSG00000173083","HPSE",83292461,83335153,42692
"ENSG00000173093","CCDC63",110846769,110907535,60766
"ENSG00000173110","HSPA6",161524540,161526894,2354
"ENSG00000173113","TRMT112",64316460,64318084,1624
"ENSG00000173114","LRRN3",111091006,111125454,34448
"ENSG00000173120","KDM2A",67119263,67258082,138819
"ENSG00000173124","C10orf129",95194200,95228928,34728
"ENSG00000173137","ADCK5",144373101,144393242,20141
"ENSG00000173145","NOC3L",94333226,94362959,29733
"ENSG00000173156","RHOD",67056847,67072017,15170
"ENSG00000173157","ADAMTS20",43353866,43551921,198055
"ENSG00000173163","COMMD1",61888724,62147247,258523
"ENSG00000173166","RAPH1",203394345,203535335,140990
"ENSG00000173171","MTX1",155208699,155213824,5125
"ENSG00000173175","ADCY5",123282296,123449758,167462
"ENSG00000173193","PARP14",122680839,122730840,50001
"ENSG00000173198","CYSLTR1",78271468,78327691,56223
"ENSG00000173200","PARP15",122577628,122639047,61419
"ENSG00000173207","CKS1B",154974653,154979251,4598
"ENSG00000173208","ABCD2",39550033,39619803,69770
"ENSG00000173210","ABLIM3",149141483,149260542,119059
"ENSG00000173212","MAB21L3",116111755,116135240,23485
"ENSG00000173214","KIAA1919",111259348,111271167,11819
"ENSG00000173218","VANGL1",115641970,115698224,56254
"ENSG00000173221","GLRX",95751319,95822726,71407
"ENSG00000173226","IQCB1",121769761,121835079,65318
"ENSG00000173227","SYT12",67006778,67050863,44085
"ENSG00000173230","GOLGB1",121663199,121749767,86568
"ENSG00000173237","C11orf86",66975277,66977004,1727
"ENSG00000173250","GPR151",146513103,146516190,3087
"ENSG00000173253","DMRT2",1049858,1057552,7694
"ENSG00000173258","ZNF483",111525159,111577844,52685
"ENSG00000173261","PLAC8L1",146084313,146105577,21264
"ENSG00000173262","SLC2A14",7812512,7891148,78636
"ENSG00000173264","GPR137",64270062,64289500,19438
"ENSG00000173269","MMRN2",86935540,86969481,33941
"ENSG00000173273","TNKS",9555912,9782346,226434
"ENSG00000173275","ZNF449",135344796,135363152,18356
"ENSG00000173276","ZNF295",41986831,42010387,23556
"ENSG00000173281","PPP1R3B",9136255,9151574,15319
"ENSG00000173285","OR10K1",158461574,158470857,9283
"ENSG00000173295","FLJ10661",8228595,8244865,16270
"ENSG00000173302","GPR148",130729070,130730336,1266
"ENSG00000173320","STOX2",183797692,184023526,225834
"ENSG00000173327","MAP3K11",65597756,65615382,17626
"ENSG00000173334","TRIB1",125430358,125438403,8045
"ENSG00000173335","CST9",23602410,23605876,3466
"ENSG00000173338","KCNK7",65592855,65595996,3141
"ENSG00000173366","ENSG00000173366",52221081,52231190,10109
"ENSG00000173369","C1QB",22652762,22661637,8875
"ENSG00000173372","C1QA",22636628,22639678,3050
"ENSG00000173376","NDNF",121035613,121073021,37408
"ENSG00000173389","IQCF1",51894876,51903353,8477
"ENSG00000173391","OLR1",10158301,10172138,13837
"ENSG00000173402","DAG1",49468703,49535618,66915
"ENSG00000173406","DAB1",56994778,58546734,1551956
"ENSG00000173409","ARV1",230978981,231000733,21752
"ENSG00000173418","NAA20",20017116,20033655,16539
"ENSG00000173421","CCDC36",49198428,49258106,59678
"ENSG00000173432","SAA1",18266260,18269977,3717
"ENSG00000173442","EHBP1L1",65576046,65592650,16604
"ENSG00000173451","THAP2",71664301,71680644,16343
"ENSG00000173452","TMEM196",19719310,19773598,54288
"ENSG00000173456","RNF26",119334527,119337313,2786
"ENSG00000173457","PPP1R14B",64244479,64246943,2464
"ENSG00000173464","RNASE11",20583559,20609884,26325
"ENSG00000173473","SMARCC1",47585269,47782106,196837
"ENSG00000173480","ZNF417",57900296,57916610,16314
"ENSG00000173482","PTPRM",7566782,8406861,840079
"ENSG00000173486","FKBP2",64241003,64244134,3131
"ENSG00000173511","VEGFB",64234538,64238793,4255
"ENSG00000173517","PEAK1",77100656,77420144,319488
"ENSG00000173530","TNFRSF10D",23135588,23164027,28439
"ENSG00000173531","MST1",49683947,49689501,5554
"ENSG00000173535","TNFRSF10C",23102590,23117437,14847
"ENSG00000173540","GMPPB",49716844,49723951,7107
"ENSG00000173542","MOB1B",70902326,71022449,120123
"ENSG00000173545","ZNF622",16451519,16465800,14281
"ENSG00000173546","CSPG4",75674322,75712848,38526
"ENSG00000173548","SNX33",75647906,75662301,14395
"ENSG00000173567","GPR113",26308173,26346817,38644
"ENSG00000173572","NLRP13",55891699,55932336,40637
"ENSG00000173575","CHD2",92900189,93027996,127807
"ENSG00000173578","XCR1",46017024,46027742,10718
"ENSG00000173581","CCDC106",55641062,55653161,12099
"ENSG00000173585","CCR9",45886504,45903175,16671
"ENSG00000173588","CCDC41",94306449,94459988,153539
"ENSG00000173597","SULT1B1",69721167,69787961,66794
"ENSG00000173598","NUDT4",93377883,93408146,30263
"ENSG00000173599","PC",66848417,66958439,110022
"ENSG00000173610","UGT2A1",69588417,69653249,64832
"ENSG00000173611","SCAI",124942608,125143506,200898
"ENSG00000173612","GPRC6A",116792085,116829037,36952
"ENSG00000173614","NMNAT1",9943428,9985501,42073
"ENSG00000173621","LRFN4",66856647,66860475,3828
"ENSG00000173626","BET3L",116494989,116545610,50621
"ENSG00000173627","APOBEC4",183646275,183653316,7041
"ENSG00000173638","SLC19A1",45493572,45573365,79793
"ENSG00000173641","HSPB7",16014028,16019594,5566
"ENSG00000173653","RCE1",66842835,66846546,3711
"ENSG00000173662","TAS1R1",6555307,6579755,24448
"ENSG00000173673","HES3",6244192,6245578,1386
"ENSG00000173674","EIF1AX",20124525,20141838,17313
"ENSG00000173678","SPDYE6",102650325,102661398,11073
"ENSG00000173679","OR1L1",122661566,122662648,1082
"ENSG00000173681","CXorf23",19912860,19970298,57438
"ENSG00000173692","PSMD1",231056864,231172827,115963
"ENSG00000173698","GPR64",18989307,19122637,133330
"ENSG00000173699","SPATA3",230990324,231025055,34731
"ENSG00000173702","MUC13",124905442,124953819,48377
"ENSG00000173705","SUSD5",33150043,33218810,68767
"ENSG00000173706","HEG1",124965710,125055997,90287
"ENSG00000173714","WFIKKN2",50834650,50842348,7698
"ENSG00000173715","C11orf80",66744451,66843328,98877
"ENSG00000173744","AGFG1",227472152,227561214,89062
"ENSG00000173757","STAT5B",42199168,42276707,77539
"ENSG00000173762","CD7",82314868,82317608,2740
"ENSG00000173769","C3orf77",44241886,44332098,90212
"ENSG00000173786","CNP",41966763,41977740,10977
"ENSG00000173801","JUP",41754604,41786931,32327
"ENSG00000173805","HAP1",41717742,41734644,16902
"ENSG00000173809","TDRD12",32719753,32829580,109827
"ENSG00000173812","EIF1",41688885,41692668,3783
"ENSG00000173818","ENDOV",80415165,80438086,22921
"ENSG00000173821","RNF213",80260866,80398786,137920
"ENSG00000173825","TIGD3",65354751,65357613,2862
"ENSG00000173826","KCNH6",63523334,63548977,25643
"ENSG00000173838","MARCH10",62701314,62808344,107030
"ENSG00000173846","PLK3",44800377,44805990,5613
"ENSG00000173848","NET1",5412557,5459056,46499
"ENSG00000173852","DPY19L1",34928876,35038271,109395
"ENSG00000173868","PHOSPHO1",49223362,49230766,7404
"ENSG00000173875","ZNF791",12610918,12633840,22922
"ENSG00000173876","TUBB8",189986501,189988849,2348
"ENSG00000173889","PHC3",170086732,170181749,95017
"ENSG00000173890","GPR160",170037995,170085392,47397
"ENSG00000173894","CBX2",79778148,79787983,9835
"ENSG00000173898","SPTBN2",66685248,66729226,43978
"ENSG00000173905","GOLIM4",168008677,168095975,87298
"ENSG00000173908","KRT28",40792203,40799959,7756
"ENSG00000173914","RBM4B",66664998,66677887,12889
"ENSG00000173917","HOXB2",48540894,48544989,4095
"ENSG00000173926","MARCH3",126867714,127030558,162844
"ENSG00000173928","SWSAP1",11374685,11376951,2266
"ENSG00000173930","SLCO4C1",102233986,102296284,62298
"ENSG00000173933","RBM4",66638617,66668374,29757
"ENSG00000173947","C1orf88",111346600,111353013,6413
"ENSG00000173950","XXYLT1",195068284,195271159,202875
"ENSG00000173954","SNURFL",139362040,139362382,342
"ENSG00000173960","UBXN2A",23927285,24004909,77624
"ENSG00000173976","RAX2",3769089,3772221,3132
"ENSG00000173988","LRRC63",46211943,46277366,65423
"ENSG00000173991","TCAP",39664187,39666555,2368
"ENSG00000173992","CCS",66593153,66606019,12866
"ENSG00000174004","LRRC33",196639694,196662004,22310
"ENSG00000174007","CEP19",196706277,196712250,5973
"ENSG00000174010","KLHL15",23983720,24027186,43466
"ENSG00000174013","FBXO45",196568611,196589059,20448
"ENSG00000174016","FAM46D",80335504,80445311,109807
"ENSG00000174032","SLC25A30",45393316,45418455,25139
"ENSG00000174038","C9orf131",35041095,35045986,4891
"ENSG00000174059","CD34",207880972,207911402,30430
"ENSG00000174080","CTSF",66563464,66568841,5377
"ENSG00000174099","MSRB3",65278643,65491430,212787
"ENSG00000174106","LEMD3",65169583,65248355,78772
"ENSG00000174109","C16orf91",1419752,1420756,1004
"ENSG00000174123","TLR10",38772238,38782990,10752
"ENSG00000174125","TLR1",38790677,38856817,66140
"ENSG00000174132","FAM174A",100535374,100586741,51367
"ENSG00000174136","RGMB",98768650,98798643,29993
"ENSG00000174145","KIAA1239",37244743,37449463,204720
"ENSG00000174156","GSTA3",52896639,52909698,13059
"ENSG00000174171","LOC100289090",41892777,41899528,6751
"ENSG00000174173","TRMT10C",101561868,101566446,4578
"ENSG00000174175","SELP",169588849,169630193,41344
"ENSG00000174177","CTU2",88706483,88715396,8913
"ENSG00000174197","MGA",41621224,41773081,151857
"ENSG00000174206","C12orf66",64186316,64222296,35980
"ENSG00000174225","ARL13A",100969708,100990829,21121
"ENSG00000174226","SNX31",100572889,100663415,90526
"ENSG00000174227","PIGG",499210,540200,40990
"ENSG00000174231","PRPF8",1650629,1684867,34238
"ENSG00000174233","ADCY6",48766194,48789037,22843
"ENSG00000174236","REP15",27696519,27697596,1077
"ENSG00000174238","PITPNA",1517718,1562816,45098
"ENSG00000174243","DDX23",48829756,48852842,23086
"ENSG00000174255","ZNF80",114234631,114237578,2947
"ENSG00000174279","EVX2",176077472,176083913,6441
"ENSG00000174282","ZBTB4",7459366,7484263,24897
"ENSG00000174292","TNK1",7380534,7389774,9240
"ENSG00000174306","ZHX3",41178448,41317672,139224
"ENSG00000174325","DIRC1",188733738,188790104,56366
"ENSG00000174326","SLC16A11",7041630,7043923,2293
"ENSG00000174327","SLC16A13",7036075,7040121,4046
"ENSG00000174332","GLIS1",53506237,53738106,231869
"ENSG00000174339","OR2Y1",180739042,180740099,1057
"ENSG00000174343","CHRNA9",40335333,40355217,19884
"ENSG00000174348","PODN",53062052,53085502,23450
"ENSG00000174353","STAG3L3",72969696,73005922,36226
"ENSG00000174358","SLC6A19",1201595,1225111,23516
"ENSG00000174370","C11orf45",128899565,128906069,6504
"ENSG00000174371","EXO1",241847967,241895148,47181
"ENSG00000174373","RALGAPA1",35538352,35809304,270952
"ENSG00000174403","C20orf166-AS1",62544343,62551526,7183
"ENSG00000174405","LIG4",108207439,108218368,10929
"ENSG00000174407","C20orf166",62550453,62570764,20311
"ENSG00000174417","TRHR",109086621,109119584,32963
"ENSG00000174428","GTF2IRD2B",75092396,75149817,57421
"ENSG00000174429","ABRA",106759483,106770244,10761
"ENSG00000174437","ATP2A2",110280756,110351093,70337
"ENSG00000174442","ZWILCH",66504959,66550130,45171
"ENSG00000174444","RPL4",66498015,66524532,26517
"ENSG00000174448","STARD6",54324358,54357964,33606
"ENSG00000174450","GOLGA6L2",23439498,23447234,7736
"ENSG00000174453","VWC2L",214411065,214578959,167894
"ENSG00000174456","C12orf76",110027028,110073634,46606
"ENSG00000174460","ZCCHC12",118823824,118826968,3144
"ENSG00000174469","CNTNAP2",146116002,148420998,2304996
"ENSG00000174473","GALNTL6",171812254,173041559,1229305
"ENSG00000174482","LINGO2",27948078,28670286,722208
"ENSG00000174485","DENND4A",65658046,65792293,134247
"ENSG00000174498","IGDCC3",65327127,65378002,50875
"ENSG00000174500","GCSAM",112120839,112133270,12431
"ENSG00000174501","ANKRD36C",95836919,95991831,154912
"ENSG00000174502","SLC26A9",205913048,205943460,30412
"ENSG00000174514","MFSD4",205568885,205602918,34033
"ENSG00000174516","PELI3",66466327,66477337,11010
"ENSG00000174521","TTC9B",40216058,40218399,2341
"ENSG00000174527","MYO1H",109347903,109455523,107620
"ENSG00000174529","TMEM81",205083129,205084460,1331
"ENSG00000174547","MRPL11",66435075,66466738,31663
"ENSG00000174562","KLK15",50825289,50837213,11924
"ENSG00000174564","IL20RB",136946230,137011085,64855
"ENSG00000174574","AKIRIN1",38991276,39006059,14783
"ENSG00000174576","NPAS4",66421004,66426707,5703
"ENSG00000174579","MSL2",136148917,136197241,48324
"ENSG00000174586","ZNF497",58354357,58362848,8491
"ENSG00000174599","TRAM1L1",117083554,117085576,2022
"ENSG00000174600","CMKLR1",108288044,108339317,51273
"ENSG00000174606","ANGEL2",212992182,213015867,23685
"ENSG00000174607","UGT8",114598770,114678225,79455
"ENSG00000174611","KY",134599923,134651636,51713
"ENSG00000174628","IQCK",19716456,19858467,142011
"ENSG00000174640","SLCO2A1",133928145,134052184,124039
"ENSG00000174652","ZNF266",9412461,9435571,23110
"ENSG00000174667","OR7D4",9210276,9219589,9313
"ENSG00000174669","SLC29A2",66362521,66372214,9693
"ENSG00000174672","BRSK2",1389899,1462689,72790
"ENSG00000174684","B3GNT1",66345374,66347629,2255
"ENSG00000174695","TMEM167A",83052846,83077863,25017
"ENSG00000174697","LEP",128241278,128257629,16351
"ENSG00000174705","SH3PXD2B",172325000,172454525,129525
"ENSG00000174718","KIAA1551",31959370,31993107,33737
"ENSG00000174720","LARP7",112637107,112657592,20485
"ENSG00000174738","NR1D2",23945286,23980617,35331
"ENSG00000174740","PABPC5",91434595,91438584,3989
"ENSG00000174744","BRMS1",66337333,66345125,7792
"ENSG00000174748","RPL15",23916545,23924374,7829
"ENSG00000174749","C4orf32",112145454,112195256,49802
"ENSG00000174775","HRAS",532242,537287,5045
"ENSG00000174776","WDR49",167478684,167653983,175299
"ENSG00000174780","SRP72",56467617,56503681,36064
"ENSG00000174788","PCP2",7631611,7633719,2108
"ENSG00000174791","RIN1",66330241,66336840,6599
"ENSG00000174792","C4orf26",75556048,75565885,9837
"ENSG00000174799","CEP135",55948871,56033363,84492
"ENSG00000174804","FZD4",86945679,86955395,9716
"ENSG00000174807","CD248",66314494,66317044,2550
"ENSG00000174827","PDZK1",145670852,145708148,37296
"ENSG00000174837","EMR1",6887566,6940459,52893
"ENSG00000174839","FAM116A",57625454,57693077,67623
"ENSG00000174840","PDE12",57556274,57566848,10574
"ENSG00000174842","GLMN",92246402,92298987,52585
"ENSG00000174844","DNAH12",57293699,57544344,250645
"ENSG00000174851","YIF1A",66284580,66289145,4565
"ENSG00000174871","CNIH2",66278175,66285301,7126
"ENSG00000174885","NLRP6",278365,285359,6994
"ENSG00000174891","RSRC1",158105855,158545730,439875
"ENSG00000174898","CATSPERD",5720637,5778734,58097
"ENSG00000174899","C3orf55",157543246,157677749,134503
"ENSG00000174903","RAB1B",66268590,66277492,8902
"ENSG00000174914","OR9G1",56699095,56703884,4789
"ENSG00000174915","PTDSS2",448268,491399,43131
"ENSG00000174917","C19orf70",5678421,5680896,2475
"ENSG00000174928","C3orf33",155762617,155806278,43661
"ENSG00000174937","OR5M3",56469274,56473352,4078
"ENSG00000174938","SEZ6L2",29871159,29899547,28388
"ENSG00000174939","ASPHD1",29900375,29919864,19489
"ENSG00000174943","KCTD13",29905012,29926236,21224
"ENSG00000174945","AMZ1",2679522,2775500,95978
"ENSG00000174948","GPR149",154334943,154430190,95247
"ENSG00000174950","CD164L2",27379176,27383333,4157
"ENSG00000174951","FUT1",48748011,48755390,7379
"ENSG00000174953","DHX36",154272546,154324487,51941
"ENSG00000174957","OR5J2",56176618,56177556,938
"ENSG00000174963","ZIC4",147386046,147406860,20814
"ENSG00000174970","OR10AG1",55965755,55969945,4190
"ENSG00000174982","OR4S2",55648327,55652854,4527
"ENSG00000174989","FBXW8",116910950,117031148,120198
"ENSG00000174996","KLC2",66257294,66267860,10566
"ENSG00000175003","SLC22A1",160121815,160158718,36903
"ENSG00000175018","TEX36",125576522,125683144,106622
"ENSG00000175029","CTBP2",124984317,125161170,176853
"ENSG00000175040","CHST2",143119771,143124014,4243
"ENSG00000175054","ATR",142449007,142578733,129726
"ENSG00000175061","C17orf76-AS1",16438767,16478678,39911
"ENSG00000175063","UBE2C",45812576,45816957,4381
"ENSG00000175065","DSG4",31376777,31414912,38135
"ENSG00000175066","GK5",142157527,142225592,68065
"ENSG00000175073","VCPIP1",66628487,66667231,38744
"ENSG00000175084","DES",219418377,219426739,8362
"ENSG00000175087","PDIK1L",26111165,26125555,14390
"ENSG00000175097","RAG2",36575574,36598279,22705
"ENSG00000175104","TRAF6",36483769,36510272,26503
"ENSG00000175105","ZNF654",88059255,88144664,85409
"ENSG00000175106","FAM18B2",15502264,15563595,61331
"ENSG00000175110","MRPS22",139005806,139357223,351417
"ENSG00000175115","PACS1",66070272,66244744,174472
"ENSG00000175121","WFDC5",45109452,45115172,5720
"ENSG00000175130","MARCKSL1",32333839,32336233,2394
"ENSG00000175137","SH3BP5L",248810446,248825915,15469
"ENSG00000175143","OR2T1",248403048,248408020,4972
"ENSG00000175155","YPEL2",59331655,59401729,70074
"ENSG00000175161","CADM2",84958981,86074429,1115448
"ENSG00000175164","ABO",133250401,133276024,25623
"ENSG00000175166","PSMD2",184299198,184309050,9852
"ENSG00000175170","FAM182B",25762384,25868225,105841
"ENSG00000175175","PPM1E",58755854,58985179,229325
"ENSG00000175182","FAM131A",184335926,184348421,12495
"ENSG00000175183","CSRP2",76858709,76879023,20314
"ENSG00000175189","INHBC",57434784,57452062,17278
"ENSG00000175198","PCCA",100089015,100530437,441422
"ENSG00000175203","DCTN2",57530102,57547331,17229
"ENSG00000175206","NPPA",11845709,11848345,2636
"ENSG00000175213","ZNF408",46700818,46705912,5094
"ENSG00000175215","CTDSP2",57819927,57846729,26802
"ENSG00000175216","CKAP5",46743048,46846308,103260
"ENSG00000175220","ARHGAP1",46677080,46700619,23539
"ENSG00000175221","MED16",867630,893218,25588
"ENSG00000175224","ATG13",46617527,46674818,57291
"ENSG00000175229","GAL3ST3",66040765,66049161,8396
"ENSG00000175262","C1orf127",10946471,10982037,35566
"ENSG00000175264","CHST1",45647689,45665622,17933
"ENSG00000175265","GOLGA8A",34379068,34437466,58398
"ENSG00000175267","VWA3A",22092538,22156964,64426
"ENSG00000175274","TP53I11",44885903,44951306,65403
"ENSG00000175279","APITD1",10430433,10442808,12375
"ENSG00000175283","DOLK",128945530,128947619,2089
"ENSG00000175294","CATSPER1",66016752,66026517,9765
"ENSG00000175305","CCNE2",94879770,94896678,16908
"ENSG00000175309","AGXT2L2",178208471,178232802,24331
"ENSG00000175311","ANKS4B",21233699,21253850,20151
"ENSG00000175318","GRAMD2",72159806,72197787,37981
"ENSG00000175322","ZNF519",14057457,14132490,75033
"ENSG00000175324","LSM1",38163335,38176730,13395
"ENSG00000175325","PROP1",177992235,177996242,4007
"ENSG00000175329","ISX",35066136,35087387,21251
"ENSG00000175336","APOF",56360568,56362857,2289
"ENSG00000175344","CHRNA7",31923438,32173018,249580
"ENSG00000175348","TMEM9B",8947202,8965011,17809
"ENSG00000175352","NRIP3",8980576,9004049,23473
"ENSG00000175354","PTPN2",12785478,12929643,144165
"ENSG00000175356","SCUBE2",9019498,9138114,118616
"ENSG00000175376","EIF1AD",65996545,66002176,5631
"ENSG00000175387","SMAD2",47808957,47931146,122189
"ENSG00000175390","EIF3F",7970251,8001862,31611
"ENSG00000175395","ZNF25",37949573,37976647,27074
"ENSG00000175398","OR10P1",55636860,55637854,994
"ENSG00000175414","ARL10",176365487,176401865,36378
"ENSG00000175426","PCSK1",96390333,96434143,43810
"ENSG00000175445","LPL",19901717,19967259,65542
"ENSG00000175449","RFESD",95646754,95684773,38019
"ENSG00000175455","CCDC14",123897305,123961408,64103
"ENSG00000175463","TBC1D10C",67403915,67410089,6174
"ENSG00000175467","SART1",65961728,65980137,18409
"ENSG00000175470","PPP2R2D",131901008,131959834,58826
"ENSG00000175471","MCTP1",94703741,95284575,580834
"ENSG00000175485","OR52W1",6199146,6200259,1113
"ENSG00000175489","LRRC25",18391137,18397622,6485
"ENSG00000175497","DPP10",114442299,115845752,1403453
"ENSG00000175505","CLCF1",67364168,67374177,10009
"ENSG00000175513","TSGA10IP",65945445,65959963,14518
"ENSG00000175514","GPR152",67451301,67452729,1428
"ENSG00000175518","UBQLNL",5514393,5516705,2312
"ENSG00000175520","UBQLN3",5507300,5509958,2658
"ENSG00000175535","PNLIP",116545931,116567855,21924
"ENSG00000175536","LIPT2",74490519,74493724,3205
"ENSG00000175538","KCNE3",74454841,74467729,12888
"ENSG00000175548","ALG10B",38316762,38329721,12959
"ENSG00000175550","DRAP1",65919274,65921563,2289
"ENSG00000175556","LONRF3",118974614,119018355,43741
"ENSG00000175564","UCP3",74000277,74009085,8808
"ENSG00000175567","UCP2",73974672,73983246,8574
"ENSG00000175575","PAAF1",73876699,73931124,54425
"ENSG00000175581","MRPL48",73787316,73865133,77817
"ENSG00000175582","RAB6A",73675638,73761137,85499
"ENSG00000175591","P2RY2",73218298,73236352,18054
"ENSG00000175595","ERCC4",13920157,13952345,32188
"ENSG00000175600","C7orf10",40134977,40860763,725786
"ENSG00000175602","CCDC85B",65890112,65891635,1523
"ENSG00000175606","TMEM70",73972437,73982783,10346
"ENSG00000175619","OR4B1",48216810,48217739,929
"ENSG00000175634","RPS6KB2",67428460,67435401,6941
"ENSG00000175662","TOM1L2",17843511,17972422,128911
"ENSG00000175664","TEX26",30932656,30975500,42844
"ENSG00000175676","GOLGA8E",23157366,23170711,13345
"ENSG00000175691","ZNF77",2933218,2944971,11753
"ENSG00000175697","GPR156",120164645,120285094,120449
"ENSG00000175699","LINC00521",93987225,94008863,21638
"ENSG00000175707","C1orf172",26949562,26960468,10906
"ENSG00000175711","B3GNTL1",82942155,83051810,109655
"ENSG00000175718","RBMXL3",115189427,115192868,3441
"ENSG00000175727","MLXIP",122078756,122147344,68588
"ENSG00000175745","NR2F1",93583222,93594611,11389
"ENSG00000175746","C15orf54",39250684,39254845,4161
"ENSG00000175756","AURKAIP1",1373730,1375495,1765
"ENSG00000175764","TTLL11",121821928,122093606,271678
"ENSG00000175766","EIF4E1B",176630618,176646644,16026
"ENSG00000175779","C15orf53",38628005,39180499,552494
"ENSG00000175782","SLC35E3",68746176,68793964,47788
"ENSG00000175787","ZNF169",94259311,94301454,42143
"ENSG00000175792","RUVBL1",128064778,128153914,89136
"ENSG00000175793","SFN",26863149,26864456,1307
"ENSG00000175806","MSRA",10054292,10428891,374599
"ENSG00000175809","ZNF645",22272943,22274461,1518
"ENSG00000175820","CCDC168",102729369,102759070,29701
"ENSG00000175832","ETV4",43527844,43579620,51776
"ENSG00000175854","SWI5",128275379,128316123,40744
"ENSG00000175857","GAPT",58491435,58497090,5655
"ENSG00000175866","BAIAP2",81035122,81117432,82310
"ENSG00000175877","WBSCR28",73861159,73865890,4731
"ENSG00000175879","HOXD8",176129694,176132695,3001
"ENSG00000175893","ZDHHC21",14611071,14693471,82400
"ENSG00000175894","TSPEAR",44497893,44711572,213679
"ENSG00000175895","PLEKHF2",95133785,95156685,22900
"ENSG00000175899","A2M",9067664,9116229,48565
"ENSG00000175920","DOK7",3463306,3501473,38167
"ENSG00000175928","LRRN1",3799437,3847703,48266
"ENSG00000175931","UBE2O",76389456,76453152,63696
"ENSG00000175946","KLHL38",123645527,123652950,7423
"ENSG00000175970","UNC119B",120710458,120723640,13182
"ENSG00000175984","DENND2C",114582848,114670422,87574
"ENSG00000175985","PLEKHD1",69484692,69531551,46859
"ENSG00000176009","ASCL3",8937579,8938211,632
"ENSG00000176014","TUBB6",12307669,12344320,36651
"ENSG00000176018","LYSMD3",90515611,90529584,13973
"ENSG00000176020","AMIGO3",49716834,49719695,2861
"ENSG00000176024","ZNF613",51927147,51948759,21612
"ENSG00000176029","C11orf16",8920076,8933006,12930
"ENSG00000176040","TMPRSS7",112034843,112081269,46426
"ENSG00000176046","NUPR1",28532708,28539174,6466
"ENSG00000176049","JAKMIP2",147585438,147782775,197337
"ENSG00000176055","MBLAC2",90458209,90474771,16562
"ENSG00000176083","ZNF683",26361634,26374522,12888
"ENSG00000176087","SLC35A4",140564828,140569100,4272
"ENSG00000176092","AIM1L",26321698,26360080,38382
"ENSG00000176095","IP6K1",49724294,49786542,62248
"ENSG00000176101","SSNA1",137188660,137190370,1710
"ENSG00000176102","CSTF3",33077188,33162371,85183
"ENSG00000176105","YES1",721588,812546,90958
"ENSG00000176125","UFSP1",100888721,100889715,994
"ENSG00000176136","MC5R",13824149,13827323,3174
"ENSG00000176142","TMEM39A",119428949,119468830,39881
"ENSG00000176148","TCP11L1",33039417,33105943,66526
"ENSG00000176153","GPX2",64939152,64942905,3753
"ENSG00000176155","CCDC57",82101460,82212830,111370
"ENSG00000176160","HSF5",58420167,58488384,68217
"ENSG00000176165","FOXG1",28760330,28770277,9947
"ENSG00000176170","SPHK1",76376584,76387860,11276
"ENSG00000176171","BNIP3",131966455,131982013,15558
"ENSG00000176177","ENTHD1",39743044,39893864,150820
"ENSG00000176182","MYPOP",45890023,45902613,12590
"ENSG00000176194","CIDEA",12254319,12277595,23276
"ENSG00000176198","OR11H4",20239286,20244349,5063
"ENSG00000176200","OR4D11",59503576,59504511,935
"ENSG00000176204","LRRTM4",76747719,77593319,845600
"ENSG00000176208","ATAD5",30831966,30895869,63903
"ENSG00000176209","C8orf40",42541155,42555193,14038
"ENSG00000176219","OR11H6",20223710,20224702,992
"ENSG00000176222","ZNF404",43872363,43901385,29022
"ENSG00000176225","RTTN",70003031,70205945,202914
"ENSG00000176230","OR4K17",20110739,20122199,11460
"ENSG00000176231","OR10H4",15944299,15950350,6051
"ENSG00000176239","OR51B6",5351508,5352446,938
"ENSG00000176246","OR4L1",20060045,20060983,938
"ENSG00000176248","ANAPC2",137174784,137188560,13776
"ENSG00000176253","OR4K13",20029399,20036038,6639
"ENSG00000176256","HMGB4",33860475,33864791,4316
"ENSG00000176261","ZBTB8OS",32600172,32650903,50731
"ENSG00000176269","OR4F21",166049,167043,994
"ENSG00000176273","SLC35G1",93893973,93956062,62089
"ENSG00000176281","OR4K5",19920582,19921659,1077
"ENSG00000176293","ZNF135",58059239,58086310,27071
"ENSG00000176294","OR4N2",19719015,19830253,111238
"ENSG00000176299","OR4M1",19773504,19783696,10192
"ENSG00000176340","COX8A",63974620,63976543,1923
"ENSG00000176371","ZSCAN2",84600986,84627796,26810
"ENSG00000176383","B3GNT4",122203681,122208952,5271
"ENSG00000176387","HSD11B2",67430652,67437553,6901
"ENSG00000176390","CRLF3",30769388,30824692,55304
"ENSG00000176393","RNPEP",201982372,202006147,23775
"ENSG00000176399","DMRTA1",22446824,22455740,8916
"ENSG00000176401","EID2B",39530990,39532854,1864
"ENSG00000176406","RIMS2",103500696,104256094,755398
"ENSG00000176407","KCMF1",84971093,85059472,88379
"ENSG00000176410","DNAJC30",73680969,73683453,2484
"ENSG00000176422","SPRYD4",56468578,56479708,11130
"ENSG00000176435","CLEC14A",38254103,38256369,2266
"ENSG00000176438","SYNE3",95407266,95475836,68570
"ENSG00000176444","CLK2",155262868,155278491,15623
"ENSG00000176454","LPCAT4",34358633,34367196,8563
"ENSG00000176463","SLCO3A1",91853708,92172435,318727
"ENSG00000176472","ZNF575",43525497,43536130,10633
"ENSG00000176473","WDR25",100376418,100530303,153885
"ENSG00000176476","CCDC101",28553915,28591790,37875
"ENSG00000176490","DIRAS1",2714567,2721372,6805
"ENSG00000176495","OR5AN1",59358895,59371714,12819
"ENSG00000176531","PHLDB3",43474954,43504935,29981
"ENSG00000176540","OR4C5",48365485,48366465,980
"ENSG00000176542","KIAA2018",113648385,113696646,48261
"ENSG00000176555","OR4S1",48306223,48307152,929
"ENSG00000176563","CNTD1",42798792,42811587,12795
"ENSG00000176566","DCAF4L2",87870747,87874015,3268
"ENSG00000176567","OR4X1",48263861,48264778,917
"ENSG00000176571","CNBD1",86866442,87615219,748777
"ENSG00000176593","ENSG00000176593",58002061,58011232,9171
"ENSG00000176597","B3GNT5",183253253,183298504,45251
"ENSG00000176601","YSK4",134964485,135047468,82983
"ENSG00000176605","C14orf177",98711613,98717766,6153
"ENSG00000176619","LMNB2",2427638,2456959,29321
"ENSG00000176623","FAM82B",86468257,86514357,46100
"ENSG00000176624","MEX3C",51174550,51218304,43754
"ENSG00000176635","HORMAD2",30080174,30177075,96901
"ENSG00000176658","MYO1D",32492522,32877177,384655
"ENSG00000176659","C20orf197",60055853,60072956,17103
"ENSG00000176678","FOXL1",86576368,86582160,5792
"ENSG00000176681","LRRC37A",46292733,46337794,45061
"ENSG00000176695","OR4F17",107104,117102,9998
"ENSG00000176697","BDNF",27654893,27722058,67165
"ENSG00000176700","SCAND2",84631451,84647478,16027
"ENSG00000176714","CCDC121",27625639,27629012,3373
"ENSG00000176715","ACSF3",89088375,89164121,75746
"ENSG00000176720","BOK",241551424,241574131,22707
"ENSG00000176723","ZNF843",31432593,31443160,10567
"ENSG00000176742","OR51V1",5199735,5200700,965
"ENSG00000176746","MAGEB6",26192440,26195646,3206
"ENSG00000176749","CDK5R1",32486993,32491253,4260
"ENSG00000176753","C15orf56",40250664,40252969,2305
"ENSG00000176754","LINC00303",204032447,204041265,8818
"ENSG00000176769","TCERG1L",131092391,131311721,219330
"ENSG00000176771","NCKAP5",132671788,133568463,896675
"ENSG00000176774","MAGEB18",26138343,26140735,2392
"ENSG00000176783","RUFY1",179550554,179610012,59458
"ENSG00000176787","OR52E2",5058650,5059627,977
"ENSG00000176788","BASP1",17065598,17276843,211245
"ENSG00000176798","OR51L1",4994851,5005536,10685
"ENSG00000176809","LRRC37A3",64854312,64919480,65168
"ENSG00000176826","FKBP9L",55681074,55713252,32178
"ENSG00000176834","VSIG10",118063593,118136026,72433
"ENSG00000176840","MIR7-3HG",4769031,4785077,16046
"ENSG00000176842","IRX5",54930862,54934485,3623
"ENSG00000176845","METRNL",83079609,83095122,15513
"ENSG00000176853","FAM91A1",123768439,123815452,47013
"ENSG00000176871","WSB2",118032694,118062430,29736
"ENSG00000176884","GRIN1",137139154,137168756,29602
"ENSG00000176887","SOX11",5692384,5701385,9001
"ENSG00000176890","TYMS",657653,673578,15925
"ENSG00000176893","OR51G2",4912588,4919350,6762
"ENSG00000176894","PXMP2",132687587,132704985,17398
"ENSG00000176895","OR51A7",4903783,4909462,5679
"ENSG00000176896","TCEANC",13653189,13681964,28775
"ENSG00000176900","OR51T1",4881819,4882883,1064
"ENSG00000176903","PNMA1",73711783,73714372,2589
"ENSG00000176907","C8orf4",40153455,40155308,1853
"ENSG00000176909","MAMSTR",48712725,48719725,7000
"ENSG00000176915","ANKLE2",132725503,132761832,36329
"ENSG00000176919","C8G",136945185,136946975,1790
"ENSG00000176920","FUT2",48695971,48705950,9979
"ENSG00000176922","OR51S1",4847489,4849238,1749
"ENSG00000176925","OR51F2",4821321,4822456,1135
"ENSG00000176927","EFCAB5",29929200,30108452,179252
"ENSG00000176928","GCNT4",75025346,75052770,27424
"ENSG00000176945","MUC20",195720884,195741123,20239
"ENSG00000176946","THAP4",241584405,241637158,52753
"ENSG00000176956","LY6H",143157914,143160711,2797
"ENSG00000176971","FIBIN",26994184,26996121,1937
"ENSG00000176974","SHMT1",18327860,18363563,35703
"ENSG00000176978","DPP7",137110546,137115177,4631
"ENSG00000176979","TRIM60",165016458,165041749,25291
"ENSG00000176986","SEC24C",73744372,73772161,27789
"ENSG00000176988","FMR1NB",147981337,148026665,45328
"ENSG00000176994","SMCR8",18315293,18328056,12763
"ENSG00000177000","MTHFR",11785723,11806920,21197
"ENSG00000177025","C19orf18",57958437,57974534,16097
"ENSG00000177030","DEAF1",644233,706715,62482
"ENSG00000177042","TMEM80",695428,705028,9600
"ENSG00000177045","SIX5",45764785,45769252,4467
"ENSG00000177051","FBXO46",45710629,45730896,20267
"ENSG00000177054","ZDHHC13",19117099,19176422,59323
"ENSG00000177058","SLC38A9",55625845,55773194,147349
"ENSG00000177076","ACER2",19409009,19452505,43496
"ENSG00000177082","WDR73",84639281,84654343,15062
"ENSG00000177084","POLE",132623753,132687365,63612
"ENSG00000177096","FAM109B",42074248,42079438,5190
"ENSG00000177098","SCN4B",118133377,118152888,19511
"ENSG00000177103","DSCAML1",117427773,117817525,389752
"ENSG00000177106","EPS8L2",694438,727727,33289
"ENSG00000177108","ZDHHC22",77131270,77142734,11464
"ENSG00000177112","MRVI1-AS1",10541258,10599936,58678
"ENSG00000177119","ANO6",45215987,45440404,224417
"ENSG00000177133","FLJ42875",3059615,3068437,8822
"ENSG00000177138","FAM9B",9024232,9295682,271450
"ENSG00000177150","FAM210A",13663347,13726663,63316
"ENSG00000177151","OR2T35",248636356,248645278,8922
"ENSG00000177156","TALDO1",747415,765012,17597
"ENSG00000177169","ULK1",131894622,131923150,28528
"ENSG00000177174","OR14C36",248348775,248349713,938
"ENSG00000177181","RIMKLA",42380792,42424232,43440
"ENSG00000177182","CLVS1",61057158,61501645,444487
"ENSG00000177186","OR2M7",248323630,248324568,938
"ENSG00000177189","RPS6KA3",20149911,20267519,117608
"ENSG00000177191","B3GNT8",41425359,41428730,3371
"ENSG00000177192","PUS1",131929200,131945896,16696
"ENSG00000177200","CHD9",53055033,53329150,274117
"ENSG00000177201","OR2T12",248290139,248303424,13285
"ENSG00000177212","OR2T33",248269917,248277976,8059
"ENSG00000177225","PDDC1",767220,777488,10268
"ENSG00000177234","C10orf85",120597949,120600124,2175
"ENSG00000177238","TRIM72",31214091,31231537,17446
"ENSG00000177239","MAN1B1",137086985,137109183,22198
"ENSG00000177257","DEFB4B",7414855,7416863,2008
"ENSG00000177272","KCNA3",110672465,110674940,2475
"ENSG00000177283","FZD8",35638249,35642278,4029
"ENSG00000177291","GJD4",35605410,35608935,3525
"ENSG00000177294","FBXO39",6776215,6797101,20886
"ENSG00000177300","CLDN22",183318194,183320774,2580
"ENSG00000177301","KCNA2",110519837,110631474,111637
"ENSG00000177302","TOP3A",18271428,18315007,43579
"ENSG00000177303","CASKIN2",75500261,75515537,15276
"ENSG00000177311","ZBTB38",141324213,141449792,125579
"ENSG00000177324","BEND2",18162931,18220883,57952
"ENSG00000177335","C8orf31",143039209,143060684,21475
"ENSG00000177337","DLGAP1-AS1",3593732,3598363,4631
"ENSG00000177338","LINC00469",73749270,73828520,79250
"ENSG00000177350","RPL13AP3",55766177,55767717,1540
"ENSG00000177352","CCDC71",49162535,49166331,3796
"ENSG00000177354","C10orf71",49299170,49327492,28322
"ENSG00000177370","TIMM22",997129,1003671,6542
"ENSG00000177380","PPFIA3",49119544,49151026,31482
"ENSG00000177383","MAGEF1",184710367,184712002,1635
"ENSG00000177398","UMODL1",42062959,42143453,80494
"ENSG00000177409","SAMD9L",93130056,93148385,18329
"ENSG00000177410","ZNFX1-AS1",49278178,49299600,21422
"ENSG00000177425","PAWR",79574979,79690964,115985
"ENSG00000177426","TGIF1",3411608,3459978,48370
"ENSG00000177427","SMCR7",18260597,18266552,5955
"ENSG00000177432","NAP1L5",88695915,88697829,1914
"ENSG00000177453","NIM1",43192071,43280850,88779
"ENSG00000177455","CD19",28931939,28939347,7408
"ENSG00000177459","C8orf47",98064522,98093610,29088
"ENSG00000177462","OR2T8",247920252,247921956,1704
"ENSG00000177463","NR2C2",14947584,15053600,106016
"ENSG00000177464","GPR4",45589764,45602212,12448
"ENSG00000177465","ACOT4",73591706,73596496,4790
"ENSG00000177468","OLIG3",137492202,137494250,2048
"ENSG00000177469","PTRF",42402449,42423256,20807
"ENSG00000177476","OR2G3",247605586,247606515,929
"ENSG00000177479","ARIH2",48918821,48986382,67561
"ENSG00000177483","RBM44",237798389,237842808,44419
"ENSG00000177485","ZBTB33",120250752,120258398,7646
"ENSG00000177489","OR2G2",247588360,247589313,953
"ENSG00000177494","ZBED2",111592900,111595346,2446
"ENSG00000177508","IRX3",54283304,54286787,3483
"ENSG00000177511","ST8SIA3",57352557,57371731,19174
"ENSG00000177519","RPRM",153477338,153478762,1424
"ENSG00000177535","OR2B11",247449118,247458105,8987
"ENSG00000177542","SLC25A22",790475,798281,7806
"ENSG00000177548","RABEP2",28904421,28936526,32105
"ENSG00000177558","FAM187B",35224800,35228729,3929
"ENSG00000177565","TBL1XR1",177019340,177228000,208660
"ENSG00000177570","SAMD12",118189455,118622112,432657
"ENSG00000177575","CD163",7470813,7503893,33080
"ENSG00000177595","PIDD",799179,809753,10574
"ENSG00000177599","ZNF491",11797667,11809622,11955
"ENSG00000177600","RPLP2",809965,812880,2915
"ENSG00000177602","GSG2",3723903,3726699,2796
"ENSG00000177606","JUN",58780788,58784327,3539
"ENSG00000177613","CSTF2T",51695487,51699591,4104
"ENSG00000177614","PGBD5",230314490,230426332,111842
"ENSG00000177628","GBA",155234452,155244699,10247
"ENSG00000177640","CASC2",118046279,118210158,163879
"ENSG00000177646","ACAD9",128879596,128916067,36471
"ENSG00000177663","IL17RA",17084954,17115694,30740
"ENSG00000177666","PNPLA2",818914,825573,6659
"ENSG00000177669","MBOAT4",30131824,30144686,12862
"ENSG00000177674","AGTRAP",11736084,11754802,18718
"ENSG00000177675","CD163L1",7346685,7479897,133212
"ENSG00000177683","THAP5",108554543,108569750,15207
"ENSG00000177684","DEFB114",49960249,49964105,3856
"ENSG00000177685","EFCAB4A",826144,831991,5847
"ENSG00000177689","MAGEB10",27807990,27823014,15024
"ENSG00000177692","DNAJC28",33485530,33491720,6190
"ENSG00000177693","OR4F4",101922042,101923113,1071
"ENSG00000177694","NAALADL2",174438573,175810548,1371975
"ENSG00000177697","CD151",832887,839831,6944
"ENSG00000177706","FAM20C",192571,260772,68201
"ENSG00000177707","PVRL3",111070071,111275563,205492
"ENSG00000177710","SLC35G5",11330888,11332208,1320
"ENSG00000177721","ANXA2R",43039081,43043170,4089
"ENSG00000177728","KIAA0195",75441159,75500452,59293
"ENSG00000177731","FLII",18244815,18258738,13923
"ENSG00000177732","SOX12",325595,330224,4629
"ENSG00000177733","HNRNPA0",137745651,137754376,8725
"ENSG00000177752","YIPF7",44622065,44678556,56491
"ENSG00000177757","FAM87B",817371,819837,2466
"ENSG00000177791","MYOZ1",73631654,73641757,10103
"ENSG00000177807","KCNJ10",159998651,160070160,71509
"ENSG00000177830","CHID1",867860,915058,47198
"ENSG00000177842","ZNF620",40477131,40518736,41605
"ENSG00000177853","ZNF518A",96129715,96205288,75573
"ENSG00000177854","TMEM187",153972754,153983194,10440
"ENSG00000177868","CCDC23",42807052,42817397,10345
"ENSG00000177873","ZNF619",40477113,40490236,13123
"ENSG00000177875","C12orf68",48183584,48185926,2342
"ENSG00000177879","AP3S1",115841592,115914081,72489
"ENSG00000177885","GRB2",75318076,75405709,87633
"ENSG00000177888","ZBTB41",197153680,197200542,46862
"ENSG00000177917","ARL6IP6",152717893,152761253,43360
"ENSG00000177932","ZNF354C",179060415,179083537,23122
"ENSG00000177943","MAMDC4",136850943,136860799,9856
"ENSG00000177946","CENPBD1",89969773,89972832,3059
"ENSG00000177951","BET1L",167784,207428,39644
"ENSG00000177954","RPS27",153990762,153992155,1393
"ENSG00000177963","RIC8A",207511,215113,7602
"ENSG00000177971","IMP3",75639085,75648706,9621
"ENSG00000177981","ASB8",48147789,48181213,33424
"ENSG00000177990","DPY19L2",63558913,63668939,110026
"ENSG00000177992","FAM75E1",87882826,87888899,6073
"ENSG00000177994","C2orf73",54330034,54383742,53708
"ENSG00000178015","GPR150",95620087,95622142,2055
"ENSG00000178021","TSPYL6",54253178,54256229,3051
"ENSG00000178028","DMAP1",44213455,44220681,7226
"ENSG00000178031","ADAMTSL1",17906563,18910950,1004387
"ENSG00000178033","FAM26E",116511639,116524788,13149
"ENSG00000178035","IMPDH2",49024325,49029408,5083
"ENSG00000178038","ALS2CL",46668995,46693704,24709
"ENSG00000178053","MLF1",158571163,158607252,36089
"ENSG00000178055","PRSS42",46829542,46834095,4553
"ENSG00000178074","C2orf69",199911293,199955935,44642
"ENSG00000178075","GRAMD1C",113828182,113947174,118992
"ENSG00000178078","STAP2",4324043,4342786,18743
"ENSG00000178084","HTR3C",184053047,184060671,7624
"ENSG00000178093","TSSK6",19512418,19515685,3267
"ENSG00000178096","BOLA1",149887890,149900798,12908
"ENSG00000178104","PDE4DIP",148808181,149048286,240105
"ENSG00000178105","DDX10",108665069,108940927,275858
"ENSG00000178125","PPP1R42",66964099,67056604,92505
"ENSG00000178127","NDUFV2",9102630,9134345,31715
"ENSG00000178130","FAM27L",22298691,22299893,1202
"ENSG00000178149","DALRD3",49015488,49022293,6805
"ENSG00000178150","ZNF114",48270081,48287608,17527
"ENSG00000178163","ZNF518B",10439880,10457426,17546
"ENSG00000178171","FAM123C",130755435,130768134,12699
"ENSG00000178175","ZNF366",72439903,72507410,67507
"ENSG00000178177","LCORL",17841199,18021876,180677
"ENSG00000178184","PARD6G",80157232,80247514,90282
"ENSG00000178187","ZNF454",178941191,178966433,25242
"ENSG00000178188","SH2B1",28846600,28874212,27612
"ENSG00000178199","ZC3H12D",149446795,149485061,38266
"ENSG00000178201","VN1R1",57454790,57457142,2352
"ENSG00000178202","KDELC2",108472112,108498384,26272
"ENSG00000178209","PLEC",143915147,143976734,61587
"ENSG00000178217","SH2D4B",80537902,80646560,108658
"ENSG00000178222","RNF212",1056250,1113564,57314
"ENSG00000178226","PRSS36",31138925,31150094,11169
"ENSG00000178229","ZNF543",57320472,57330770,10298
"ENSG00000178233","TMEM151B",44270466,44307506,37040
"ENSG00000178234","GALNT11",152025674,152122340,96666
"ENSG00000178235","SLITRK1",83877205,83882393,5188
"ENSG00000178243","C9orf62",135343249,135346562,3313
"ENSG00000178252","WDR6",49007062,49015953,8891
"ENSG00000178257","PRM3",11273218,11273641,423
"ENSG00000178279","TNP2",11267748,11269533,1785
"ENSG00000178287","SPAG11A",7847876,7868867,20991
"ENSG00000178295","GEN1",17753858,17788946,35088
"ENSG00000178297","TMPRSS9",2360238,2426239,66001
"ENSG00000178301","AQP11",77589391,77610355,20964
"ENSG00000178338","ZNF354B",178859953,178888122,28169
"ENSG00000178342","KCNG2",79863668,79900184,36516
"ENSG00000178343","SHISA3",42397488,42402487,4999
"ENSG00000178358","OR2D3",6920974,6922043,1069
"ENSG00000178363","CALML3",5524009,5526771,2762
"ENSG00000178372","CALML5",5498697,5499555,858
"ENSG00000178381","ZFAND2A",1152071,1160759,8688
"ENSG00000178385","PLEKHM3",207821288,208025527,204239
"ENSG00000178394","HTR1A",63960356,63962507,2151
"ENSG00000178395","C1orf65",223393417,223395470,2053
"ENSG00000178397","FAM220A",6329411,6348981,19570
"ENSG00000178401","DNAJC22",49346888,49357546,10658
"ENSG00000178403","NEUROG2",112513516,112516180,2664
"ENSG00000178409","BEND3",107065182,107115269,50087
"ENSG00000178425","NT5DC1",116100851,116249497,148646
"ENSG00000178445","GLDC",6532464,6645783,113319
"ENSG00000178449","COX14",50112082,50120457,8375
"ENSG00000178460","MCMDC2",66870749,66922048,51299
"ENSG00000178462","TUBAL3",5393101,5404828,11727
"ENSG00000178467","P4HTM",48989889,49007153,17264
"ENSG00000178498","DTX3",57604622,57609804,5182
"ENSG00000178502","KLHL11",41848518,41865423,16905
"ENSG00000178522","AMBN",70592256,70607288,15032
"ENSG00000178537","SLC25A20",48856926,48898904,41978
"ENSG00000178562","CD28",203706475,203738912,32437
"ENSG00000178567","EPM2AIP1",36985043,36993168,8125
"ENSG00000178568","ERBB4",211375717,212538841,1163124
"ENSG00000178573","MAF",79585843,79600737,14894
"ENSG00000178585","CTNNBIP1",9848276,9910336,62060
"ENSG00000178586","OR6B3",240045077,240047027,1950
"ENSG00000178591","DEFB125",87250,97094,9844
"ENSG00000178597","PSAPL1",7430285,7434930,4645
"ENSG00000178602","OTOS",240139026,240144562,5536
"ENSG00000178605","GTPBP6",304529,318819,14290
"ENSG00000178607","ERN1",64039142,64130819,91677
"ENSG00000178623","GPR35",240605430,240631259,25829
"ENSG00000178645","C10orf53",49679651,49710261,30610
"ENSG00000178662","CSRNP3",165469647,165689407,219760
"ENSG00000178665","ZNF713",55887456,55942530,55074
"ENSG00000178685","PARP10",143977153,144012772,35619
"ENSG00000178690","C18orf26",54587757,54599493,11736
"ENSG00000178691","SUZ12",31937007,32001038,64031
"ENSG00000178694","NSUN3",94062980,94131832,68852
"ENSG00000178700","DHFRL1",94047836,94063389,15553
"ENSG00000178719","GRINA",143990056,143993415,3359
"ENSG00000178726","THBD",23045633,23049741,4108
"ENSG00000178732","GP5",194394821,194398354,3533
"ENSG00000178741","COX5A",74919791,74938083,18292
"ENSG00000178750","STX19",94014365,94028597,14232
"ENSG00000178761","FAM219B",74899992,74906883,6891
"ENSG00000178764","ZHX2",122781655,122974510,192855
"ENSG00000178772","CPN2",194339768,194351328,11560
"ENSG00000178773","CPNE7",89575758,89597246,21488
"ENSG00000178789","CD300LB",74521174,74531475,10301
"ENSG00000178795","GDPD4",77216558,77301687,85129
"ENSG00000178796","RIIAD1",151710433,151729805,19372
"ENSG00000178802","MPI",74890005,74902219,12214
"ENSG00000178809","TRIM73",75395063,75410996,15933
"ENSG00000178814","OPLAH",144051266,144063965,12699
"ENSG00000178826","TMEM139",143279957,143288048,8091
"ENSG00000178828","RNF186",19814029,19815283,1254
"ENSG00000178852","EFCAB13",47323290,47441312,118022
"ENSG00000178860","MSC",71841549,71844468,2919
"ENSG00000178878","APOLD1",12725917,12829975,104058
"ENSG00000178896","EXOSC4",144078648,144080648,2000
"ENSG00000178904","DPY19L3",32405543,32485895,80352
"ENSG00000178913","TAF7",141260225,141320821,60596
"ENSG00000178917","ZNF852",44494847,44510636,15789
"ENSG00000178921","PFAS",8247618,8270491,22873
"ENSG00000178927","C17orf62",82442586,82450829,8243
"ENSG00000178928","TPRX1",47801243,47819051,17808
"ENSG00000178935","ZNF552",57803841,57814913,11072
"ENSG00000178950","GAK",849276,932373,83097
"ENSG00000178951","ZBTB7A",4043303,4066899,23596
"ENSG00000178952","TUFM",28842411,28846348,3937
"ENSG00000178965","C1orf173",74568117,74673792,105675
"ENSG00000178966","RMI1",83980711,84004074,23363
"ENSG00000178971","CTC1",8224815,8248056,23241
"ENSG00000178974","FBXO34",55271421,55361918,90497
"ENSG00000178980","SEPW1",47778585,47784686,6101
"ENSG00000178982","EIF3K",38619082,38636955,17873
"ENSG00000178988","MRFAP1L1",6707701,6709865,2164
"ENSG00000178996","SNX18",54517759,54546586,28827
"ENSG00000178997","EXD1",41182725,41230743,48018
"ENSG00000178999","AURKB",8204733,8210600,5867
"ENSG00000179002","TAS1R2",18839599,18859682,20083
"ENSG00000179008","C14orf39",60396469,60515543,119074
"ENSG00000179010","MRFAP1",6640091,6642745,2654
"ENSG00000179021","C3orf38",88149959,88168729,18770
"ENSG00000179023","KLHDC7A",18480982,18486126,5144
"ENSG00000179029","TMEM107",8173237,8176399,3162
"ENSG00000179041","RRS1",66429014,66430733,1719
"ENSG00000179044","EXOC3L1",67184379,67190185,5806
"ENSG00000179046","TRIML2",188091273,188109603,18330
"ENSG00000179051","RCC2",17406760,17439677,32917
"ENSG00000179055","OR13D1",104694379,104695485,1106
"ENSG00000179057","IGSF22",18704305,18726230,21925
"ENSG00000179058","C9orf50",129612225,129620776,8551
"ENSG00000179059","ZFP42",187995771,188005046,9275
"ENSG00000179071","CCDC89",85683848,85686195,2347
"ENSG00000179082","C9orf106",129321016,129324905,3889
"ENSG00000179083","FAM133A",93674013,93712274,38261
"ENSG00000179085","DPM3",155139891,155140595,704
"ENSG00000179088","C12orf42",103237591,103496010,258419
"ENSG00000179091","CYC1",144095039,144097525,2486
"ENSG00000179094","PER1",8140472,8156506,16034
"ENSG00000179097","HTR1F",87990696,87993835,3139
"ENSG00000179104","TMTC2",82686880,83134870,447990
"ENSG00000179115","FARSA",12922479,12934037,11558
"ENSG00000179119","SPTY2D1",18606403,18634791,28388
"ENSG00000179134","SAMD4B",39342396,39385710,43314
"ENSG00000179142","CYP11B2",142910559,142917843,7284
"ENSG00000179144","GIMAP7",150514872,150521073,6201
"ENSG00000179148","ALOXE3",8095900,8119047,23147
"ENSG00000179151","EDC3",74630558,74696292,65734
"ENSG00000179152","TCAIM",44338119,44409451,71332
"ENSG00000179163","FUCA1",23845077,23868294,23217
"ENSG00000179165","PXT1",36390551,36442854,52303
"ENSG00000179168","GGN",38384265,38388082,3817
"ENSG00000179172","HNRNPCL1",12847408,12848725,1317
"ENSG00000179213","SIGLECL1",51246348,51269330,22982
"ENSG00000179218","CALR",12938578,12944489,5911
"ENSG00000179222","MAGED1",51803007,51902357,99350
"ENSG00000179241","LDLRAD3",35943981,36232136,288155
"ENSG00000179242","CDH4",61252261,61940617,688356
"ENSG00000179256","C12orf69",14804650,14814182,9532
"ENSG00000179262","RAD23A",12945855,12953642,7787
"ENSG00000179270","C2orf71",29060976,29074523,13547
"ENSG00000179271","GADD45GIP1",12953119,12957223,4104
"ENSG00000179284","DAND5",12965159,12974762,9603
"ENSG00000179292","TMEM151A",66291894,66296664,4770
"ENSG00000179295","PTPN11",112418351,112509913,91562
"ENSG00000179299","NSUN7",40749925,40811184,61259
"ENSG00000179300","ZCCHC5",78656069,78659328,3259
"ENSG00000179314","WSCD1",6057807,6124427,66620
"ENSG00000179331","RAB39A",107928448,107963482,35034
"ENSG00000179335","CLK3",74598500,74645414,46914
"ENSG00000179344","HLA-DQB1",32659467,32668383,8916
"ENSG00000179348","GATA2",128479427,128493185,13758
"ENSG00000179361","ARID3B",74541177,74598131,56954
"ENSG00000179362","HMGN2P46",45511136,45586290,75154
"ENSG00000179363","TMEM31",103710909,103714032,3123
"ENSG00000179364","PACS2",105300563,105398147,97584
"ENSG00000179387","ELMOD2",140524168,140553770,29602
"ENSG00000179388","EGR3",22687659,22693480,5821
"ENSG00000179397","C1orf101",244454377,244641177,186800
"ENSG00000179399","GPC5",91398621,92873682,1475061
"ENSG00000179406","LINC00174",66376044,66493566,117522
"ENSG00000179407","DNAJB8",128462439,128467248,4809
"ENSG00000179409","GEMIN4",744421,753999,9578
"ENSG00000179420","OR6W1P",143062330,143063585,1255
"ENSG00000179431","FJX1",35618419,35620868,2449
"ENSG00000179454","KLHL28",44924319,45042322,118003
"ENSG00000179455","MKRN3",23565674,23630075,64401
"ENSG00000179456","ZNF238",244048939,244057476,8537
"ENSG00000179468","OR9A2",143026158,143027195,1037
"ENSG00000179477","ALOX12B",8072636,8087716,15080
"ENSG00000179520","SLC17A8",100357079,100422059,64980
"ENSG00000179526","SHARPIN",144098633,144108124,9491
"ENSG00000179528","LBX2",74497517,74503316,5799
"ENSG00000179532","DNHD1",6497260,6593758,96498
"ENSG00000179542","SLITRK4",143622790,143636101,13311
"ENSG00000179546","HTR1D",23191895,23194729,2834
"ENSG00000179562","GCC1",127580628,127593611,12983
"ENSG00000179564","C3orf45",50279087,50288114,9027
"ENSG00000179583","CIITA",10866222,10943021,76799
"ENSG00000179588","ZFPM1",88453280,88537031,83751
"ENSG00000179593","ALOX15B",8039034,8049134,10100
"ENSG00000179598","PLD6",17200995,17206333,5338
"ENSG00000179600","GPHB5",63312835,63318879,6044
"ENSG00000179603","GRM8",126438598,127253294,814696
"ENSG00000179604","CDC42EP4",73283624,73312005,28381
"ENSG00000179627","ZBTB42",104800596,104804712,4116
"ENSG00000179630","LACC1",43879284,43893932,14648
"ENSG00000179632","MAF1",144104461,144107611,3150
"ENSG00000179636","TPPP2",21024109,21036276,12167
"ENSG00000179639","FCER1A",159289714,159308224,18510
"ENSG00000179695","OR6C2",55444069,55453347,9278
"ENSG00000179709","NLRP8",55947832,55988629,40797
"ENSG00000179715","PCED1B",47079603,47236662,157059
"ENSG00000179743","FLJ37453",15834474,15848147,13673
"ENSG00000179750","APOBEC3B",38982347,38992804,10457
"ENSG00000179761","PIPOX",28950513,29057216,106703
"ENSG00000179766","ATP8B5P",35406755,35483035,76280
"ENSG00000179774","ATOH7",68230624,68232103,1479
"ENSG00000179776","CDH5",66366622,66404784,38162
"ENSG00000179796","LRRC3B",26622806,26717537,94731
"ENSG00000179817","MRGPRX4",18172837,18174280,1443
"ENSG00000179818","PCBP1-AS1",69962263,70103220,140957
"ENSG00000179820","MYADM",53864763,53876435,11672
"ENSG00000179826","MRGPRX3",18120955,18138480,17525
"ENSG00000179832","HEATR7A",144148016,144261940,113924
"ENSG00000179833","SERTAD2",64631621,64751005,119384
"ENSG00000179840","C1orf200",9652610,9654586,1976
"ENSG00000179841","AKAP5",64465499,64474503,9004
"ENSG00000179846","NKPD1",45149750,45158737,8987
"ENSG00000179855","GIPC3",3585478,3593541,8063
"ENSG00000179869","ABCA13",48171458,48647497,476039
"ENSG00000179873","NLRP11",55785397,55836800,51403
"ENSG00000179889","PDXDC1",14974591,15139339,164748
"ENSG00000179902","C1orf194",109105951,109113857,7906
"ENSG00000179909","ZNF154",57697367,57709194,11827
"ENSG00000179912","R3HDM2",57253762,57431005,177243
"ENSG00000179913","B3GNT3",17794828,17813082,18254
"ENSG00000179914","ITLN1",160876540,160885180,8640
"ENSG00000179915","NRXN1",49918503,51225575,1307072
"ENSG00000179918","SEPHS2",30443631,30446181,2550
"ENSG00000179919","OR10A7",55221025,55221975,950
"ENSG00000179921","GPBAR1",218259496,218263861,4365
"ENSG00000179922","ZNF784",55620742,55624601,3859
"ENSG00000179930","ZNF648",182054570,182061712,7142
"ENSG00000179933","C14orf119",23095505,23100456,4951
"ENSG00000179934","CCR8",39329706,39333511,3805
"ENSG00000179938","GOLGA8J",30083053,30093499,10446
"ENSG00000179941","BBS10",76344474,76348415,3941
"ENSG00000179943","FIZ1",55591376,55601970,10594
"ENSG00000179950","PUF60",143816344,143829859,13515
"ENSG00000179954","SSC5D",55488404,55519099,30695
"ENSG00000179981","TSHZ1",75210755,75289950,79195
"ENSG00000179988","PSTK",122954381,122997513,43132
"ENSG00000180008","SOCS4",55027230,55049489,22259
"ENSG00000180011","ZADH2",75195113,75209139,14026
"ENSG00000180016","OR1E1",3397104,3398410,1306
"ENSG00000180035","ZNF48",30378106,30400108,22002
"ENSG00000180043","FAM71E2",55354908,55363260,8352
"ENSG00000180053","NKX2-6",23702451,23706598,4147
"ENSG00000180066","C10orf91",132444327,132449408,5081
"ENSG00000180068","OR3A4P",3309986,3311446,1460
"ENSG00000180071","ANKRD18A",38571358,38620596,49238
"ENSG00000180083","WFDC11",45648563,45670270,21707
"ENSG00000180090","OR3A1",3291017,3298360,7343
"ENSG00000180096","SEPT1",30378133,30395991,17858
"ENSG00000180098","TRNAU1AP",28553085,28578545,25460
"ENSG00000180104","EXOC3",443175,471937,28762
"ENSG00000180113","TDRD6",46687875,46704319,16444
"ENSG00000180116","C12orf40",39626167,39908300,282133
"ENSG00000180138","CSNK1A1L",37103259,37105664,2405
"ENSG00000180155","LYNX1",142771197,142777810,6613
"ENSG00000180176","TH",2163929,2171877,7948
"ENSG00000180178","CYP4F43P",130012065,130040560,28495
"ENSG00000180182","MED14",40648305,40735858,87553
"ENSG00000180185","FAHD1",1826941,1840207,13266
"ENSG00000180198","RCC1",28505943,28539300,33357
"ENSG00000180209","MYLPF",30370934,30377991,7057
"ENSG00000180210","F2",46719180,46739506,20326
"ENSG00000180219","FAM71C",99647753,99650114,2361
"ENSG00000180228","PRKRA",178431414,178451512,20098
"ENSG00000180229","HERC2P3",20379495,20506180,126685
"ENSG00000180233","ZNRF2",30284597,30367689,83092
"ENSG00000180245","RRH",109827994,109849123,21129
"ENSG00000180251","SLC9A4",102473303,102533972,60669
"ENSG00000180257","ZNF816",52949379,52962911,13532
"ENSG00000180259","PRNT",4731279,4740668,9389
"ENSG00000180263","FGD6",95076749,95217482,140733
"ENSG00000180264","GPR144",124451425,124478589,27164
"ENSG00000180269","GPR139",20031485,20073917,42432
"ENSG00000180287","PLD5",242082986,242524696,441710
"ENSG00000180304","OAZ2",64687573,64703281,15708
"ENSG00000180316","PNPLA1",36243203,36312229,69026
"ENSG00000180318","ALX1",85280220,85301784,21564
"ENSG00000180329","CCDC43",44673069,44689779,16710
"ENSG00000180332","KCTD4",45192853,45194717,1864
"ENSG00000180336","C17orf104",44656404,44690308,33904
"ENSG00000180340","FZD2",44557459,44559570,2111
"ENSG00000180346","TIGD2",89111500,89114899,3399
"ENSG00000180347","CCDC129",31514071,31658720,144649
"ENSG00000180353","HCLS1",121631399,121660927,29528
"ENSG00000180354","C7orf41",30134986,30162762,27776
"ENSG00000180357","ZNF609",64460742,64686068,225326
"ENSG00000180370","PAK2",196739857,196832647,92790
"ENSG00000180376","CCDC66",56557161,56621818,64657
"ENSG00000180386","KRTAP9-7",41275659,41276697,1038
"ENSG00000180398","MCFD2",46901870,46941855,39985
"ENSG00000180422","LINC00304",89159146,89164245,5099
"ENSG00000180423","HARBI1",46602861,46617909,15048
"ENSG00000180424","DEFB123",31440632,31450257,9625
"ENSG00000180425","C11orf71",114391443,114400511,9068
"ENSG00000180432","CYP8B1",42856005,42876165,20160
"ENSG00000180433","OR6K6",158754720,158755891,1171
"ENSG00000180438","TPRXL",13937273,14082811,145538
"ENSG00000180440","SERTM1",36674020,36697839,23819
"ENSG00000180447","GAS1",86944362,86947506,3144
"ENSG00000180448","HMHA1",1065923,1086628,20705
"ENSG00000180475","OR10Q1",58227882,58228918,1036
"ENSG00000180479","ZNF571",37554782,37594790,40008
"ENSG00000180481","GLIPR1L2",75391089,75432688,41599
"ENSG00000180483","DEFB119",31377164,31390590,13426
"ENSG00000180488","FAM73A",77779624,77879539,99915
"ENSG00000180525","C10orf108",649948,669581,19633
"ENSG00000180530","NRIP1",14961235,15065936,104701
"ENSG00000180532","ZSCAN4",57668935,57679152,10217
"ENSG00000180537","RNF182",13924446,13980310,55864
"ENSG00000180543","TSPYL5",97273474,97277964,4490
"ENSG00000180573","HIST1H2AC",26124145,26139116,14971
"ENSG00000180592","SKIDA1",21513478,21526368,12890
"ENSG00000180596","HIST1H2BC",26114873,26123926,9053
"ENSG00000180611","MB21D2",192796815,192917856,121041
"ENSG00000180613","GSX2",54099523,54102498,2975
"ENSG00000180616","SSTR2",73165010,73176633,11623
"ENSG00000180626","ZNF594",5179535,5191868,12333
"ENSG00000180628","PCGF5",91163012,91284337,121325
"ENSG00000180638","SLC47A2",19678288,19718979,40691
"ENSG00000180644","PRF1",70597348,70602759,5411
"ENSG00000180658","OR2A4",131699644,131701401,1757
"ENSG00000180660","MAB21L1",35474182,35477209,3027
"ENSG00000180667","YOD1",207043849,207052980,9131
"ENSG00000180694","TMEM64",90621995,90791632,169637
"ENSG00000180708","OR10K2",158418210,158426237,8027
"ENSG00000180720","CHRM4",46385098,46386608,1510
"ENSG00000180730","SHISA2",26044597,26051031,6434
"ENSG00000180739","S1PR5",10512742,10517931,5189
"ENSG00000180745","CLRN3",127877841,127892941,15100
"ENSG00000180747","SLC7A5P1",21446683,21520444,73761
"ENSG00000180758","GPR157",9100305,9129102,28797
"ENSG00000180764","PIPSL",93958191,93961540,3349
"ENSG00000180769","WDFY3-AS2",84965534,85011277,45743
"ENSG00000180772","AGTR2",116170744,116174974,4230
"ENSG00000180773","SLC36A4",93144174,93197991,53817
"ENSG00000180776","ZDHHC20",21372573,21459370,86797
"ENSG00000180777","ANKRD30B",14728272,14854038,125766
"ENSG00000180785","OR51E1",4643420,4655488,12068
"ENSG00000180787","ZFP3",5078467,5096374,17907
"ENSG00000180801","ARSJ",113900284,113979727,79443
"ENSG00000180806","HOXC9",53994895,54003337,8442
"ENSG00000180815","MAP3K15",19360056,19515261,155205
"ENSG00000180817","PPA1",70202835,70233911,31076
"ENSG00000180818","HOXC10",53985065,53990279,5214
"ENSG00000180828","BHLHE22",64580367,64583628,3261
"ENSG00000180855","ZNF443",12429706,12441021,11315
"ENSG00000180861","C12orf36",13371089,13387167,16078
"ENSG00000180871","CXCR2",218125289,218137251,11962
"ENSG00000180872","DEFB112",50042144,50049874,7730
"ENSG00000180875","GREM2",240489573,240612155,122582
"ENSG00000180879","SSR4",153793516,153798505,4989
"ENSG00000180881","CAPS2",75275979,75390928,114949
"ENSG00000180884","ZNF792",34956354,34964229,7875
"ENSG00000180891","CUEDC1",57861243,57955412,94169
"ENSG00000180900","SCRIB",143790920,143815773,24853
"ENSG00000180902","D2HGDH",241734602,241768816,34214
"ENSG00000180914","OXTR",8750408,8769628,19220
"ENSG00000180917","FTSJD1",71281389,71289715,8326
"ENSG00000180919","OR56B4",6107684,6108835,1151
"ENSG00000180921","FAM83H",143723933,143738234,14301
"ENSG00000180929","GPR62",51955381,51957499,2118
"ENSG00000180934","OR56A1",6019336,6034338,15002
"ENSG00000180938","ZNF572",124973295,124979389,6094
"ENSG00000180953","ST20",79898840,79923702,24862
"ENSG00000180957","PITPNB",27851669,27920134,68465
"ENSG00000180974","OR52E4",5880629,5887079,6450
"ENSG00000180988","OR52N2",5820314,5821348,1034
"ENSG00000180992","MRPL14",44113451,44127452,14001
"ENSG00000180998","GPR137C",52552836,52637713,84877
"ENSG00000180999","C1orf105",172420685,172468831,48146
"ENSG00000181004","BBS12",122732702,122744942,12240
"ENSG00000181007","ZFP82",36383120,36418656,35536
"ENSG00000181009","OR52N5",5776165,5783355,7190
"ENSG00000181013","C17orf47",58541587,58544368,2781
"ENSG00000181016","C7orf53",112480853,112491062,10209
"ENSG00000181019","NQO1",69706996,69726668,19672
"ENSG00000181023","OR56B1",5736448,5738522,2074
"ENSG00000181026","AEN",88621337,88632281,10944
"ENSG00000181035","SLC25A42",19063999,19112888,48889
"ENSG00000181036","FCRL6",159800511,159816257,15746
"ENSG00000181038","METTL23",76726830,76733936,7106
"ENSG00000181045","SLC26A11",80219699,80253500,33801
"ENSG00000181061","HIGD1A",42784298,42804531,20233
"ENSG00000181072","CHRM2",136868669,137020255,151586
"ENSG00000181074","OR52N4",5754243,5755905,1662
"ENSG00000181085","MAPK15",143716340,143722458,6118
"ENSG00000181090","EHMT1",137618992,137870016,251024
"ENSG00000181092","ADIPOQ",186842704,186858463,15759
"ENSG00000181104","F2R",76716126,76735770,19644
"ENSG00000181126","HLA-P",29790954,29797811,6857
"ENSG00000181135","ZNF707",143684452,143713898,29446
"ENSG00000181143","MUC16",8848844,8981342,132498
"ENSG00000181191","PJA1",69160851,69165793,4942
"ENSG00000181192","DHTKD1",12068954,12123221,54267
"ENSG00000181195","PENK",56436674,56446671,9997
"ENSG00000181211","HECW1-IT1",43117896,43163187,45291
"ENSG00000181215","C4orf50",5897373,6200555,303182
"ENSG00000181218","HIST3H2A",228456979,228457873,894
"ENSG00000181220","ZNF746",149472696,149497817,25121
"ENSG00000181222","POLR2A",7484366,7514618,30252
"ENSG00000181234","TMEM132C",128267403,128707915,440512
"ENSG00000181240","SLC25A41",6426037,6433779,7742
"ENSG00000181264","TMEM136",120325129,120333682,8553
"ENSG00000181273","OR5AK2",56988872,56989867,995
"ENSG00000181291","TMEM132E",34579487,34639318,59831
"ENSG00000181315","ZNF322",26634383,26659752,25369
"ENSG00000181333","HEPHL1",94021361,94113751,92390
"ENSG00000181355","OFCC1",9596110,10211608,615498
"ENSG00000181359","HSP90AA6P",170581470,170605450,23980
"ENSG00000181371","OR5M8",56490349,56491395,1046
"ENSG00000181374","CCL13",34356480,34358610,2130
"ENSG00000181378","CCDC108",219002846,219041527,38681
"ENSG00000181381","DDX60L",168356735,168537786,181051
"ENSG00000181392","SYNE4",36003307,36008813,5506
"ENSG00000181396","C17orf101",82389210,82418637,29427
"ENSG00000181408","UTS2R",82374230,82375586,1356
"ENSG00000181409","AATK",81117295,81166221,48926
"ENSG00000181418","DDN",48995149,48999375,4226
"ENSG00000181433","SAGE1",135889205,135913061,23856
"ENSG00000181444","ZNF467",149764182,149773588,9406
"ENSG00000181449","SOX2",181711925,181714436,2511
"ENSG00000181450","ZNF678",227563543,227677443,113900
"ENSG00000181458","TMEM45A",100492619,100577444,84825
"ENSG00000181467","RAP2B",153162270,153170620,8350
"ENSG00000181472","ZBTB2",151364115,151391559,27444
"ENSG00000181481","RNF135",30970984,30999911,28927
"ENSG00000181499","OR6T1",123942785,123943873,1088
"ENSG00000181513","ACBD4",45132600,45144181,11581
"ENSG00000181518","OR8D4",123902167,123909229,7062
"ENSG00000181523","SGSH",80206716,80220923,14207
"ENSG00000181541","MAB21L2",150581922,150584693,2771
"ENSG00000181544","FANCB",14835961,14873069,37108
"ENSG00000181555","SETD2",47016429,47163967,147538
"ENSG00000181562","EDDM3A",20745892,20748380,2488
"ENSG00000181609","OR52D1",5488685,5489749,1064
"ENSG00000181616","OR52H1",5544489,5548533,4044
"ENSG00000181617","FDCSP",70226071,70235252,9181
"ENSG00000181619","GPR135",59429022,59465342,36320
"ENSG00000181625","SLX1B",29454501,29458219,3718
"ENSG00000181626","ANKRD62",12093853,12129749,35896
"ENSG00000181631","P2RY13",151326312,151329549,3237
"ENSG00000181634","TNFSF15",114784652,114806039,21387
"ENSG00000181638","ZFP41",143246821,143262705,15884
"ENSG00000181652","ATG9B",151012209,151024499,12290
"ENSG00000181656","GPR88",100538139,100542021,3882
"ENSG00000181666","HKR1",37312837,37369365,56528
"ENSG00000181690","PLAG1",56160909,56211324,50415
"ENSG00000181693","OR8H1",56288462,56292254,3792
"ENSG00000181698","OR5T1",56274154,56276819,2665
"ENSG00000181704","YIPF6",68498562,68537282,38720
"ENSG00000181718","OR5T2",56231282,56234255,2973
"ENSG00000181722","ZBTB20",114314501,115147271,832770
"ENSG00000181733","OR2Z1",8721634,8732160,10526
"ENSG00000181744","C3orf58",143971798,144048719,76921
"ENSG00000181752","OR8K5",56159394,56160317,923
"ENSG00000181754","AMIGO1",109504178,109509738,5560
"ENSG00000181761","OR8H3",56122373,56123311,938
"ENSG00000181767","OR8H2",56103687,56107658,3971
"ENSG00000181773","GPR3",27392622,27395814,3192
"ENSG00000181778","TMEM252",68536580,68540867,4287
"ENSG00000181781","ODF3L2",463346,474983,11637
"ENSG00000181785","OR5AS1",56027654,56038191,10537
"ENSG00000181786","ACTL9",8697397,8698822,1425
"ENSG00000181789","COPG1",129249606,129277773,28167
"ENSG00000181790","BAI1",142449430,142545009,95579
"ENSG00000181798","LINC00471",231508422,231514366,5944
"ENSG00000181803","OR6S1",20640696,20641691,995
"ENSG00000181804","SLC9A9",143265222,143848485,583263
"ENSG00000181817","LSM10",36391238,36397908,6670
"ENSG00000181826","RELL1",37590800,37686376,95576
"ENSG00000181827","RFX7",56087280,56243266,155986
"ENSG00000181830","SLC35C1",45804072,45813015,8943
"ENSG00000181847","TIGIT",114276913,114310288,33375
"ENSG00000181852","RNF41",56202175,56221933,19758
"ENSG00000181856","SLC2A4",7281667,7288257,6590
"ENSG00000181867","FTMT",121851882,121852833,951
"ENSG00000181873","IBA57",228165804,228182257,16453
"ENSG00000181894","ZNF329",58126248,58155110,28862
"ENSG00000181896","ZNF101",19668796,19683509,14713
"ENSG00000181903","OR4C6",55662201,55666195,3994
"ENSG00000181924","CHCHD8",73872667,73876901,4234
"ENSG00000181927","OR4P4",55635113,55640309,5196
"ENSG00000181929","PRKAG1",49002274,49018825,16551
"ENSG00000181938","GINS3",58295080,58406144,111064
"ENSG00000181939","OR4C15",55554307,55555419,1112
"ENSG00000181958","OR4A15",55367884,55368918,1034
"ENSG00000181961","OR4A16",55343151,55344231,1080
"ENSG00000181963","OR52K2",4449295,4450361,1066
"ENSG00000181982","CCDC149",24806117,24980204,174087
"ENSG00000181991","MRPS11",88467453,88480776,13323
"ENSG00000182010","RTKN2",62183035,62268844,85809
"ENSG00000182013","PNMAL1",46466491,46471563,5072
"ENSG00000182022","CHST15",124007668,124093598,85930
"ENSG00000182035","ADIG",38581195,38588463,7268
"ENSG00000182040","USH1G",74916083,74923256,7173
"ENSG00000182050","MGAT4C",85955666,86838904,883238
"ENSG00000182053","TRIM49B",49027501,49038451,10950
"ENSG00000182070","OR52A1",5143219,5154757,11538
"ENSG00000182077","PTCHD3",27397121,27414368,17247
"ENSG00000182083","OR6B2",240028965,240030456,1491
"ENSG00000182095","TNRC18",5306790,5425414,118624
"ENSG00000182107","TMEM30B",61277370,61281840,4470
"ENSG00000182108","DEXI",10928891,10942468,13577
"ENSG00000182111","ZNF716",57450177,57473546,23369
"ENSG00000182117","NOP10",34341713,34343177,1464
"ENSG00000182118","FAM89A",231018958,231040254,21296
"ENSG00000182132","KCNIP1",170353487,170736632,383145
"ENSG00000182134","TDRKH",151770107,151791416,21309
"ENSG00000182141","ZNF708",21291160,21329425,38265
"ENSG00000182149","IST1",71845996,71931199,85203
"ENSG00000182150","ERCC6L2",95871264,96121154,249890
"ENSG00000182156","ENPP7",79730943,79742219,11276
"ENSG00000182158","CREB3L2",137874979,138002086,127107
"ENSG00000182162","P2RY8",1462581,1537185,74604
"ENSG00000182165","TP53TG1",87322943,87345528,22585
"ENSG00000182168","UNC5C",95162504,95549206,386702
"ENSG00000182173","TSEN54",75516060,75524735,8675
"ENSG00000182175","RGMA",93035273,93089204,53931
"ENSG00000182177","ASB18",236194872,236264409,69537
"ENSG00000182179","UBA7",49805209,49813953,8744
"ENSG00000182180","MRPS16",73248843,73252693,3850
"ENSG00000182185","RAD51B",67819779,68730218,910439
"ENSG00000182187","CRYGB",208142573,208146158,3585
"ENSG00000182195","LDOC1",141111605,141177125,65520
"ENSG00000182196","ARL6IP4",122980060,122982913,2853
"ENSG00000182197","EXT1",117794490,118111853,317363
"ENSG00000182199","SHMT2",57229573,57234935,5362
"ENSG00000182208","MOB2",1469457,1501247,31790
"ENSG00000182218","HHIPL1",99645110,99680569,35459
"ENSG00000182220","ATP6AP2",40579372,40606848,27476
"ENSG00000182223","ZAR1",48490252,48494389,4137
"ENSG00000182224","CYB5D1",7857746,7862282,4536
"ENSG00000182230","FAM153B",176060689,176116015,55326
"ENSG00000182240","BACE2",41167801,41282530,114729
"ENSG00000182253","SYNM",99098217,99135593,37376
"ENSG00000182255","KCNA4",30009730,30017030,7300
"ENSG00000182256","GABRG3",26971181,27541984,570803
"ENSG00000182261","NLRP10",7957537,7965426,7889
"ENSG00000182263","FIGN",163593396,163736012,142616
"ENSG00000182264","IZUMO1",48740852,48746909,6057
"ENSG00000182271","TMIGD1",30316333,30334059,17726
"ENSG00000182272","B4GALNT4",369499,382117,12618
"ENSG00000182307","C8orf33",145052465,145066685,14220
"ENSG00000182308","DCAF4L1",41981756,41986465,4709
"ENSG00000182310","LINC00085",51689128,51712387,23259
"ENSG00000182315","MBD3L3",7056209,7058640,2431
"ENSG00000182318","ZSCAN22",58326994,58342332,15338
"ENSG00000182324","KCNJ14",48455509,48466980,11471
"ENSG00000182325","FBXL6",144355431,144359376,3945
"ENSG00000182326","C1S",6988259,7071032,82773
"ENSG00000182333","LIPF",88664441,88678814,14373
"ENSG00000182334","OR5P3",7824818,7830840,6022
"ENSG00000182346","DAOA",105465867,105491034,25167
"ENSG00000182348","ZNF804B",88759368,89337057,577689
"ENSG00000182352","C17orf77",74584679,74594209,9530
"ENSG00000182359","KBTBD3",106051098,106077459,26361
"ENSG00000182362","YBEY",46286342,46297751,11409
"ENSG00000182378","PLCXD1",276322,303356,27034
"ENSG00000182379","NXPH4",57216794,57226449,9655
"ENSG00000182389","CACNB4",151832768,152099475,266707
"ENSG00000182393","IL29",39296407,39298673,2266
"ENSG00000182397","DNM1P46",99790156,99806927,16771
"ENSG00000182400","TRAPPC6B",39147811,39170532,22721
"ENSG00000182405","PGBD4",34102083,34108686,6603
"ENSG00000182446","NPLOC4",81556887,81648465,91578
"ENSG00000182447","OTOL1",161496808,161503942,7134
"ENSG00000182450","KCNK4",64291302,64300031,8729
"ENSG00000182459","TEX19",82359247,82363775,4528
"ENSG00000182463","TSHZ2",52972358,53495330,522972
"ENSG00000182472","CAPN12",38730187,38769904,39717
"ENSG00000182473","EXOC7",76081016,76121576,40560
"ENSG00000182481","KPNA2",68035708,68046854,11146
"ENSG00000182484","WASH6P",156020826,156025710,4884
"ENSG00000182489","XKRX",100913445,100929433,15988
"ENSG00000182492","BGN",153494980,153509546,14566
"ENSG00000182504","CEP97",101724593,101770562,45969
"ENSG00000182508","LHFPL1",112630648,112680054,49406
"ENSG00000182511","FES",90883695,90895776,12081
"ENSG00000182518","FAM104B",55143102,55161310,18208
"ENSG00000182521","TBPL2",55413541,55456726,43185
"ENSG00000182533","CAV3",8733800,8841808,108008
"ENSG00000182534","MXRA7",76672551,76711016,38465
"ENSG00000182541","LIMK2",31212239,31280080,67841
"ENSG00000182551","ADI1",3497366,3519531,22165
"ENSG00000182552","RWDD4",183639635,183659203,19568
"ENSG00000182557","SPNS3",4433940,4488208,54268
"ENSG00000182566","CLEC4G",7728957,7733906,4949
"ENSG00000182568","SATB1",18345377,18445588,100211
"ENSG00000182575","NXPH3",49575858,49583827,7969
"ENSG00000182578","CSF1R",150053291,150113372,60081
"ENSG00000182580","EPHB3",184561785,184582408,20623
"ENSG00000182583","VCX",7842262,7844143,1881
"ENSG00000182585","EPGN",74308473,74315307,6834
"ENSG00000182591","KRTAP11-1",30880644,30881555,911
"ENSG00000182600","C2orf82",232857270,232878708,21438
"ENSG00000182601","HS3ST4",25691959,26137685,445726
"ENSG00000182606","TRAK1",42013802,42225890,212088
"ENSG00000182612","TSPAN10",81637171,81648749,11578
"ENSG00000182613","OR2V2",181147586,181159285,11699
"ENSG00000182621","PLCB1",8077251,8968360,891109
"ENSG00000182628","SKA2",59109857,59155260,45403
"ENSG00000182631","RXFP3",33936386,33938237,1851
"ENSG00000182632","CCNYL2",42408168,42475349,67181
"ENSG00000182634","OR10G7",124036013,124041325,5312
"ENSG00000182636","NDN",23685679,23687305,1626
"ENSG00000182645","CCDC172",116324448,116380029,55581
"ENSG00000182652","OR4Q3",19743571,19749469,5898
"ENSG00000182667","NTM",131370478,132336822,966344
"ENSG00000182670","TTC3",37073226,37203112,129886
"ENSG00000182674","KCNB2",72537225,72938349,401124
"ENSG00000182676","PPP1R27",81833492,81835050,1558
"ENSG00000182685","C16orf79",2209253,2211950,2697
"ENSG00000182687","GALR2",76074781,76077537,2756
"ENSG00000182698","RESP18",219327409,219333177,5768
"ENSG00000182712","MTCP1NB",155061622,155071136,9514
"ENSG00000182732","RGS6",71932429,72566530,634101
"ENSG00000182742","HOXB4",48575507,48578350,2843
"ENSG00000182749","PAQR7",25861210,25871253,10043
"ENSG00000182752","PAPPA",116153791,116402321,248530
"ENSG00000182771","GRID1",85599552,86366795,767243
"ENSG00000182782","HCAR2",122701293,122703343,2050
"ENSG00000182783","OR2T29",248556912,248562772,5860
"ENSG00000182791","CCDC87",66590176,66593063,2887
"ENSG00000182793","GSTA5",52831655,52846095,14440
"ENSG00000182795","C1orf116",207018522,207032756,14234
"ENSG00000182796","TMEM198B",55829608,55836246,6638
"ENSG00000182798","MAGEB17",16167481,16171464,3983
"ENSG00000182809","CRIP2",105472962,105480170,7208
"ENSG00000182810","DDX28",68021274,68023442,2168
"ENSG00000182814","FUNDC2P2",84290683,84292202,1519
"ENSG00000182816","KRTAP13-2",30371391,30372257,866
"ENSG00000182827","ACBD3",226144679,226186741,42062
"ENSG00000182831","C16orf72",9091644,9121635,29991
"ENSG00000182836","PLCXD3",41306952,41510628,203676
"ENSG00000182841","RRP7B",42555223,42582038,26815
"ENSG00000182853","VMO1",4785285,4786433,1148
"ENSG00000182854","OR4F15",101812202,101820197,7995
"ENSG00000182858","ALG12",49900229,49918438,18209
"ENSG00000182866","LCK",32251239,32286165,34926
"ENSG00000182870","GALNT9",132196372,132329589,133217
"ENSG00000182871","COL18A1",45405165,45513720,108555
"ENSG00000182872","RBM10",47145221,47186813,41592
"ENSG00000182885","GPR97",57668277,57689378,21101
"ENSG00000182890","GLUD2",121047588,121050080,2492
"ENSG00000182896","TMEM95",7355123,7357219,2096
"ENSG00000182898","TCHHL1",152084141,152089064,4923
"ENSG00000182901","RGS7",240775515,241357230,581715
"ENSG00000182902","SLC25A18",17563450,17590995,27545
"ENSG00000182903","ZNF721",425815,499156,73341
"ENSG00000182916","TCEAL7",103330229,103332326,2097
"ENSG00000182919","C11orf54",93741591,93764749,23158
"ENSG00000182923","CEP63",134485721,134575017,89296
"ENSG00000182931","WFDC10B",45684653,45705019,20366
"ENSG00000182934","SRPR",126262938,126269144,6206
"ENSG00000182938","OTOP3",74935719,74949992,14273
"ENSG00000182944","EWSR1",29268009,29300525,32516
"ENSG00000182950","ODF3L1",75724041,75727688,3647
"ENSG00000182957","SPATA13",23979805,24307074,327269
"ENSG00000182963","GJC1",44798448,44830816,32368
"ENSG00000182973","CNOT10",32685145,32773875,88730
"ENSG00000182974","OR4M2",21637909,21638992,1083
"ENSG00000182983","ZNF662",42905731,42917641,11910
"ENSG00000182985","CADM1",115169218,115504957,335739
"ENSG00000182986","ZNF320",52863790,52897693,33903
"ENSG00000183010","PYCR1",81932384,81942412,10028
"ENSG00000183011","LSMD1",7856685,7885238,28553
"ENSG00000183018","SPNS2",4498881,4539035,40154
"ENSG00000183019","C19orf59",7676628,7679826,3198
"ENSG00000183020","AP2A2",924894,1012245,87351
"ENSG00000183023","SLC8A1",40097270,40611053,513783
"ENSG00000183034","OTOP2",74924275,74933912,9637
"ENSG00000183035","CYLC1",83861126,83886699,25573
"ENSG00000183044","ABAT",8674596,8784575,109979
"ENSG00000183048","SLC25A10",81712236,81721016,8780
"ENSG00000183049","CAMK1D",12349482,12835545,486063
"ENSG00000183060","LYSMD4",99715697,99733561,17864
"ENSG00000183066","WBP2NL",41998725,42058456,59731
"ENSG00000183067","IGSF5",39745407,39802096,56689
"ENSG00000183072","NKX2-5",173232109,173235311,3202
"ENSG00000183077","AFMID",78187317,78207701,20384
"ENSG00000183087","GAS6",113820549,113864076,43527
"ENSG00000183090","FREM3",143577302,143700675,123373
"ENSG00000183091","NEB",151485336,151734487,249151
"ENSG00000183092","BEGAIN",100537147,100587413,50266
"ENSG00000183098","GPC6",93226807,94408020,1181213
"ENSG00000183111","ARHGEF37",149551947,149634968,83021
"ENSG00000183117","CSMD1",2935353,4994972,2059619
"ENSG00000183128","CALHM3",103472804,103479240,6436
"ENSG00000183137","CEP57L1",109095110,109163932,68822
"ENSG00000183145","DSCR6",37006150,37019662,13512
"ENSG00000183148","ANKRD20A2",40223285,40266392,43107
"ENSG00000183150","GPR19",12660890,12696207,35317
"ENSG00000183153","GJD3",40362931,40363815,884
"ENSG00000183161","FANCF",22622890,22625841,2951
"ENSG00000183166","CALN1",71779491,72447151,667660
"ENSG00000183169","POM121L1P",22639177,22644473,5296
"ENSG00000183185","GABRR3",97986673,98035304,48631
"ENSG00000183186","C2CD4C",405445,409147,3702
"ENSG00000183196","CHST6",75472052,75495445,23393
"ENSG00000183206","POTEC",14507339,14543585,36246
"ENSG00000183207","RUVBL2",48993562,49015970,22408
"ENSG00000183208","GDPGP1",90233808,90245811,12003
"ENSG00000183230","CTNNA3",65912523,67696195,1783672
"ENSG00000183242","WT1-AS",32435518,32458769,23251
"ENSG00000183248","FLJ22184",7868719,7874390,5671
"ENSG00000183251","OR51B4",5301014,5301946,932
"ENSG00000183258","DDX41",177511577,177516961,5384
"ENSG00000183260","ABHD16B",63861498,63862988,1490
"ENSG00000183269","OR52E8",5856674,5857734,1060
"ENSG00000183273","CCDC60",119334712,119541040,206328
"ENSG00000183283","DAZAP2",51238724,51271362,32638
"ENSG00000183287","CCBE1",59430939,59697662,266723
"ENSG00000183303","OR5P2",7795905,7796973,1068
"ENSG00000183304","FAM9A",8790795,8801383,10588
"ENSG00000183307","CECR6",17116299,17121367,5068
"ENSG00000183309","ZNF623",143636013,143656418,20405
"ENSG00000183310","OR2T34",248573801,248574757,956
"ENSG00000183313","OR52L1",5985892,5986985,1093
"ENSG00000183317","EPHA10",37713880,37765133,51253
"ENSG00000183318","SPDYE4",8753106,8758559,5453
"ENSG00000183323","CCDC125",69280175,69332809,52634
"ENSG00000183324","C15orf60",73443164,73560013,116849
"ENSG00000183337","BCOR",40049815,40177329,127514
"ENSG00000183340","JRKL",96389989,96507574,117585
"ENSG00000183346","C10orf107",61662961,61766766,103805
"ENSG00000183347","GBP6",89364058,89386461,22403
"ENSG00000183354","KIAA2026",5881596,6008482,126886
"ENSG00000183378","OVCH2",7689438,7706421,16983
"ENSG00000183379","SYNDIG1L",74405894,74426210,20316
"ENSG00000183386","FHL3",37996770,38005606,8836
"ENSG00000183389","OR56A4",5999445,6006946,7501
"ENSG00000183395","PMCH",102196459,102197833,1374
"ENSG00000183396","TMEM89",48620759,48621855,1096
"ENSG00000183401","CCDC159",11344684,11354944,10260
"ENSG00000183421","RIPK4",41739369,41767089,27720
"ENSG00000183423","LRIT3",109848202,109872315,24113
"ENSG00000183426","NPIP",14922802,14952060,29258
"ENSG00000183431","SF3A3",37956975,37990075,33100
"ENSG00000183434","TFDP3",133216669,133218348,1679
"ENSG00000183439","TRIM61",164954446,164977668,23222
"ENSG00000183454","GRIN2A",9753404,10182754,429350
"ENSG00000183463","PRHOXNB",27977714,27988654,10940
"ENSG00000183470","ENSG00000183470",132648794,132728769,79975
"ENSG00000183475","ASB7",100602534,100651705,49171
"ENSG00000183479","TREX2",153444720,153470587,25867
"ENSG00000183484","GPR132",105049395,105065445,16050
"ENSG00000183486","MX2",41361999,41409393,47394
"ENSG00000183495","EP400",131949920,132081102,131182
"ENSG00000183496","MEX3B",82041778,82046119,4341
"ENSG00000183506","PI4KAP2",21473000,21517533,44533
"ENSG00000183508","FAM46C",117606048,117628389,22341
"ENSG00000183520","UTP11L",38009258,38024820,15562
"ENSG00000183530","PRR14L",31676256,31750140,73884
"ENSG00000183549","ACSM5",20409534,20441336,31802
"ENSG00000183559","C10orf120",122697709,122699822,2113
"ENSG00000183560","FOLR4",94305592,94307721,2129
"ENSG00000183566","BPIFA4P",33193585,33210462,16877
"ENSG00000183569","SERHL2",42553617,42574382,20765
"ENSG00000183570","PCBP3",45643694,45942454,298760
"ENSG00000183576","SETD3",99397748,99480889,83141
"ENSG00000183578","TNFAIP8L3",51056598,51105276,48678
"ENSG00000183579","ZNRF3",28883592,29057487,173895
"ENSG00000183580","FBXL7",15500180,15939795,439615
"ENSG00000183597","C22orf25",20017014,20065926,48912
"ENSG00000183598","HIST2H3D",149813271,149813681,410
"ENSG00000183605","SFXN4",119140767,119165667,24900
"ENSG00000183607","GKN2",68945232,68952893,7661
"ENSG00000183615","FAM167B",32247222,32248856,1634
"ENSG00000183621","ZNF438",30820207,31031937,211730
"ENSG00000183624","C3orf37",129278828,129306186,27358
"ENSG00000183625","CCR3",46163604,46266706,103102
"ENSG00000183628","DGCR6",18906028,18914238,8210
"ENSG00000183629","GOLGA8G",28519611,28533014,13403
"ENSG00000183631","CXorf64",126819729,126821786,2057
"ENSG00000183638","RP1L1",10606349,10712187,105838
"ENSG00000183640","KRTAP8-1",30812697,30813252,555
"ENSG00000183643","C15orf32",92471654,92501117,29463
"ENSG00000183644","C11orf88",111514785,111537031,22246
"ENSG00000183647","ZNF530",57599885,57612722,12837
"ENSG00000183648","NDUFB1",92116122,92121917,5795
"ENSG00000183654","MARCH11",16067139,16180762,113623
"ENSG00000183655","KLHL25",85759326,85794925,35599
"ENSG00000183665","TRMT12",124450820,124462150,11330
"ENSG00000183666","GUSBP1",21341833,21589372,247539
"ENSG00000183668","PSG9",43211791,43269530,57739
"ENSG00000183671","GPR1",206175316,206218047,42731
"ENSG00000183682","BMP8A",39491636,39529869,38233
"ENSG00000183684","ALYREF",81887844,81891586,3742
"ENSG00000183688","FAM101B",439978,445939,5961
"ENSG00000183690","EFHC2",44147872,44343672,195800
"ENSG00000183691","NOG",56593699,56595590,1891
"ENSG00000183695","MRGPRX2",19054455,19060681,6226
"ENSG00000183696","UPP1",48088628,48108736,20108
"ENSG00000183706","OR4N4",22094522,22095472,950
"ENSG00000183709","IL28A",39268514,39270092,1578
"ENSG00000183715","OPCML",132414977,133532519,1117542
"ENSG00000183718","TRIM52",181254417,181261139,6722
"ENSG00000183722","LHFP",39209116,39603528,394412
"ENSG00000183726","TMEM50A",25338317,25362361,24044
"ENSG00000183729","NPBWR1",52938431,52941117,2686
"ENSG00000183733","FIGLA",70777310,70790643,13333
"ENSG00000183735","TBK1",64452092,64502114,50022
"ENSG00000183742","MACC1",20134655,20217404,82749
"ENSG00000183747","ACSM2A",20451461,20487669,36208
"ENSG00000183751","TBL3",1972037,1982933,10896
"ENSG00000183760","PAPL",39083913,39111493,27580
"ENSG00000183762","KREMEN1",29073078,29168333,95255
"ENSG00000183763","TRAIP",49828601,49856574,27973
"ENSG00000183765","CHEK2",28687743,28742422,54679
"ENSG00000183770","FOXL2",138944224,138947137,2913
"ENSG00000183773","AIFM3",20965108,20981360,16252
"ENSG00000183775","KCTD16",144170873,144485686,314813
"ENSG00000183778","B3GALT5",39556442,39673137,116695
"ENSG00000183779","ZNF703",37695782,37700019,4237
"ENSG00000183780","SLC35F3",233904676,234324511,419835
"ENSG00000183783","KCTD8",44173903,44448809,274906
"ENSG00000183784","C9orf66",212824,215893,3069
"ENSG00000183785","TUBA8",18110331,18146554,36223
"ENSG00000183791","TCEB3C",46962768,46964644,1876
"ENSG00000183798","EMILIN3",41359962,41366818,6856
"ENSG00000183801","OLFML1",7485388,7511377,25989
"ENSG00000183807","FAM162B",116752197,116765719,13522
"ENSG00000183808","RBM12B",93729356,93741017,11661
"ENSG00000183813","CCR4",32951574,32956349,4775
"ENSG00000183814","LIN9",226231149,226309869,78720
"ENSG00000183826","BTBD9",38168451,38640148,471697
"ENSG00000183828","NUDT14",105172938,105181323,8385
"ENSG00000183831","ANKRD45",173609561,173669862,60301
"ENSG00000183833","C3orf15",119703022,119767102,64080
"ENSG00000183837","PNMA3",153056409,153060467,4058
"ENSG00000183840","GPR39",132416805,132646582,229777
"ENSG00000183844","FAM3B",41304212,41357431,53219
"ENSG00000183850","ZNF730",23075210,23147221,72011
"ENSG00000183853","KIRREL",157993273,158100262,106989
"ENSG00000183856","IQGAP3",156525405,156572604,47199
"ENSG00000183862","CNGA2",151738451,151745304,6853
"ENSG00000183864","TOB2",41433494,41446801,13307
"ENSG00000183873","SCN5A",38548057,38649673,101616
"ENSG00000183876","ARSI",150296343,150339307,42964
"ENSG00000183888","C1orf64",16004236,16008807,4571
"ENSG00000183891","TTC32",19896631,19901983,5352
"ENSG00000183908","LRRC55",57181747,57191717,9970
"ENSG00000183914","DNAH2",7717354,7833744,116390
"ENSG00000183918","SH2D1A",124227868,124373197,145329
"ENSG00000183935","HTR7P1",13000420,13004830,4410
"ENSG00000183943","PRKX",3604370,3713608,109238
"ENSG00000183955","SETD8",123383773,123409353,25580
"ENSG00000183960","KCNH8",19148510,19535642,387132
"ENSG00000183963","SMTN",31064105,31104757,40652
"ENSG00000184005","ST6GALNAC3",76074746,76634603,559857
"ENSG00000184007","PTP4A2",31906421,31944856,38435
"ENSG00000184009","ACTG1",81509971,81523847,13876
"ENSG00000184012","TMPRSS2",41464305,41531116,66811
"ENSG00000184014","DENND5A",9138825,9265350,126525
"ENSG00000184022","OR2T10",248590487,248597700,7213
"ENSG00000184029","DSCR4",37951425,38121360,169935
"ENSG00000184032","KRTAP20-2",30635236,30635619,383
"ENSG00000184047","DIABLO",122207668,122227456,19788
"ENSG00000184056","VPS33B",90998416,91022603,24187
"ENSG00000184058","TBX1",19756703,19783593,26890
"ENSG00000184060","ADAP2",30906344,30959322,52978
"ENSG00000184076","UQCR10",29767369,29770413,3044
"ENSG00000184083","FAM120C",54068324,54183281,114957
"ENSG00000184106","TREML3P",41208713,41217947,9234
"ENSG00000184108","TRIML1",188139419,188147743,8324
"ENSG00000184110","EIF3C",28688558,28735730,47172
"ENSG00000184113","CLDN5",19523024,19527545,4521
"ENSG00000184117","NIPSNAP1",29554808,29581337,26529
"ENSG00000184140","OR4F6",101803509,101806887,3378
"ENSG00000184144","CNTN2",205042937,205078289,35352
"ENSG00000184154","LRTOMT",72080331,72110782,30451
"ENSG00000184155","OR10J5",159535078,159536007,929
"ENSG00000184156","KCNQ3",132120859,132481095,360236
"ENSG00000184160","ADRA2C",3766348,3768526,2178
"ENSG00000184162","NR2C2AP",19201416,19203424,2008
"ENSG00000184164","CRELD2",49918167,49927540,9373
"ENSG00000184166","OR1D2",3088484,3104422,15938
"ENSG00000184178","SCFD2",52872982,53366066,493084
"ENSG00000184182","UBE2F",237966827,238042782,75955
"ENSG00000184185","KCNJ12",21376357,21419870,43513
"ENSG00000184194","GPR173",53049091,53080615,31524
"ENSG00000184205","TSPYL2",53082367,53088540,6173
"ENSG00000184209","SNRNP35",123457641,123473154,15513
"ENSG00000184210","DGAT2L6",70177483,70205545,28062
"ENSG00000184216","IRAK1",154010506,154019902,9396
"ENSG00000184220","C3orf26",99817837,100181732,363895
"ENSG00000184224","C11orf72",67602880,67606706,3826
"ENSG00000184226","PCDH9",66302834,67230445,927611
"ENSG00000184227","ACOT1",73537143,73543796,6653
"ENSG00000184232","OAF",120211032,120230334,19302
"ENSG00000184254","ALDH1A3",100877714,100916626,38912
"ENSG00000184258","CDR1",140783578,140784366,788
"ENSG00000184260","HIST2H2AC",149886975,149887364,389
"ENSG00000184271","POU6F1",51186936,51217708,30772
"ENSG00000184274","LINC00315",45300245,45305257,5012
"ENSG00000184276","DEFB108B",71833200,71837710,4510
"ENSG00000184277","TM2D3",101621444,101652391,30947
"ENSG00000184281","TSSC4",2400488,2403878,3390
"ENSG00000184292","TACSTD2",58575423,58577773,2350
"ENSG00000184293","CLECL1",9715860,9733299,17439
"ENSG00000184302","SIX6",60508951,60512850,3899
"ENSG00000184304","PRKD1",29576479,30191898,615419
"ENSG00000184305","FAM190A",90127535,91601913,1474378
"ENSG00000184307","ZDHHC23",113947901,113965401,17500
"ENSG00000184313","HEATR8",54641754,54710266,68512
"ENSG00000184321","OR51J1",5402597,5403547,950
"ENSG00000184330","S100A7A",153416520,153423222,6702
"ENSG00000184343","SRPK3",153776412,153785732,9320
"ENSG00000184344","GDF3",7689784,7695775,5991
"ENSG00000184345","IQCF2",51861629,51863424,1795
"ENSG00000184347","SLIT3",168661733,169301129,639396
"ENSG00000184349","EFNA5",107376889,107670937,294048
"ENSG00000184357","HIST1H1B",27866849,27867529,680
"ENSG00000184361","TEX34",45254393,45262094,7701
"ENSG00000184363","PKP3",392614,404908,12294
"ENSG00000184368","MAP7D2",20006713,20116907,110194
"ENSG00000184371","CSF1",109910242,109930992,20750
"ENSG00000184374","COLEC10",118995452,119108455,113003
"ENSG00000184378","ACTRT3",169766921,169769561,2640
"ENSG00000184381","PLA2G6",38111495,38214778,103283
"ENSG00000184384","MAML2",95976598,96343195,366597
"ENSG00000184385","C21orf128",42102134,42108534,6400
"ENSG00000184394","OR4N5",20138820,20145471,6651
"ENSG00000184402","SS18L1",62143769,62182514,38745
"ENSG00000184408","KCND2",120273175,120750337,477162
"ENSG00000184428","TOP1MT",143304384,143359979,55595
"ENSG00000184432","COPB2",139355600,139389680,34080
"ENSG00000184434","LRRC19",26993136,27005693,12557
"ENSG00000184436","THAP7",20999104,21002196,3092
"ENSG00000184445","KNTC1",122527246,122626396,99150
"ENSG00000184451","CCR10",42678889,42683917,5028
"ENSG00000184454","NCMAP",24556087,24609328,53241
"ENSG00000184459","BPIFC",32413847,32464484,50637
"ENSG00000184465","WDR27",169457212,169702067,244855
"ENSG00000184470","TXNRD2",19875517,19941820,66303
"ENSG00000184471","C1QTNF8",1090005,1096244,6239
"ENSG00000184478","OR56A3",5938751,5951347,12596
"ENSG00000184481","FOXO4",71096197,71103535,7338
"ENSG00000184486","POU3F2",98834592,98839470,4878
"ENSG00000184492","FOXD4L1",113498665,113501155,2490
"ENSG00000184497","FAM70B",113759240,113816995,57755
"ENSG00000184500","PROS1",93873033,93980003,106970
"ENSG00000184502","GAST",41712331,41715969,3638
"ENSG00000184507","C15orf55",34343315,34357737,14422
"ENSG00000184508","HDDC3",90929964,90935196,5232
"ENSG00000184517","ZFP1",75148494,75172236,23742
"ENSG00000184524","CEND1",787115,790113,2998
"ENSG00000184530","C6orf58",127519455,127591820,72365
"ENSG00000184544","DHRS7C",9771434,9791297,19863
"ENSG00000184545","DUSP8",1554051,1572271,18220
"ENSG00000184560","C17orf74",7425616,7427568,1952
"ENSG00000184564","SLITRK6",85792790,85806683,13893
"ENSG00000184571","PIWIL3",24719034,24774720,55686
"ENSG00000184574","LPAR5",6618835,6635960,17125
"ENSG00000184575","XPOT",64404392,64451125,46733
"ENSG00000184584","TMEM173",139475533,139482935,7402
"ENSG00000184588","PDE4B",65792514,66374579,582065
"ENSG00000184601","C14orf180",104579684,104590515,10831
"ENSG00000184602","SNN",11668455,11679152,10697
"ENSG00000184608","C8orf12",11368402,11438658,70256
"ENSG00000184611","KCNH7",162371407,162838730,467323
"ENSG00000184613","NELL2",44508275,44921848,413573
"ENSG00000184619","KRBA2",8356902,8376711,19809
"ENSG00000184634","MED12",71118556,71142454,23898
"ENSG00000184635","ZNF93",19900913,19963464,62551
"ENSG00000184640","SEPT9",77280569,77500596,220027
"ENSG00000184647","PRSS55",10525532,10554166,28634
"ENSG00000184650","ODF4",8339864,8346048,6184
"ENSG00000184661","CDCA2",25459199,25507911,48712
"ENSG00000184672","RALYL",84182787,84921844,739057
"ENSG00000184675","FAM123B",64185117,64205708,20591
"ENSG00000184677","ZBTB40",22428838,22531157,102319
"ENSG00000184678","HIST2H2BE",149884459,149886652,2193
"ENSG00000184697","CLDN6",3014712,3020071,5359
"ENSG00000184698","OR51M1",5383812,5393263,9451
"ENSG00000184702","SEPT5",19714503,19724224,9721
"ENSG00000184708","EIF4ENIF1",31436977,31496108,59131
"ENSG00000184716","SERINC4",43794162,43800221,6059
"ENSG00000184719","RNLS",88273864,88584530,310666
"ENSG00000184724","KRTAP6-1",30613431,30613930,499
"ENSG00000184730","APOBR",28494643,28498970,4327
"ENSG00000184731","FAM110C",38814,46870,8056
"ENSG00000184735","DDX53",22999961,23003589,3628
"ENSG00000184743","ATL3",63624087,63671921,47834
"ENSG00000184785","CXorf69",134990991,134992473,1482
"ENSG00000184787","UBE2G2",44768580,44801826,33246
"ENSG00000184788","SATL1",85092287,85243961,151674
"ENSG00000184792","OSBP2",30693782,30907824,214042
"ENSG00000184809","C21orf88",39597147,39612910,15763
"ENSG00000184814","PRR23B",139019031,139020926,1895
"ENSG00000184828","ZBTB7C",48026672,48410752,384080
"ENSG00000184838","PRR16",120464300,120687332,223032
"ENSG00000184840","TMED9",177592158,177596124,3966
"ENSG00000184845","DRD1",175440036,175444182,4146
"ENSG00000184857","TMEM186",8780384,8797642,17258
"ENSG00000184860","SDR42E1",81988855,82011481,22626
"ENSG00000184863","RBM33",155644451,155781485,137034
"ENSG00000184867","ARMCX2",101655281,101659850,4569
"ENSG00000184887","BTBD6",105248490,105251093,2603
"ENSG00000184898","RBM43",151247940,151261863,13923
"ENSG00000184903","IMMP2L",110663051,111562517,899466
"ENSG00000184905","TCEAL2",102125679,102140426,14747
"ENSG00000184908","CLCNKB",16043736,16057308,13572
"ENSG00000184916","JAG2",105140982,105168824,27842
"ENSG00000184922","FMNL1",45221444,45247319,25875
"ENSG00000184923","FAM22A",87225448,87236908,11460
"ENSG00000184924","PTRHD1",24789734,24793382,3648
"ENSG00000184925","LCN12",136949551,136955497,5946
"ENSG00000184933","OR6A2",6791736,6799689,7953
"ENSG00000184937","WT1",32387775,32435885,48110
"ENSG00000184939","ZFP90",68530090,68576072,45982
"ENSG00000184945","AQP12A",240691845,240698483,6638
"ENSG00000184949","FAM227A",38578120,38656629,78509
"ENSG00000184954","OR6C70",55469200,55470138,938
"ENSG00000184956","MUC6",1012823,1036718,23895
"ENSG00000184967","NOC4L",132144457,132152473,8016
"ENSG00000184983","NDUFA6",42085525,42090955,5430
"ENSG00000184985","SORCS2",7192538,7742836,550298
"ENSG00000184988","TMEM106A",43211835,43220041,8206
"ENSG00000184992","BRI3BP",124993645,125031231,37586
"ENSG00000184995","IFNE",21480839,21482313,1474
"ENSG00000184999","SLC22A10",63137867,63369718,231851
"ENSG00000185000","DGAT1",144314584,144326910,12326
"ENSG00000185002","RFX6",116877212,116932161,54949
"ENSG00000185008","ROBO2",75906695,77649964,1743269
"ENSG00000185009","AP3M1",74120255,74151063,30808
"ENSG00000185010","F8",154835788,155026940,191152
"ENSG00000185013","NT5C1B",18562872,18589572,26700
"ENSG00000185015","CA13",85220587,85284073,63486
"ENSG00000185019","UBOX5",3107573,3160196,52623
"ENSG00000185024","BRF1",105209286,105315589,106303
"ENSG00000185028","LRRC14B",191495,196334,4839
"ENSG00000185033","SEMA4B",90160604,90229679,69075
"ENSG00000185037","ZNF733P",63291518,63304056,12538
"ENSG00000185038","HEATR7B1",233775679,233833423,57744
"ENSG00000185046","ANKS1B",98726457,99984654,1258197
"ENSG00000185049","WHSC2",1982714,2041903,59189
"ENSG00000185052","SLC24A3",19212646,19722937,510291
"ENSG00000185053","SGCZ",14084845,15238431,1153586
"ENSG00000185055","EFCAB10",105565120,105600875,35755
"ENSG00000185056","C5orf47",173973779,174006140,32361
"ENSG00000185069","KRT76",52768155,52777345,9190
"ENSG00000185070","FLRT2",85530144,85654428,124284
"ENSG00000185085","INTS5",62646848,62653302,6454
"ENSG00000185088","RPS27L",63125872,63158021,32149
"ENSG00000185090","MANEAL",37793802,37801137,7335
"ENSG00000185100","ADSSL1",104724186,104747325,23139
"ENSG00000185101","ANO9",417933,442011,24078
"ENSG00000185104","FAF1",50437028,50960267,523239
"ENSG00000185105","MYADML2",81939645,81947233,7588
"ENSG00000185112","FAM43A",194686544,194689037,2493
"ENSG00000185115","NDNL2",29264992,29269829,4837
"ENSG00000185122","HSF1",144291591,144314720,23129
"ENSG00000185130","HIST1H2BL",27807444,27807931,487
"ENSG00000185133","INPP5J",31122731,31134697,11966
"ENSG00000185149","NPY2R",155208636,155217078,8442
"ENSG00000185156","MFSD6L",8797162,8799349,2187
"ENSG00000185158","LRRC37B",32007872,32053504,45632
"ENSG00000185163","DDX51",132136594,132144319,7725
"ENSG00000185164","NOMO2",18417325,18562211,144886
"ENSG00000185176","AQP12B",240676418,240682906,6488
"ENSG00000185177","ZNF479",57119614,57139864,20250
"ENSG00000185182","GOLGA8DP",22427039,22437902,10863
"ENSG00000185186","LINC00313",43461960,43479534,17574
"ENSG00000185189","NRBP2",143833583,143840973,7390
"ENSG00000185198","PRSS57",685546,695498,9952
"ENSG00000185201","IFITM2",307631,315272,7641
"ENSG00000185215","TNFAIP2",103123442,103137439,13997
"ENSG00000185219","ZNF445",44431705,44477670,45965
"ENSG00000185220","PGBD2",248906196,248919946,13750
"ENSG00000185222","WBP5",103356489,103358462,1973
"ENSG00000185231","MC2R",13882044,13915707,33663
"ENSG00000185236","RAB11B",8389981,8404434,14453
"ENSG00000185238","PRMT3",20387558,20509338,121780
"ENSG00000185245","GP1BA",4932277,4935023,2746
"ENSG00000185246","PRPF39",45084099,45116282,32183
"ENSG00000185247","MAGEA11",149688228,149717268,29040
"ENSG00000185250","PPIL6",109390215,109441171,50956
"ENSG00000185252","ZNF74",20394115,20408461,14346
"ENSG00000185261","KIAA0825",94152966,94618597,465631
"ENSG00000185262","FAM100B",76265348,76271298,5950
"ENSG00000185264","TEX33",36991120,37007851,16731
"ENSG00000185269","NOTUM",81952507,81961840,9333
"ENSG00000185271","KLHL33",20425852,20436158,10306
"ENSG00000185272","RBM11",14216130,14228372,12242
"ENSG00000185274","WBSCR17",71132144,71713600,581456
"ENSG00000185278","ZBTB37",173868082,173903549,35467
"ENSG00000185291","IL3RA",1336616,1382689,46073
"ENSG00000185294","SPPL2C",45844835,45847072,2237
"ENSG00000185298","CCDC137",81666737,81673904,7167
"ENSG00000185304","RGPD2",87755960,87825952,69992
"ENSG00000185305","ARL15",53883942,54310582,426640
"ENSG00000185306","C12orf56",64264762,64391192,126430
"ENSG00000185313","SCN10A",38696802,38816286,119484
"ENSG00000185324","CDK10",89680737,89696354,15617
"ENSG00000185339","TCN2",30606838,30627278,20440
"ENSG00000185340","GAS2L1",29306582,29312785,6203
"ENSG00000185344","ATP6V0A2",123712353,123761755,49402
"ENSG00000185345","PARK2",161347417,162727771,1380354
"ENSG00000185347","C14orf80",105489855,105499575,9720
"ENSG00000185352","HS6ST3",96090839,96839562,748723
"ENSG00000185359","HGS",81683326,81703138,19812
"ENSG00000185361","TNFAIP8L1",4639516,4655568,16052
"ENSG00000185372","OR2V1",181123122,181131169,8047
"ENSG00000185379","RAD51D",35092208,35121522,29314
"ENSG00000185385","OR7A17",14878203,14886132,7929
"ENSG00000185404","SP140L",230327184,230403732,76548
"ENSG00000185418","TARSL2",101653596,101724473,70877
"ENSG00000185420","SMYD3",245749342,246507312,757970
"ENSG00000185432","METTL7A",50923472,50932510,9038
"ENSG00000185436","IL28RA",24154168,24187959,33791
"ENSG00000185437","SH3BGR",39445855,39515506,69651
"ENSG00000185442","FAM174B",92617448,92809884,192436
"ENSG00000185448","FAM47A",34129756,34132314,2558
"ENSG00000185453","C19orf68",48170680,48197620,26940
"ENSG00000185467","KPNA7",99173574,99207506,33932
"ENSG00000185475","TMEM179B",62787402,62790400,2998
"ENSG00000185477","GPRIN3",89236383,89307800,71417
"ENSG00000185479","KRT6B",52446651,52452146,5495
"ENSG00000185480","PARPBP",102120185,102197520,77335
"ENSG00000185482","STAC3",57243453,57251188,7735
"ENSG00000185483","ROR1",63774017,64181498,407481
"ENSG00000185485","SDHAP1",195959748,195990318,30570
"ENSG00000185499","MUC1",155185824,155192916,7092
"ENSG00000185504","C17orf70",81539885,81553961,14076
"ENSG00000185507","IRF7",612553,615983,3430
"ENSG00000185513","L3MBTL1",43489442,43550950,61508
"ENSG00000185515","BRCC3",155071420,155123074,51654
"ENSG00000185518","SV2B",91099950,91301309,201359
"ENSG00000185519","FAM131C",16057769,16073651,15882
"ENSG00000185522","C11orf35",554850,560738,5888
"ENSG00000185523","C1orf227",212830141,212847649,17508
"ENSG00000185532","PRKG1",50990888,52298350,1307462
"ENSG00000185551","NR2F2",96325938,96340263,14325
"ENSG00000185559","DLK1",100725705,100738224,12519
"ENSG00000185565","LSAMP",115802363,117139389,1337026
"ENSG00000185567","AHNAK2",104937244,104978374,41130
"ENSG00000185585","OLFML2A",124777133,124814885,37752
"ENSG00000185591","SP1",53380176,53416446,36270
"ENSG00000185594","SPATA8",96783389,96785615,2226
"ENSG00000185596","WASH3P",101961603,101976543,14940
"ENSG00000185608","MRPL40",19431902,19436075,4173
"ENSG00000185610","DBX2",45014672,45051099,36427
"ENSG00000185614","FAM212A",49803254,49805030,1776
"ENSG00000185615","PDIA2",283152,287215,4063
"ENSG00000185619","PCGF3",705748,770640,64892
"ENSG00000185621","LMLN",197960200,198043720,83520
"ENSG00000185624","P4HB",81843161,81860624,17463
"ENSG00000185627","PSMD13",236966,252984,16018
"ENSG00000185630","PBX1",164555584,164899296,343712
"ENSG00000185633","NDUFA4L2",57234903,57240715,5812
"ENSG00000185634","SHC4",48823741,48963919,140178
"ENSG00000185640","KRT79",52821410,52834295,12885
"ENSG00000185650","ZFP36L1",68787660,68796253,8593
"ENSG00000185651","UBE2L3",21549447,21624034,74587
"ENSG00000185652","NTF3",5432108,5521536,89428
"ENSG00000185658","BRWD1",39184176,39321559,137383
"ENSG00000185664","PMEL",55954105,55973317,19212
"ENSG00000185666","SYN3",32512552,33058372,545820
"ENSG00000185669","SNAI3",88677688,88686507,8819
"ENSG00000185670","ZBTB3",62748319,62754160,5841
"ENSG00000185674","LYG2",99242246,99255282,13036
"ENSG00000185681","MORN5",122159908,122200088,40180
"ENSG00000185684","EP400NL",132084283,132131639,47356
"ENSG00000185686","PRAME",22547701,22559361,11660
"ENSG00000185689","C6orf201",4079206,4130951,51745
"ENSG00000185697","MYBL1",66562175,66614247,52072
"ENSG00000185721","DRG1",31399523,31530634,131111
"ENSG00000185722","ANKFY1",4163821,4263995,100174
"ENSG00000185728","YTHDF3",63168553,63212786,44233
"ENSG00000185736","ADARB2",1177313,1737525,560212
"ENSG00000185737","NRG3",81875194,82987179,1111985
"ENSG00000185739","SRL",4189374,4242080,52706
"ENSG00000185742","C11orf87",109422120,109429114,6994
"ENSG00000185745","IFIT1",89392546,89406487,13941
"ENSG00000185753","CXorf38",40626921,40647561,20640
"ENSG00000185758","CLDN24",183321764,183322426,662
"ENSG00000185760","KCNQ5",72621792,73198851,577059
"ENSG00000185761","ADAMTSL5",1505022,1513604,8582
"ENSG00000185774","KCNIP4",20728606,21948772,1220166
"ENSG00000185775","FAM75A6",42183659,42189882,6223
"ENSG00000185787","MORF4L1",78810487,78898133,87646
"ENSG00000185792","NLRP9",55708432,55738402,29970
"ENSG00000185798","WDR53",196554177,196568674,14497
"ENSG00000185800","DMWD",45782947,45792845,9898
"ENSG00000185803","SLC52A2",144354135,144361272,7137
"ENSG00000185808","PIGP",37059170,37073170,14000
"ENSG00000185811","IKZF1",50304068,50405101,101033
"ENSG00000185813","PCYT2",81900965,81911464,10499
"ENSG00000185818","NAT8L",2059512,2069089,9577
"ENSG00000185821","OR6C76",55426254,55427192,938
"ENSG00000185823","NPAP1",24675868,24683393,7525
"ENSG00000185825","BCAP31",153700492,153724746,24254
"ENSG00000185838","GNB1L",19783223,19854939,71716
"ENSG00000185842","DNAH14",224896262,225399292,503030
"ENSG00000185860","C1orf110",162824458,162868815,44357
"ENSG00000185862","EVI2B",31303770,31314105,10335
"ENSG00000185869","ZNF829",36888124,36916291,28167
"ENSG00000185873","TMPRSS11B",68226653,68245720,19067
"ENSG00000185875","THNSL1",25016612,25026664,10052
"ENSG00000185880","TRIM69",44728988,44767829,38841
"ENSG00000185883","ATP6V0C",2513952,2520218,6266
"ENSG00000185885","IFITM1",313506,315272,1766
"ENSG00000185888","PRSS38",227815693,227846470,30777
"ENSG00000185896","LAMP1",113297239,113323672,26433
"ENSG00000185897","FFAR3",35358460,35360485,2025
"ENSG00000185899","TAS2R60",143443453,143444409,956
"ENSG00000185900","SGK196",43093506,43123434,29928
"ENSG00000185905","C16orf54",29742463,29745990,3527
"ENSG00000185909","KLHDC8B",49171598,49176486,4888
"ENSG00000185915","KLHL34",21654690,21658330,3640
"ENSG00000185917","SETD4",36034541,36079389,44848
"ENSG00000185920","PTCH1",95442980,95517057,74077
"ENSG00000185924","RTN4RL1",1934677,2025334,90657
"ENSG00000185926","OR4C46",54603069,54603998,929
"ENSG00000185940","KRTAP5-5",1629775,1630707,932
"ENSG00000185942","NKAIN3",62248591,62999652,751061
"ENSG00000185946","RNPC3",103525691,103555239,29548
"ENSG00000185947","ZNF267",31873807,31917357,43550
"ENSG00000185955","C7orf61",100456620,100464260,7640
"ENSG00000185958","FAM186A",50326230,50396622,70392
"ENSG00000185960","SHOX",624344,659411,35067
"ENSG00000185962","LCE3A",152622834,152623103,269
"ENSG00000185963","BICD2",92711363,92764833,53470
"ENSG00000185972","CCIN",36169394,36171334,1940
"ENSG00000185973","TMLHE",155489011,155669944,180933
"ENSG00000185974","GRK1",113667219,113737736,70517
"ENSG00000185982","DEFB128",187853,189681,1828
"ENSG00000185985","SLITRK2",145817832,145829856,12024
"ENSG00000185989","RASA3",113977783,114132623,154840
"ENSG00000186001","LRCH3",197791226,197888436,97210
"ENSG00000186007","LEMD1",205381378,205455954,74576
"ENSG00000186008","RPS4XP21",34092561,34093310,749
"ENSG00000186009","ATP4B",113648804,113658186,9382
"ENSG00000186010","NDUFA13",19515736,19529054,13318
"ENSG00000186017","ZNF566",36445119,36489902,44783
"ENSG00000186020","ZNF529",36534774,36605276,70502
"ENSG00000186026","ZNF284",44072159,44089613,17454
"ENSG00000186038","HTR3E",184097064,184106995,9931
"ENSG00000186047","DLEU7",50519364,50843939,324575
"ENSG00000186049","KRT73",52607570,52618559,10989
"ENSG00000186056","MATN1-AS1",30718504,30726827,8323
"ENSG00000186063","AIDA",222668013,222713210,45197
"ENSG00000186074","CD300LF",74694311,74712978,18667
"ENSG00000186075","ZPBP2",39868164,39877896,9732
"ENSG00000186081","KRT5",52514575,52520530,5955
"ENSG00000186088","PION",77310751,77416349,105598
"ENSG00000186090","HTR3D",184031544,184039369,7825
"ENSG00000186092","OR4F5",65419,71585,6166
"ENSG00000186094","AGBL4",48532854,50023954,1491100
"ENSG00000186103","ARGFX",121567917,121590622,22705
"ENSG00000186105","LRRC70",62578819,62581446,2627
"ENSG00000186106","ANKRD46",100509752,100559784,50032
"ENSG00000186111","PIP5K1C",3630183,3700479,70296
"ENSG00000186113","OR5D14",55795556,55796500,944
"ENSG00000186115","CYP4F2",15878023,15898077,20054
"ENSG00000186118","ATPAF1-AS1",46668855,46673594,4739
"ENSG00000186119","OR5D18",55819607,55820597,990
"ENSG00000186130","ZBTB6",122908056,122913323,5267
"ENSG00000186132","C2orf76",119302225,119366834,64609
"ENSG00000186136","TAS2R42",11185993,11186937,944
"ENSG00000186141","POLR3C",145824088,145844402,20314
"ENSG00000186146","DEFB131",9444534,9450514,5980
"ENSG00000186150","UBL4B",110112468,110113945,1477
"ENSG00000186153","WWOX",78099430,79212667,1113237
"ENSG00000186160","CYP4Z1",47067231,47118318,51087
"ENSG00000186162","CIDECP",10014238,10026365,12127
"ENSG00000186166","CCDC84",118998138,119015793,17655
"ENSG00000186174","BCL9L",118893875,118925608,31733
"ENSG00000186184","POLR1D",27620742,27744237,123495
"ENSG00000186185","KIF18B",44924709,44947711,23002
"ENSG00000186187","ZNRF1",74999030,75110994,111964
"ENSG00000186188","O3FAR1",93566665,93604480,37815
"ENSG00000186190","BPIFB3",33055424,33073628,18204
"ENSG00000186191","BPIFB4",33079644,33111751,32107
"ENSG00000186193","SAPCD2",137062127,137070557,8430
"ENSG00000186198","SLC51B",65045387,65053397,8010
"ENSG00000186204","CYP4F12",15672757,15697174,24417
"ENSG00000186205","MARC1",220786913,220819659,32746
"ENSG00000186207","LCE5A",152510803,152512177,1374
"ENSG00000186212","SOWAHB",76894928,76898147,3219
"ENSG00000186226","LCE1E",152786214,152788426,2212
"ENSG00000186230","ZNF749",57435325,57447101,11776
"ENSG00000186231","KLHL32",96924620,97140754,216134
"ENSG00000186260","MKL2",14071321,14266773,195452
"ENSG00000186265","BTLA",112463966,112499472,35506
"ENSG00000186272","ZNF17",57411163,57421939,10776
"ENSG00000186280","KDM4D",94973709,94999519,25810
"ENSG00000186281","GPAT2",96021946,96039451,17505
"ENSG00000186283","TOR3A",179082070,179098023,15953
"ENSG00000186297","GABRA5",26866911,26949208,82297
"ENSG00000186298","PPP1CC",110719680,110742939,23259
"ENSG00000186300","ZNF555",2841437,2860471,19034
"ENSG00000186306","OR10T2",158398522,158399466,944
"ENSG00000186310","NAP1L3",93670930,93673568,2638
"ENSG00000186312","CA5BP1",15674932,15703724,28792
"ENSG00000186314","PRELID2",145471799,145835369,363570
"ENSG00000186318","BACE1",117285207,117316259,31052
"ENSG00000186329","TMEM212",171843349,171938715,95366
"ENSG00000186334","SLC36A3",151276762,151303766,27004
"ENSG00000186335","SLC36A2",151314972,151347590,32618
"ENSG00000186340","THBS2",169215780,169254044,38264
"ENSG00000186350","RXRA",134317098,134440585,123487
"ENSG00000186352","ANKRD37",185396021,185400628,4607
"ENSG00000186364","NUDT17",145845630,145848954,3324
"ENSG00000186376","ZNF75D",135248920,135344109,95189
"ENSG00000186377","CYP4X1",47023669,47050751,27082
"ENSG00000186393","KRT26",40766238,40772162,5924
"ENSG00000186395","KRT10",40818117,40822614,4497
"ENSG00000186407","CD300E",74609885,74623738,13853
"ENSG00000186409","CCDC30",42463221,42657190,193969
"ENSG00000186416","NKRF",119588337,119606443,18106
"ENSG00000186417","GLDN",51341655,51408005,66350
"ENSG00000186431","FCAR",54874235,54891420,17185
"ENSG00000186432","KPNA4",160495007,160565571,70564
"ENSG00000186439","TRDN",123216339,123637093,420754
"ENSG00000186440","OR6P1",158560606,158570580,9974
"ENSG00000186442","KRT3",52789685,52796117,6432
"ENSG00000186446","ZNF501",44729596,44737083,7487
"ENSG00000186448","ZNF197",44584888,44648471,63583
"ENSG00000186452","TMPRSS12",50842920,50887884,44964
"ENSG00000186453","FAM228A",24175053,24200849,25796
"ENSG00000186458","DEFB132",257724,261096,3372
"ENSG00000186462","NAP1L2",73212299,73214848,2549
"ENSG00000186469","GNG2",51826195,51979342,153147
"ENSG00000186470","BTN3A2",26365159,26378320,13161
"ENSG00000186471","AKAP14",119895837,119920716,24879
"ENSG00000186472","PCLO",82754012,83162930,408918
"ENSG00000186474","KLK12",51029092,51035230,6138
"ENSG00000186479","RGS7BP",64506257,64612312,106055
"ENSG00000186481","ANKRD20A5P",14179097,14252140,73043
"ENSG00000186487","MYT1L",1789113,2331664,542551
"ENSG00000186493","C5orf38",2752131,2755397,3266
"ENSG00000186496","ZNF396",35366694,35377337,10643
"ENSG00000186509","OR9Q1",58023881,58181616,157735
"ENSG00000186510","CLCNKA",16018875,16034050,15175
"ENSG00000186513","OR9Q2",58189070,58194053,4983
"ENSG00000186517","ARHGAP30",161046946,161069970,23024
"ENSG00000186522","SEPT10",109542799,109614143,71344
"ENSG00000186523","FAM86B1",12182096,12194133,12037
"ENSG00000186526","CYP4F8",15615218,15630638,15420
"ENSG00000186529","CYP4F3",15640897,15662825,21928
"ENSG00000186532","SMYD4",1779485,1830634,51149
"ENSG00000186562","DEFB105A",7821966,7823889,1923
"ENSG00000186566","GPATCH8",44395281,44503430,108149
"ENSG00000186567","CEACAM19",44662278,44684359,22081
"ENSG00000186575","NF2",29603556,29698598,95042
"ENSG00000186577","C6orf1",34246381,34249108,2727
"ENSG00000186583","SPATC1",144012414,144047085,34671
"ENSG00000186594","MIR22HG",1711493,1717174,5681
"ENSG00000186603","HPDL",45326905,45328533,1628
"ENSG00000186625","KATNA1",149594873,149648972,54099
"ENSG00000186628","FSD2",82755362,82806070,50708
"ENSG00000186635","ARAP1",72685069,72793599,108530
"ENSG00000186638","KIF24",34252381,34311371,58990
"ENSG00000186642","PDE2A",72576141,72674591,98450
"ENSG00000186648","LRRC16B",24052009,24069729,17720
"ENSG00000186652","PRG2",57386780,57390650,3870
"ENSG00000186660","ZFP91",58579063,58621550,42487
"ENSG00000186666","BCDIN3D",49836043,49843106,7063
"ENSG00000186675","MAGEE2",75782988,75785236,2248
"ENSG00000186684","CYP27C1",127184120,127220313,36193
"ENSG00000186687","LYRM7",131170944,131205428,34484
"ENSG00000186704","DTX2P1",76978617,77004308,25691
"ENSG00000186710","CCDC42B",113149858,113159276,9418
"ENSG00000186714","CCDC73",32602246,32794658,192412
"ENSG00000186715","MST1P9",16754910,16770237,15327
"ENSG00000186716","BCR",23179704,23318037,138333
"ENSG00000186723","OR10H1",15804549,15815664,11115
"ENSG00000186765","FSCN2",81528396,81537130,8734
"ENSG00000186777","ZNF732",270675,305321,34646
"ENSG00000186787","SPIN2B",57118551,57121546,2995
"ENSG00000186788","FAM75D3",81943586,81950038,6452
"ENSG00000186790","FOXE3",47416285,47418052,1767
"ENSG00000186792","HYAL3",50292831,50299405,6574
"ENSG00000186795","KCNK18",117197489,117210299,12810
"ENSG00000186803","IFNA10",21206181,21207143,962
"ENSG00000186806","VSIG10L",51331536,51342124,10588
"ENSG00000186810","CXCR3",71615916,71618511,2595
"ENSG00000186812","ZNF397",35241030,35267133,26103
"ENSG00000186814","ZSCAN30",35251058,35290245,39187
"ENSG00000186815","TPCN1",113221050,113298585,77535
"ENSG00000186818","LILRB4",54643889,54670359,26470
"ENSG00000186831","KRT17P2",18426861,18431848,4987
"ENSG00000186832","KRT16",41609778,41615899,6121
"ENSG00000186834","HEXIM1",45148502,45152101,3599
"ENSG00000186844","LCE1A",152827473,152827894,421
"ENSG00000186847","KRT14",41582279,41586895,4616
"ENSG00000186854","TRABD2A",84821650,84907008,85358
"ENSG00000186860","KRTAP17-1",41314917,41315695,778
"ENSG00000186862","PDZD7",101007679,101032295,24616
"ENSG00000186866","POFUT2",45263928,45287898,23970
"ENSG00000186868","MAPT",45894382,46028334,133952
"ENSG00000186871","ERCC6L",72204657,72239027,34370
"ENSG00000186881","OR13F1",104504263,104505222,959
"ENSG00000186889","TMEM17",62500218,62511894,11676
"ENSG00000186895","FGF3",69809968,69819416,9448
"ENSG00000186907","RTN4RL2",57460528,57477534,17006
"ENSG00000186908","ZDHHC17",76763588,76853696,90108
"ENSG00000186910","SERPINA11",94442464,94452800,10336
"ENSG00000186912","P2RY4",70258170,70259764,1594
"ENSG00000186918","ZNF395",28345590,28402701,57111
"ENSG00000186919","ZACN",76071961,76083666,11705
"ENSG00000186925","KRTAP19-6",30541535,30541864,329
"ENSG00000186943","OR13C8",104569168,104570130,962
"ENSG00000186951","PPARA",46150521,46243756,93235
"ENSG00000186952","TMEM232",110289233,110738956,449723
"ENSG00000186965","KRTAP19-2",30487043,30487436,393
"ENSG00000186967","KRTAP19-4",30496824,30497133,309
"ENSG00000186970","KRTAP15-1",30440275,30440945,670
"ENSG00000186971","KRTAP13-4",30430230,30431026,796
"ENSG00000186976","EFCAB6",43528744,43812337,283593
"ENSG00000186980","KRTAP23-1",30348399,30348609,210
"ENSG00000186994","KANK3",8322584,8343262,20678
"ENSG00000186998","EMID1",29205896,29259597,53701
"ENSG00000187003","ACTL7A",108862266,108863759,1493
"ENSG00000187005","KRTAP21-1",30755015,30755428,413
"ENSG00000187010","RHD",25272393,25330445,58052
"ENSG00000187012","LINC00207",44569295,44572453,3158
"ENSG00000187013","C17orf82",61411751,61413280,1529
"ENSG00000187017","ESPN",6424776,6461367,36591
"ENSG00000187021","PNLIPRP1",116590385,116609175,18790
"ENSG00000187024","PTRH1",127690348,127724873,34525
"ENSG00000187026","KRTAP21-2",30746794,30747233,439
"ENSG00000187033","SAMD7",169911572,169939175,27603
"ENSG00000187037","GPR141",37683796,37833788,149992
"ENSG00000187045","TMPRSS6",37065436,37109713,44277
"ENSG00000187048","CYP4A11",46929177,46941484,12307
"ENSG00000187049","TMEM216",61391687,61398863,7176
"ENSG00000187054","TMPRSS11A",67909385,67964140,54755
"ENSG00000187068","C3orf70",185076838,185153060,76222
"ENSG00000187079","TEAD1",12674421,12944737,270316
"ENSG00000187080","OR2AK2",247965233,247966386,1153
"ENSG00000187091","PLCD1",38007496,38029762,22266
"ENSG00000187097","ENTPD5",73958010,74019399,61389
"ENSG00000187098","MITF",69739435,69968337,228902
"ENSG00000187105","HEATR4",73478484,73558947,80463
"ENSG00000187109","NAP1L1",76036585,76084958,48373
"ENSG00000187116","LILRA5",54307070,54313139,6069
"ENSG00000187122","SLIT1",96998038,97185959,187921
"ENSG00000187123","LYPD6",149329985,149474138,144153
"ENSG00000187134","AKR1C1",4963253,4983283,20030
"ENSG00000187135","VSTM2B",29526499,29564479,37980
"ENSG00000187140","FOXD3",63323041,63325126,2085
"ENSG00000187144","SPATA21",16387117,16437424,50307
"ENSG00000187147","RNF220",44405194,44651724,246530
"ENSG00000187151","ANGPTL5",101890674,101916522,25848
"ENSG00000187164","KIAA1598",116881477,117126586,245109
"ENSG00000187166","H1FNT",48328980,48330279,1299
"ENSG00000187170","LCE4A",152708160,152709491,1331
"ENSG00000187172","BAGE2",10413477,10516431,102954
"ENSG00000187173","LCE2A",152698345,152699442,1097
"ENSG00000187180","LCE2C",152675295,152676574,1279
"ENSG00000187187","ZNF546",39984134,40021038,36904
"ENSG00000187189","TSPYL4",116249961,116254140,4179
"ENSG00000187193","MT1X",56682470,56684196,1726
"ENSG00000187223","LCE2D",152663396,152664659,1263
"ENSG00000187231","SESTD1",179101678,179264832,163154
"ENSG00000187238","LCE3B",152613811,152614098,287
"ENSG00000187239","FNBP1",129887187,130043194,156007
"ENSG00000187240","DYNC2H1",103109410,103479863,370453
"ENSG00000187242","KRT12",40861303,40867223,5920
"ENSG00000187257","RSBN1L",77696459,77783022,86563
"ENSG00000187258","NPSR1",34658239,34878332,220093
"ENSG00000187260","WDR86",151375909,151410727,34818
"ENSG00000187266","EPOR",11377207,11384342,7135
"ENSG00000187268","FAM9C",13035617,13044682,9065
"ENSG00000187272","KRTAP9-8",41238045,41239004,959
"ENSG00000187323","DCC",52340197,53535903,1195706
"ENSG00000187372","PCDHB13",141213919,141218979,5060
"ENSG00000187391","MAGI2",78017055,79453667,1436612
"ENSG00000187398","LUZP2",24496970,25082638,585668
"ENSG00000187416","LHFPL3",104328700,104907232,578532
"ENSG00000187446","CHP1",41230839,41281887,51048
"ENSG00000187474","FPR3",51795157,51826190,31033
"ENSG00000187475","HIST1H1T",26107419,26108136,717
"ENSG00000187483","SERPINA13",94640725,94646994,6269
"ENSG00000187486","KCNJ11",17385859,17389331,3472
"ENSG00000187492","CDHR4",49790732,49799873,9141
"ENSG00000187498","COL4A1",110148963,110307157,158194
"ENSG00000187510","PLEKHG7",92702843,92772455,69612
"ENSG00000187513","GJA4",34792999,34795747,2748
"ENSG00000187514","PTMA",231706895,231713541,6646
"ENSG00000187522","HSPA14",14838306,14871741,33435
"ENSG00000187527","ATP13A5",193274790,193378843,104053
"ENSG00000187531","SIRT7",81911939,81921323,9384
"ENSG00000187533","C4orf40",70133616,70176799,43183
"ENSG00000187535","IFT140",1510427,1612072,101645
"ENSG00000187537","POTEM",19402486,19434341,31855
"ENSG00000187545","PRAMEF10",12892896,12898270,5374
"ENSG00000187546","AGMO",15200317,15562015,361698
"ENSG00000187550","SBK2",55529733,55537089,7356
"ENSG00000187554","TLR5",223109404,223143248,33844
"ENSG00000187555","USP7",8892097,8964514,72417
"ENSG00000187556","NANOS3",13862063,13880757,18694
"ENSG00000187559","FOXD4L3",68302867,68304905,2038
"ENSG00000187566","NHLRC1",18120440,18122687,2247
"ENSG00000187569","DPPA3",7711433,7717559,6126
"ENSG00000187583","PLEKHN1",966497,975865,9368
"ENSG00000187595","ZNF385C",42025576,42098479,72903
"ENSG00000187600","TMEM247",46429190,46441833,12643
"ENSG00000187601","MAGEH1",55452105,55453566,1461
"ENSG00000187605","TET3",73986404,74108176,121772
"ENSG00000187609","EXD3",137306896,137423211,116315
"ENSG00000187612","OR5W2",55913650,55914582,932
"ENSG00000187616","TMEM8C",133514586,133528612,14026
"ENSG00000187621","TCL6",95650498,95679833,29335
"ENSG00000187624","C17orf97",410325,431062,20737
"ENSG00000187626","ZKSCAN4",28241697,28252269,10572
"ENSG00000187627","RGPD1",86907953,87013976,106023
"ENSG00000187630","DHRS4L2",23969874,24006408,36534
"ENSG00000187634","SAMD11",923928,944581,20653
"ENSG00000187642","C1orf170",975204,982093,6889
"ENSG00000187658","C5orf52",157671533,157680158,8625
"ENSG00000187664","HAPLN4",19254756,19262804,8048
"ENSG00000187672","ERC2",55508311,56468467,960156
"ENSG00000187676","B3GALTL",31199975,31332276,132301
"ENSG00000187678","SPRY4",142310427,142326455,16028
"ENSG00000187686","ENSG00000187686",125113161,125126781,13620
"ENSG00000187688","TRPV2",16415571,16437003,21432
"ENSG00000187690","CXorf67",51406948,51408843,1895
"ENSG00000187701","OR2T27",248649838,248655528,5690
"ENSG00000187714","SLC18A3",49610310,49612720,2410
"ENSG00000187715","KBTBD12",127915232,127987671,72439
"ENSG00000187720","THSD4",71096952,71783383,686431
"ENSG00000187726","DNAJB13",73950319,73970366,20047
"ENSG00000187730","GABRD",2019329,2030758,11429
"ENSG00000187733","AMY1C",103750406,103758690,8284
"ENSG00000187735","TCEA1",53966552,54022456,55904
"ENSG00000187736","NHEJ1",219075317,219160865,85548
"ENSG00000187741","FANCA",89737549,89816657,79108
"ENSG00000187742","SECISBP2",89318506,89359662,41156
"ENSG00000187747","OR52B6",5580877,5581884,1007
"ENSG00000187753","C9orf153",86220265,86259657,39392
"ENSG00000187754","SSX7",52644090,52654900,10810
"ENSG00000187758","ADH1A",99276369,99291003,14634
"ENSG00000187764","SEMA4D",89360787,89498130,137343
"ENSG00000187766","KRTAP10-8",44612079,44612954,875
"ENSG00000187772","LIN28B",104936616,105083332,146716
"ENSG00000187773","FAM69C",74434099,74457944,23845
"ENSG00000187775","DNAH17",78423697,78577394,153697
"ENSG00000187778","MCRS1",49556544,49568145,11601
"ENSG00000187790","FANCM",45135930,45200890,64960
"ENSG00000187792","ZNF70",23738682,23751112,12430
"ENSG00000187796","CARD9",136361903,136373681,11778
"ENSG00000187800","PEAR1",156893698,156916434,22736
"ENSG00000187801","ZNF643",40450102,40463718,13616
"ENSG00000187815","ZNF642",40477290,40496343,19053
"ENSG00000187821","HELT",185018841,185020804,1963
"ENSG00000187823","ZCCHC16",112454500,112457112,2612
"ENSG00000187824","TMEM220",10699015,10730316,31301
"ENSG00000187833","C2orf78",73784189,73817147,32958
"ENSG00000187837","HIST1H1C",26055787,26056428,641
"ENSG00000187838","PLSCR3",7389727,7394842,5115
"ENSG00000187840","EIF4EBP1",38030534,38060365,29831
"ENSG00000187848","P2RX2",132618776,132622386,3610
"ENSG00000187857","OR6C75",55362975,55369279,6304
"ENSG00000187860","CCDC157",30356635,30378658,22023
"ENSG00000187862","TTC24",156579727,156586770,7043
"ENSG00000187866","FAM122A",68780034,68784608,4574
"ENSG00000187867","PALM3",14053363,14062076,8713
"ENSG00000187871","GFRAL",55327469,55402493,75024
"ENSG00000187889","C1orf168",56718789,56819696,100907
"ENSG00000187902","SHISA7",55428740,55442863,14123
"ENSG00000187908","DMBT1",122560665,122643740,83075
"ENSG00000187912","CLEC17A",14583084,14611157,28073
"ENSG00000187922","LCN10",136738167,136743356,5189
"ENSG00000187942","LDLRAD2",21812265,21825221,12956
"ENSG00000187950","OVCH1",29412474,29497686,85212
"ENSG00000187951","ARHGAP11B",30658717,30772993,114276
"ENSG00000187953","PMS2CL",6710128,6753862,43734
"ENSG00000187954","CYHR1",144449582,144465677,16095
"ENSG00000187955","COL14A1",120059780,120373573,313793
"ENSG00000187957","DNER",229357629,229714555,356926
"ENSG00000187961","KLHL17",960584,965719,5135
"ENSG00000187969","ZCCHC13",74304190,74305031,841
"ENSG00000187980","PLA2G2C",20161253,20177424,16171
"ENSG00000187984","ANKRD19P",92809388,92888693,79305
"ENSG00000187987","ZSCAN23",28431930,28443502,11572
"ENSG00000187997","C17orf99",78146353,78166177,19824
"ENSG00000188000","OR7D2",9178979,9188817,9838
"ENSG00000188001","TPRG1",188947214,189325304,378090
"ENSG00000188004","C1orf204",159834495,159855237,20742
"ENSG00000188011","CXXC11",241869600,241873823,4223
"ENSG00000188015","S100A3",153547329,153549258,1929
"ENSG00000188021","UBQLN2",56563639,56567868,4229
"ENSG00000188026","RILPL1",123470054,123533719,63665
"ENSG00000188029","CTSL3",87772453,87786884,14431
"ENSG00000188033","ZNF490",12576100,12640098,63998
"ENSG00000188037","CLCN1",143316126,143352083,35957
"ENSG00000188038","NRN1L",67884885,67888855,3970
"ENSG00000188039","NWD1",16719976,16817963,97987
"ENSG00000188050","RNF133",122697712,122699156,1444
"ENSG00000188056","TREML4",41228324,41238882,10558
"ENSG00000188060","RAB42",28592200,28595443,3243
"ENSG00000188064","WNT7B",45920366,45977162,56796
"ENSG00000188070","C11orf95",63759892,63768775,8883
"ENSG00000188076","SCGB1C1",193080,194573,1493
"ENSG00000188089","PLA2G4E",41981582,42051190,69608
"ENSG00000188100","FAM25A",87020294,87024730,4436
"ENSG00000188107","EYS",63719980,65707225,1987245
"ENSG00000188112","C6orf132",42101119,42142620,41501
"ENSG00000188124","OR2AG2",6765626,6771976,6350
"ENSG00000188130","MAPK12",50245450,50261716,16266
"ENSG00000188152","FAM22G",96928310,96940253,11943
"ENSG00000188153","COL4A5",108439844,108697545,257701
"ENSG00000188155","KRTAP10-6",44591268,44592505,1237
"ENSG00000188157","AGRN",1020120,1056118,35998
"ENSG00000188158","NHS",17375420,17735994,360574
"ENSG00000188162","OTOG",17547373,17647150,99777
"ENSG00000188163","FAM166A",137243584,137247770,4186
"ENSG00000188167","TMPPE",33090421,33097146,6725
"ENSG00000188171","ZNF626",20619939,20661596,41657
"ENSG00000188175","HEPACAM2",93188586,93226524,37938
"ENSG00000188176","SMTNL2",4583999,4608319,24320
"ENSG00000188177","ZC3H6",112275597,112340063,64466
"ENSG00000188185","LINC00265",39733430,39793092,59662
"ENSG00000188186","C7orf59",100148907,100155944,7037
"ENSG00000188191","PRKAR1B",549197,727650,178453
"ENSG00000188199","FAM22B",79703227,79714681,11454
"ENSG00000188211","NCR3LG1",17351726,17377341,25615
"ENSG00000188215","DCUN1D3",20854925,20900358,45433
"ENSG00000188219","POTEE",131218067,131265278,47211
"ENSG00000188227","ZNF793",37506939,37548762,41823
"ENSG00000188229","TUBB4B",137241287,137243707,2420
"ENSG00000188234","AGAP4",45825594,45853875,28281
"ENSG00000188257","PLA2G2A",19975431,19980416,4985
"ENSG00000188266","AGPHD1",78507564,78537372,29808
"ENSG00000188269","OR7A5",14824251,14835285,11034
"ENSG00000188277","C15orf62",40770080,40772449,2369
"ENSG00000188282","RUFY4",218034960,218090581,55621
"ENSG00000188283","ZNF383",37217926,37248738,30812
"ENSG00000188290","HES4",998962,1000172,1210
"ENSG00000188295","ZNF669",247099962,247104372,4410
"ENSG00000188305","C19orf35",2274631,2282175,7544
"ENSG00000188306","LRRIQ4",169821922,169837775,15853
"ENSG00000188312","CENPP",92325953,92620529,294576
"ENSG00000188315","C3orf62",49268596,49277232,8636
"ENSG00000188321","ZNF559",9323772,9351162,27390
"ENSG00000188324","OR6C6",55293988,55296569,2581
"ENSG00000188334","BSPH1",47968046,47992170,24124
"ENSG00000188338","SLC38A3",50205246,50221486,16240
"ENSG00000188342","GTF2F2",45120510,45284893,164383
"ENSG00000188343","FAM92A1",93698561,93731527,32966
"ENSG00000188352","FOCAD",20658309,20995955,337646
"ENSG00000188368","PRR19",42302098,42310821,8723
"ENSG00000188372","ZP3",76397518,76442071,44553
"ENSG00000188373","C10orf99",84173801,84185294,11493
"ENSG00000188375","H3F3C",31791185,31792298,1113
"ENSG00000188379","IFNA2",21384254,21385388,1134
"ENSG00000188385","JAKMIP3",132036336,132184858,148522
"ENSG00000188386","PPP3R2",101591604,101595021,3417
"ENSG00000188389","PDCD1",241849884,241858894,9010
"ENSG00000188393","CLEC2A",9898673,9932381,33708
"ENSG00000188394","GPR21",123034527,123035696,1169
"ENSG00000188404","SELL",169690665,169711702,21037
"ENSG00000188419","CHM",85861180,86047561,186381
"ENSG00000188428","BLOC1S5",8013567,8064396,50829
"ENSG00000188452","CERKL",181536672,181680665,143993
"ENSG00000188467","SLC24A5",48120972,48142672,21700
"ENSG00000188483","IER5L",129175552,129178262,2710
"ENSG00000188486","H2AFX",119093854,119095467,1613
"ENSG00000188487","INSC",15112424,15247208,134784
"ENSG00000188488","SERPINA5",94561442,94593118,31676
"ENSG00000188493","C19orf54",40740856,40751553,10697
"ENSG00000188501","LCTL",66547179,66565979,18800
"ENSG00000188505","NCCRP1",39196964,39201884,4920
"ENSG00000188511","C22orf34",49414524,49657542,243018
"ENSG00000188517","COL25A1",108808725,109302752,494027
"ENSG00000188522","FAM83G",18968789,19004764,35975
"ENSG00000188523","C9orf171",132410043,132573317,163274
"ENSG00000188529","SRSF10",23964804,23980927,16123
"ENSG00000188536","HBA2",172876,173710,834
"ENSG00000188549","C15orf52",40331452,40340967,9515
"ENSG00000188554","NBR1",43170481,43211689,41208
"ENSG00000188558","OR2G6",248508073,248527337,19264
"ENSG00000188559","RALGAPA2",20389530,20712644,323114
"ENSG00000188566","NDOR1",137205685,137217009,11324
"ENSG00000188580","NKAIN2",123804141,124825657,1021516
"ENSG00000188581","KRTAP1-1",41040541,41041450,909
"ENSG00000188582","PAQR9",142949164,142963682,14518
"ENSG00000188596","C12orf55",96489571,96875555,385984
"ENSG00000188599","NPIPP1",15104312,15123498,19186
"ENSG00000188603","CLN3",28474111,28495575,21464
"ENSG00000188610","FAM72B",121167646,121185539,17893
"ENSG00000188611","ASAH2",50182778,50279720,96942
"ENSG00000188612","SUMO2",75165586,75182959,17373
"ENSG00000188624","IGFL3",46120067,46124688,4621
"ENSG00000188629","ZNF177",9363020,9382617,19597
"ENSG00000188636","LDOC1L",44492583,44498233,5650
"ENSG00000188641","DPYD",97077743,97995000,917257
"ENSG00000188647","PTAR1",69709522,69760011,50489
"ENSG00000188649","CC2D2B",95907603,96032684,125081
"ENSG00000188655","RNASE9",20556093,20560931,4838
"ENSG00000188659","FAM154B",82262810,82284930,22120
"ENSG00000188662","HILS1",50171428,50181178,9750
"ENSG00000188672","RHCE",25362249,25430192,67943
"ENSG00000188676","IDO2",39934614,40016391,81777
"ENSG00000188677","PARVB",43999211,44172949,173738
"ENSG00000188687","SLC4A5",74216242,74343414,127172
"ENSG00000188690","UROS",125784980,125823258,38278
"ENSG00000188694","KRTAP24-1",30281309,30282958,1649
"ENSG00000188706","ZDHHC9",129803288,129843909,40621
"ENSG00000188707","C7orf29",150322639,150332721,10082
"ENSG00000188710","QRFP",130892702,130896812,4110
"ENSG00000188716","DUPD1",75037836,75058514,20678
"ENSG00000188729","OSTN",191199241,191265615,66374
"ENSG00000188732","FAM221A",23680130,23703249,23119
"ENSG00000188735","TMEM120B",121712752,121783001,70249
"ENSG00000188738","FSIP2",185738804,185833290,94486
"ENSG00000188739","RBM34",235131183,235161283,30100
"ENSG00000188747","NOXA1",137423350,137434406,11056
"ENSG00000188755","TBC1D3P2",62264705,62275655,10950
"ENSG00000188763","FZD9",73433783,73436120,2337
"ENSG00000188766","SPRED3",38388421,38399587,11166
"ENSG00000188770","OPTC",203494143,203508864,14721
"ENSG00000188771","C11orf34",112248479,112260860,12381
"ENSG00000188778","ADRB3",37962990,37966599,3609
"ENSG00000188779","SKOR1",67819704,67834555,14851
"ENSG00000188782","CATSPER4",26190561,26202968,12407
"ENSG00000188783","PRELP",203475806,203491352,15546
"ENSG00000188784","PLA2G2E",19920009,19923617,3608
"ENSG00000188785","ZNF548",57389850,57402992,13142
"ENSG00000188786","MTF1",37809574,37859592,50018
"ENSG00000188800","TMCO2",40245947,40251684,5737
"ENSG00000188803","SHISA6",11241263,11564063,322800
"ENSG00000188807","TMEM201",9588911,9614877,25966
"ENSG00000188811","NHLRC3",39038306,39050109,11803
"ENSG00000188817","SNTN",63652668,63679020,26352
"ENSG00000188818","ZDHHC11",795606,850986,55380
"ENSG00000188820","FAM26F",116461370,116463771,2401
"ENSG00000188822","CNR2",23870515,23913362,42847
"ENSG00000188827","SLX4",3581181,3611606,30425
"ENSG00000188828","GLRA4",103707224,103728655,21431
"ENSG00000188831","DPPA3P2",36371165,36372383,1218
"ENSG00000188833","ENTPD8",137434364,137441816,7452
"ENSG00000188848","BEND4",42110853,42152878,42025
"ENSG00000188859","FAM78B",166057426,166166969,109543
"ENSG00000188868","ZNF563",12317477,12333720,16243
"ENSG00000188869","TMC3",81331088,81374213,43125
"ENSG00000188877","POTEA",43292483,43363518,71035
"ENSG00000188878","FBF1",75909574,75941140,31566
"ENSG00000188883","KLRG2",139452690,139483712,31022
"ENSG00000188886","ASTL",96123850,96138436,14586
"ENSG00000188895","MSL1",40122298,40136916,14618
"ENSG00000188906","LRRK2",40196744,40369285,172541
"ENSG00000188909","BSX",122977570,122981720,4150
"ENSG00000188910","GJB3",34781214,34786369,5155
"ENSG00000188916","FAM196A",127135426,127196591,61165
"ENSG00000188917","TRMT2B",101009346,101052116,42770
"ENSG00000188921","PTPLAD2",20999509,21031640,32131
"ENSG00000188931","C1orf192",161364731,161367874,3143
"ENSG00000188933","USP32P1",16786489,16804455,17966
"ENSG00000188938","FAM120AOS",93431441,93453581,22140
"ENSG00000188959","C9orf152",110190048,110208189,18141
"ENSG00000188976","NOC2L",944203,959309,15106
"ENSG00000188981","MSANTD1",3244369,3271738,27369
"ENSG00000188991","SLC15A5",16188485,16277685,89200
"ENSG00000188992","LIPI",14108813,14210891,102078
"ENSG00000188993","LRRC66",51993702,52017620,23918
"ENSG00000188994","ZNF292",87152833,87265943,113110
"ENSG00000188996","HUS1B",655939,656963,1024
"ENSG00000188997","KCTD21",78171249,78188626,17377
"ENSG00000189001","SBSN",35523367,35528351,4984
"ENSG00000189007","ADAT2",143422832,143450695,27863
"ENSG00000189013","KIR2DL4",54803535,54814517,10982
"ENSG00000189023","MAGEB16",35798342,35803735,5393
"ENSG00000189037","DUSP21",44844004,44844888,884
"ENSG00000189042","ZNF567",36687612,36727701,40089
"ENSG00000189043","NDUFA4",10931943,10940153,8210
"ENSG00000189045","ANKDD1B",75611459,75671846,60387
"ENSG00000189046","ALKBH2",109088188,109093631,5443
"ENSG00000189050","RNFT1",59952240,59964761,12521
"ENSG00000189051","RNF222",8390704,8397826,7122
"ENSG00000189056","RELN",103471784,103989658,517874
"ENSG00000189057","FAM111B",59107185,59127412,20227
"ENSG00000189068","VSTM1",54040825,54063953,23128
"ENSG00000189077","TMEM120A",75986831,75994656,7825
"ENSG00000189079","ARID2",45729706,45908040,178334
"ENSG00000189091","SF3B3",70523791,70577670,53879
"ENSG00000189108","IL1RAPL2",104566315,105767829,1201514
"ENSG00000189114","BLOC1S3",45178745,45216933,38188
"ENSG00000189120","SP6",47844908,47855874,10966
"ENSG00000189127","ANKRD34B",80556755,80570280,13525
"ENSG00000189129","PLAC9",80131682,80145359,13677
"ENSG00000189132","FAM47B",34942796,34944915,2119
"ENSG00000189134","NKAPL",28259320,28260958,1638
"ENSG00000189136","UBE2Q2P1",84526781,84571216,44435
"ENSG00000189139","FSCB",44504342,44507279,2937
"ENSG00000189143","CLDN4",73799542,73832693,33151
"ENSG00000189144","ZNF573",37735833,37817300,81467
"ENSG00000189157","FAM47E",76214040,76283783,69743
"ENSG00000189159","HN1",75135248,75168281,33033
"ENSG00000189164","ZNF527",37371061,37393066,22005
"ENSG00000189167","ZAR1L",32303700,32315344,11644
"ENSG00000189169","KRTAP10-12",44697172,44698044,872
"ENSG00000189171","S100A13",153618787,153631360,12573
"ENSG00000189180","ZNF33A",38010650,38065088,54438
"ENSG00000189181","OR14I1",248681322,248682328,1006
"ENSG00000189182","KRT77",52689626,52703463,13837
"ENSG00000189184","PCDH18",137518918,137532494,13576
"ENSG00000189186","DCAF8L2",27590382,27748821,158439
"ENSG00000189190","ZNF600",52749942,52786807,36865
"ENSG00000189212","DPY19L2P1",35079989,35186041,106052
"ENSG00000189221","MAOA",43654907,43746824,91917
"ENSG00000189233","NUGGC",28021964,28083936,61972
"ENSG00000189241","TSPYL1",116267760,116279903,12143
"ENSG00000189252","SPANXN3",143508735,143517475,8740
"ENSG00000189253","TRIM64B",89869282,89876017,6735
"ENSG00000189269","C22orf43",23608452,23632321,23869
"ENSG00000189280","GJB5",34755047,34758512,3465
"ENSG00000189283","FHIT",59747277,61251459,1504182
"ENSG00000189292","FAM150B",279558,288851,9293
"ENSG00000189295","ANKRD62P1-PARP4P3",16654066,16675540,21474
"ENSG00000189299","FOXR2",55623400,55625325,1925
"ENSG00000189306","RRP7A",42508344,42519796,11452
"ENSG00000189308","LIN54",82909973,83012926,102953
"ENSG00000189316","ENSG00000189316",64888527,64890100,1573
"ENSG00000189319","FAM53B",124619292,124744378,125086
"ENSG00000189320","FAM180A",135728348,135748813,20465
"ENSG00000189325","C6orf222",36315761,36336888,21127
"ENSG00000189326","SPANXN4",143025918,143034702,8784
"ENSG00000189334","S100A14",153614255,153616986,2731
"ENSG00000189337","KAZN",13892792,15118043,1225251
"ENSG00000189348","FAM90A27P",53281559,53284944,3385
"ENSG00000189350","FAM179A",28956611,29061373,104762
"ENSG00000189357","FAM75D4",81928514,81934948,6434
"ENSG00000189362","TMEM194B",190504338,190534722,30384
"ENSG00000189366","ALG1L",125929275,125937039,7764
"ENSG00000189367","KIAA0408",127438406,127459389,20983
"ENSG00000189369","GSPT2",51743431,51746232,2801
"ENSG00000189375","TBC1D28",18635006,18644427,9421
"ENSG00000189376","C8orf76",123219967,123241377,21410
"ENSG00000189377","CXCL17",42428288,42443048,14760
"ENSG00000189401","OTUD6A",70062491,70064179,1688
"ENSG00000189403","HMGB1",30456704,30617597,160893
"ENSG00000189410","SH2D5",20719731,20732837,13106
"ENSG00000189420","ZFP92",153418322,153426481,8159
"ENSG00000189430","NCR1",54906150,54916140,9990
"ENSG00000189433","GJB4",34759740,34762327,2587
"ENSG00000194717","MIR494",101029634,101029714,80
"ENSG00000196071","OR2L13",248095184,248101103,5919
"ENSG00000196072","BLOC1S2",100273280,100286680,13400
"ENSG00000196074","SYCP2",59863564,59933655,70091
"ENSG00000196081","ZNF724P",23221599,23250390,28791
"ENSG00000196083","IL1RAP",190514051,190659750,145699
"ENSG00000196090","PTPRT",42072752,43189970,1117218
"ENSG00000196091","MYBPC1",101568353,101686018,117665
"ENSG00000196092","PAX5",36833269,37034268,200999
"ENSG00000196098","OR5K4",98353854,98354819,965
"ENSG00000196099","OR6M1",123805335,123806387,1052
"ENSG00000196104","SPOCK3",166733384,167234796,501412
"ENSG00000196109","ZNF676",22179091,22215801,36710
"ENSG00000196110","ZNF699",9294275,9309838,15563
"ENSG00000196115","ADAM5",39314591,39417378,102787
"ENSG00000196116","TDRD7",97412096,97496125,84029
"ENSG00000196118","C16orf93",30757423,30762221,4798
"ENSG00000196119","OR8A1",124566660,124582942,16282
"ENSG00000196123","KIAA0895L",67175599,67184040,8441
"ENSG00000196126","HLA-DRB1",32578769,32589848,11079
"ENSG00000196131","VN1R2",53258292,53261837,3545
"ENSG00000196132","MYT1",64102394,64242253,139859
"ENSG00000196139","AKR1C3",5035354,5107686,72332
"ENSG00000196141","SPATS2L",200305881,200482264,176383
"ENSG00000196150","ZNF250",144876497,144902168,25671
"ENSG00000196152","ZNF79",127424374,127445372,20998
"ENSG00000196154","S100A4",153543613,153550136,6523
"ENSG00000196155","PLEKHG4",67277510,67289499,11989
"ENSG00000196156","KRTAP4-3",41167231,41168194,963
"ENSG00000196159","FAT4",125316399,125492932,176533
"ENSG00000196166","C8orf86",38510834,38560939,50105
"ENSG00000196167","C11orf92",111290787,111305498,14711
"ENSG00000196169","KIF19",74326210,74355820,29610
"ENSG00000196171","OR6K2",158699678,158700652,974
"ENSG00000196172","ZNF681",23739195,23758891,19696
"ENSG00000196177","ACADSB",123008979,123058311,49332
"ENSG00000196182","STK40",36339624,36385896,46272
"ENSG00000196184","OR10J1",159437845,159443078,5233
"ENSG00000196187","TMEM63A",225845536,225882380,36844
"ENSG00000196188","CTSE",206009264,206023895,14631
"ENSG00000196189","SEMA4A",156147366,156177752,30386
"ENSG00000196196","HRCT1",35906202,35907136,934
"ENSG00000196199","MPHOSPH8",19633659,19673441,39782
"ENSG00000196204","RNF216P1",4973988,5040675,66687
"ENSG00000196208","GREB1",11482341,11642788,160447
"ENSG00000196209","SIRPB2",1470741,1491587,20846
"ENSG00000196214","ZNF766",52269587,52296046,26459
"ENSG00000196218","RYR1",38433699,38587564,153865
"ENSG00000196220","SRGAP3",8980591,9363053,382462
"ENSG00000196227","FAM217B",59933764,59948680,14916
"ENSG00000196228","SULT1C3",108247195,108265351,18156
"ENSG00000196230","TUBB",30720352,30725426,5074
"ENSG00000196233","LCOR",96832282,96995959,163677
"ENSG00000196235","SUPT5H",39436156,39476670,40514
"ENSG00000196236","XPNPEP3",40857077,40932815,75738
"ENSG00000196240","OR2T2",248445512,248455725,10213
"ENSG00000196242","OR2C3",247524677,247536440,11763
"ENSG00000196247","ZNF107",64666083,64711582,45499
"ENSG00000196248","OR10S1",123976661,123977781,1120
"ENSG00000196263","ZNF471",56507850,56530221,22371
"ENSG00000196266","OR10J3",159313670,159314659,989
"ENSG00000196267","ZNF836",52153864,52171643,17779
"ENSG00000196268","ZNF493",21397119,21427573,30454
"ENSG00000196273","LINC00523",100657250,100676069,18819
"ENSG00000196275","GTF2IRD2",74796144,74851551,55407
"ENSG00000196277","GRM7",6770001,7741533,971532
"ENSG00000196284","SUPT3H",44809317,45377953,568636
"ENSG00000196290","NIF3L1",200889327,200903938,14611
"ENSG00000196296","ATP2A1",28878405,28904509,26104
"ENSG00000196305","IARS",92210207,92293756,83549
"ENSG00000196312","HIATL2",96887373,97013708,126335
"ENSG00000196313","POM121",72879365,72951440,72075
"ENSG00000196323","ZBTB44",130226677,130314917,88240
"ENSG00000196329","GIMAP5",150722253,150750033,27780
"ENSG00000196335","STK31",23710203,23832513,122310
"ENSG00000196337","CGB7",49054275,49058860,4585
"ENSG00000196338","NLGN3",71144831,71171201,26370
"ENSG00000196341","OR8D1",124302831,124315099,12268
"ENSG00000196344","ADH7",99412261,99435737,23476
"ENSG00000196345","ZNF167",44555193,44594173,38980
"ENSG00000196350","ZNF729",22286408,22317176,30768
"ENSG00000196352","CD55",207321376,207386804,65428
"ENSG00000196353","CPNE4",131533555,132285410,751855
"ENSG00000196357","ZNF565",36182060,36246257,64197
"ENSG00000196358","NTNG2",132161676,132244526,82850
"ENSG00000196361","ELAVL3",11451326,11481046,29720
"ENSG00000196363","WDR5",134135365,134159968,24603
"ENSG00000196365","LONP1",5691834,5720572,28738
"ENSG00000196366","C9orf163",136483495,136486067,2572
"ENSG00000196367","TRRAP",98877933,99050831,172898
"ENSG00000196368","NUDT11",51490011,51496592,6581
"ENSG00000196371","FUT4",94543840,94549898,6058
"ENSG00000196372","ASB13",5638867,5666595,27728
"ENSG00000196376","SLC35F1",117907264,118317676,410412
"ENSG00000196378","ZNF34",144773114,144787345,14231
"ENSG00000196381","ZNF781",37667751,37692315,24564
"ENSG00000196387","ZNF140",133079838,133107544,27706
"ENSG00000196388","INCA1",4988130,4997610,9480
"ENSG00000196391","ZNF774",90352245,90369146,16901
"ENSG00000196405","EVL",99971449,100144236,172787
"ENSG00000196406","SPANXD",141697411,141698739,1328
"ENSG00000196407","THEM5",151847101,151853712,6611
"ENSG00000196408","NOXO1",1978917,1984192,5275
"ENSG00000196411","EPHB4",100802565,100827523,24958
"ENSG00000196417","ZNF765",53389793,53430413,40620
"ENSG00000196418","ZNF124",247121975,247172016,50041
"ENSG00000196419","XRCC6",41621119,41664048,42929
"ENSG00000196422","PPP1R26",135479079,135488893,9814
"ENSG00000196427","NBPF4",108223341,108244081,20740
"ENSG00000196428","TSC22D2",150408335,150466431,58096
"ENSG00000196431","CRYBA4",26621963,26630669,8706
"ENSG00000196433","ASMT",1615059,1643081,28022
"ENSG00000196436","NPIPL2",74377878,74392080,14202
"ENSG00000196437","ZNF569",37411155,37469275,58120
"ENSG00000196440","ARMCX4",101418287,101533459,115172
"ENSG00000196449","YRDC",37802945,37808208,5263
"ENSG00000196453","ZNF777",149431363,149461062,29699
"ENSG00000196455","PIK3R4",130678934,130746829,67895
"ENSG00000196459","TRAPPC2",13712244,13734635,22391
"ENSG00000196460","RFX8",101397359,101475112,77753
"ENSG00000196465","MYL6B",56152256,56159647,7391
"ENSG00000196466","ZNF799",12390016,12401271,11255
"ENSG00000196468","FGF16",77447405,77457278,9873
"ENSG00000196470","SIAH1",48356364,48448402,92038
"ENSG00000196475","GK2",79406352,79408293,1941
"ENSG00000196476","C20orf96",270863,290778,19915
"ENSG00000196482","ESRRG",216503246,217137755,634509
"ENSG00000196497","IPO4",24180219,24188869,8650
"ENSG00000196498","NCOR2",124324415,124567589,243174
"ENSG00000196502","SULT1A1",28605196,28623625,18429
"ENSG00000196503","ARL9",56505209,56525481,20272
"ENSG00000196504","PRPF40A",152651593,152717997,66404
"ENSG00000196505","GDAP2",117863485,117929621,66136
"ENSG00000196507","TCEAL3",103607451,103629690,22239
"ENSG00000196510","ANAPC7",110372900,110403730,30830
"ENSG00000196511","TPK1",144451941,144836395,384454
"ENSG00000196517","SLC6A9",43991500,44031467,39967
"ENSG00000196526","AFAP1",7758714,7939926,181212
"ENSG00000196531","NACA",56712428,56731628,19200
"ENSG00000196535","MYO18A",29071124,29180412,109288
"ENSG00000196539","OR2T3",248473351,248474307,956
"ENSG00000196542","SPTSSB",161344792,161372880,28088
"ENSG00000196544","C17orf59",8188333,8190907,2574
"ENSG00000196547","MAN2A2",90902218,90922584,20366
"ENSG00000196549","MME",155024124,155183729,159605
"ENSG00000196550","FAM72A",206186179,206204414,18235
"ENSG00000196553","LINC00238",66411704,66498677,86973
"ENSG00000196557","CACNA1H",1153106,1221771,68665
"ENSG00000196562","SULF2",47656348,47786616,130268
"ENSG00000196565","HBG2",5253188,5505605,252417
"ENSG00000196569","LAMA2",128883141,129516569,633428
"ENSG00000196576","PLXNB2",50274979,50307646,32667
"ENSG00000196578","OR5AC2",98087173,98088102,929
"ENSG00000196581","AJAP1",4654732,4792534,137802
"ENSG00000196584","XRCC2",152644776,152676141,31365
"ENSG00000196586","MYO6",75749192,75919537,170345
"ENSG00000196588","MKL1",40410281,40636719,226438
"ENSG00000196591","HDAC2",113933028,114011308,78280
"ENSG00000196593","ANKRD20A19P",23939557,23946782,7225
"ENSG00000196597","ZNF782",96816472,96875623,59151
"ENSG00000196600","SLC22A25",63163776,63229652,65876
"ENSG00000196604","POTEF",130074030,130129222,55192
"ENSG00000196605","ZNF846",9751993,9793180,41187
"ENSG00000196611","MMP1",102789919,102798160,8241
"ENSG00000196616","ADH1B",99304971,99352760,47789
"ENSG00000196620","UGT2B15",68646597,68670652,24055
"ENSG00000196628","TCF4",55222331,55664787,442456
"ENSG00000196632","WNK3",54192823,54358642,165819
"ENSG00000196636","ACN9",97116590,97181763,65173
"ENSG00000196639","HRH1",11137093,11263557,126464
"ENSG00000196642","RABL6",136807943,136841187,33244
"ENSG00000196646","ZNF136",12163064,12189871,26807
"ENSG00000196652","ZKSCAN5",99504651,99534700,30049
"ENSG00000196653","ZNF502",44712643,44723831,11188
"ENSG00000196655","TRAPPC4",119018432,119025454,7022
"ENSG00000196659","TTC30B",177548998,177553014,4016
"ENSG00000196660","SLC30A10",219685427,219958647,273220
"ENSG00000196663","TECPR2",102362941,102502477,139536
"ENSG00000196664","TLR7",12867072,12890361,23289
"ENSG00000196666","FAM180B",47586693,47589194,2501
"ENSG00000196670","ZFP62",180847611,180861285,13674
"ENSG00000196678","ERI2",20780193,20900349,120156
"ENSG00000196683","TOMM7",22812628,22822852,10224
"ENSG00000196689","TRPV1",3565444,3609411,43967
"ENSG00000196693","ZNF33B",42574185,42638570,64385
"ENSG00000196696","PDXDC2P",69976297,70065948,89651
"ENSG00000196700","ZNF512B",63956704,63969930,13226
"ENSG00000196704","AMZ2",68247930,68257164,9234
"ENSG00000196705","ZNF431",21142024,21196053,54029
"ENSG00000196712","NF1",31094927,31382116,287189
"ENSG00000196724","ZNF418",57921884,57935393,13509
"ENSG00000196730","DAPK1",87497228,87708634,211406
"ENSG00000196734","LCE1B",152811971,152813109,1138
"ENSG00000196735","HLA-DQA1",32628179,32647062,18883
"ENSG00000196739","COL27A1",114155537,114312511,156974
"ENSG00000196741","CXorf24",47483571,47484823,1252
"ENSG00000196743","GM2A",151212150,151270440,58290
"ENSG00000196747","HIST1H2AI",27808199,27808701,502
"ENSG00000196748","CLPSL2",35776594,35779552,2958
"ENSG00000196754","S100A2",153561108,153567890,6782
"ENSG00000196757","ZNF700",11925068,11950773,25705
"ENSG00000196767","POU3F4",83508290,83512127,3837
"ENSG00000196772","OR14A16",247814660,247824119,9459
"ENSG00000196776","CD47",108043091,108091862,48771
"ENSG00000196778","OR52K1",4482646,4493497,10851
"ENSG00000196781","TLE1",81583683,81689547,105864
"ENSG00000196782","MAML3",139716753,140154184,437431
"ENSG00000196787","HIST1H2AG",27133042,27135291,2249
"ENSG00000196792","STRN3",30893799,31026401,132602
"ENSG00000196793","ZNF239",43556344,43574618,18274
"ENSG00000196800","SPINK14",148169733,148175398,5665
"ENSG00000196805","SPRR2B",153070224,153070840,616
"ENSG00000196810","CTBP1-AS1",1249300,1288291,38991
"ENSG00000196811","CHRNG",232539692,232548115,8423
"ENSG00000196812","ZSCAN16",28124609,28130082,5473
"ENSG00000196814","FAM125B",126326829,126507041,180212
"ENSG00000196832","OR11G2",20190894,20201075,10181
"ENSG00000196834","POTEI",130459455,130509707,50252
"ENSG00000196839","ADA",44619522,44652233,32711
"ENSG00000196843","ARID5A",96536743,96552634,15891
"ENSG00000196850","PPTC7",110533245,110583318,50073
"ENSG00000196859","KRT39",40958417,40966892,8475
"ENSG00000196860","TOMM20L",58395928,58408702,12774
"ENSG00000196862","RGPD4",107826937,107890841,63904
"ENSG00000196865","NHLRC2",113854661,113917194,62533
"ENSG00000196866","HIST1H2AD",26198851,26199243,392
"ENSG00000196867","ZFP28",56538948,56556810,17862
"ENSG00000196872","KIAA1211L",98793846,98936259,142413
"ENSG00000196873","CBWD3",68232003,68300015,68012
"ENSG00000196876","SCN8A",51590266,51812864,222598
"ENSG00000196878","LAMB3",209614870,209652425,37555
"ENSG00000196890","HIST3H2BB",228458107,228460470,2363
"ENSG00000196911","KPNA5",116681187,116741866,60679
"ENSG00000196912","ANKRD36B",97492663,97589965,97302
"ENSG00000196914","ARHGEF12",120336413,120489937,153524
"ENSG00000196917","HCAR1",122726076,122730843,4767
"ENSG00000196922","ZNF252P",144973589,145002895,29306
"ENSG00000196923","PDLIM7",177483394,177497606,14212
"ENSG00000196924","FLNA",154348524,154374638,26114
"ENSG00000196932","TMEM26",61406643,61453450,46807
"ENSG00000196935","SRGAP1",63844700,64162217,317517
"ENSG00000196937","FAM3C",121348878,121396364,47486
"ENSG00000196943","NOP9",24299850,24309124,9274
"ENSG00000196944","OR2T4",248361581,248362627,1046
"ENSG00000196946","ZNF705A",8157034,8188537,31503
"ENSG00000196950","SLC39A10",195575977,195737702,161725
"ENSG00000196954","CASP4",104942866,104969366,26500
"ENSG00000196961","AP2A1",49766968,49807113,40145
"ENSG00000196967","ZNF585A",37106734,37172741,66007
"ENSG00000196968","FUT11",73772276,73780251,7975
"ENSG00000196970","NXF4",102549965,102571695,21730
"ENSG00000196972","LINC00087",135094985,135098712,3727
"ENSG00000196975","ANXA4",69644425,69827112,182687
"ENSG00000196998","WDR45",49074433,49101170,26737
"ENSG00000197006","METTL9",21597218,21657473,60255
"ENSG00000197008","ZNF138",64794388,64833681,39293
"ENSG00000197013","ZNF429",21496682,21556270,59588
"ENSG00000197016","ZNF470",56567468,56588911,21443
"ENSG00000197019","SERTAD1",40421589,40425992,4403
"ENSG00000197020","ZNF100",21722771,21767579,44808
"ENSG00000197021","CXorf40B",149929527,149938700,9173
"ENSG00000197024","ZNF398",149126416,149182802,56386
"ENSG00000197037","ZNF498",99616946,99632408,15462
"ENSG00000197043","ANXA6",151100706,151157785,57079
"ENSG00000197044","ZNF441",11767000,11784078,17078
"ENSG00000197045","GMFB",54474484,54489026,14542
"ENSG00000197046","SIGLEC15",45825512,45844080,18568
"ENSG00000197050","ZNF420",37007857,37130368,122511
"ENSG00000197056","ZMYM1",35032172,35115859,83687
"ENSG00000197057","DTHD1",36281622,36345756,64134
"ENSG00000197063","MAFG",81918270,81927735,9465
"ENSG00000197077","KIAA1671",24952730,25197448,244718
"ENSG00000197079","KRT35",41476689,41481140,4451
"ENSG00000197081","IGF2R",159969099,160113507,144408
"ENSG00000197083","ZNF300P1",150930645,150946289,15644
"ENSG00000197084","LCE1C",152804835,152806628,1793
"ENSG00000197085","NPSR1-AS1",34346512,34871582,525070
"ENSG00000197093","GAL3ST4",100159244,100168617,9373
"ENSG00000197102","DYNC1H1",101964573,102056443,91870
"ENSG00000197106","SLC6A17",110150494,110202202,51708
"ENSG00000197110","IL28B",39243553,39245129,1576
"ENSG00000197111","PCBP2",53452102,53481162,29060
"ENSG00000197114","ZGPAT",63707465,63736142,28677
"ENSG00000197121","PGAP1",196833004,196927796,94792
"ENSG00000197122","SRC",37344685,37406050,61365
"ENSG00000197123","ZNF679",64228474,64266931,38457
"ENSG00000197124","ZNF682",19997058,20039505,42447
"ENSG00000197125","OR8B8",124437445,124445696,8251
"ENSG00000197128","ZNF772",57466663,57477570,10907
"ENSG00000197134","ZNF257",22052430,22091480,39050
"ENSG00000197136","PCNXL3",65615773,65637439,21666
"ENSG00000197140","ADAM32",39106990,39284917,177927
"ENSG00000197142","ACSL5",112374018,112428380,54362
"ENSG00000197147","LRRC8B",89524836,89597864,73028
"ENSG00000197150","ABCB8",151028422,151047782,19360
"ENSG00000197153","HIST1H3J",27890382,27893106,2724
"ENSG00000197157","SND1",127652194,128092609,440415
"ENSG00000197162","ZNF785",30573740,30585771,12031
"ENSG00000197165","SULT1A2",28591943,28597050,5107
"ENSG00000197168","NEK5",52033611,52129092,95481
"ENSG00000197170","PSMD12",67337916,67366605,28689
"ENSG00000197172","MAGEA6",152766136,152769747,3611
"ENSG00000197177","GPR123",133070929,133131675,60746
"ENSG00000197181","PIWIL2",22275316,22357568,82252
"ENSG00000197183","C20orf112",32443059,32585074,142015
"ENSG00000197208","SLC22A4",132294394,132344190,49796
"ENSG00000197213","ZSCAN5B",56189570,56197920,8350
"ENSG00000197217","ENTPD4",23385783,23457695,71912
"ENSG00000197226","TBC1D9B",179862066,179907859,45793
"ENSG00000197233","OR1J2",122510802,122511743,941
"ENSG00000197238","HIST1H4J",27824108,27824480,372
"ENSG00000197241","SLC2A7",9003300,9026345,23045
"ENSG00000197249","SERPINA1",94376747,94390693,13946
"ENSG00000197253","TPSB2",1227272,1230184,2912
"ENSG00000197256","KANK2",11164267,11197791,33524
"ENSG00000197261","C6orf141",49550646,49561907,11261
"ENSG00000197265","GTF2E2",30578318,30658236,79918
"ENSG00000197272","IL27",28499362,28512051,12689
"ENSG00000197275","RAD54B",94371960,94475115,103155
"ENSG00000197279","ZNF165",28080568,28089563,8995
"ENSG00000197283","SYNGAP1",33419661,33457541,37880
"ENSG00000197296","FITM2",44302840,44311202,8362
"ENSG00000197299","BLM",90717346,90816166,98820
"ENSG00000197302","ZNF720",31713229,31794869,81640
"ENSG00000197309","OR10D3",124183345,124188780,5435
"ENSG00000197312","DDI2",15617458,15669044,51586
"ENSG00000197321","SVIL",29457338,29736781,279443
"ENSG00000197322","C17orf102",34574123,34579369,5246
"ENSG00000197323","TRIM33",114392790,114511203,118413
"ENSG00000197324","LRP10",22871740,22881713,9973
"ENSG00000197329","PELI1",64092652,64144420,51768
"ENSG00000197332","ZNF833P",11639754,11686569,46815
"ENSG00000197343","ZNF655",99558406,99576453,18047
"ENSG00000197345","MRPL21",68891276,68903835,12559
"ENSG00000197353","LYPD2",142750150,142752534,2384
"ENSG00000197355","UAP1L1",137077517,137084539,7022
"ENSG00000197358","BNIP3P1",28264390,28265974,1584
"ENSG00000197360","ZNF98",22391019,22532485,141466
"ENSG00000197362","ZNF786",149069643,149090782,21139
"ENSG00000197364","S100A7L2",153437058,153439949,2891
"ENSG00000197372","ZNF675",23525631,23687220,161589
"ENSG00000197375","SLC22A5",132369752,132395614,25862
"ENSG00000197376","OR8S1",48507354,48529897,22543
"ENSG00000197380","DACT3",46647551,46661182,13631
"ENSG00000197381","ADARB1",45073853,45226560,152707
"ENSG00000197385","ZNF860",31981771,31991628,9857
"ENSG00000197386","HTT",3041422,3243960,202538
"ENSG00000197403","OR6N1",158747814,158772195,24381
"ENSG00000197405","C5AR1",47290023,47322066,32043
"ENSG00000197408","CYP2B6",40991282,41018398,27116
"ENSG00000197409","HIST1H3D",26196840,26197250,410
"ENSG00000197410","DCHS2",154231742,154495570,263828
"ENSG00000197415","VEPH1",157259742,157533619,273877
"ENSG00000197416","FABP12",81524981,81531378,6397
"ENSG00000197417","SHPK",3608262,3636322,28060
"ENSG00000197421","GGT3P",18773665,18843399,69734
"ENSG00000197428","OR51D1",4637477,4643060,5583
"ENSG00000197429","IPP",45694324,45750650,56326
"ENSG00000197430","OPALIN",96343221,96359365,16144
"ENSG00000197437","OR13G1",247670812,247679739,8927
"ENSG00000197442","MAP3K5",136557046,136792477,235431
"ENSG00000197444","OGDHL",49734641,49762379,27738
"ENSG00000197446","CYP2F1",41114432,41128381,13949
"ENSG00000197448","GSTK1",143244093,143270854,26761
"ENSG00000197451","HNRNPAB",178204533,178211163,6630
"ENSG00000197454","OR2L5",248013660,248024276,10616
"ENSG00000197457","STMN3",63639705,63657682,17977
"ENSG00000197465","GYPE",143870864,143905563,34699
"ENSG00000197467","COL13A1",69801867,69964275,162408
"ENSG00000197471","SPN",29662979,29670876,7897
"ENSG00000197472","ZNF695",246945547,247008093,62546
"ENSG00000197475","ADAM3A",39451045,39522852,71807
"ENSG00000197479","PCDHB11",141199582,141203779,4197
"ENSG00000197483","ZNF628",55476617,55484487,7870
"ENSG00000197487","GALP",56176020,56185775,9755
"ENSG00000197496","SLC2A10",46709649,46736347,26698
"ENSG00000197497","ZNF665",53159213,53193386,34173
"ENSG00000197503","LINC00477",24566964,24584168,17204
"ENSG00000197506","SLC28A3",84275457,84340683,65226
"ENSG00000197520","FAM177B",222737207,222750805,13598
"ENSG00000197530","MIB2",1615415,1630610,15195
"ENSG00000197532","OR6Y1",158544550,158554405,9855
"ENSG00000197535","MYO5A",52307283,52529050,221767
"ENSG00000197536","C5orf56",132410636,132488702,78066
"ENSG00000197540","GZMM",544034,549924,5890
"ENSG00000197548","ATG7",11272309,11557665,285356
"ENSG00000197555","SIPA1L1",71320449,71741229,420780
"ENSG00000197558","SSPO",149776042,149833979,57937
"ENSG00000197561","ELANE",851014,856247,5233
"ENSG00000197562","RAB40C",589357,629272,39915
"ENSG00000197563","PIGN",61905255,62187118,281863
"ENSG00000197565","COL4A6",108155607,108439497,283890
"ENSG00000197566","ZNF624",16620734,16653856,33122
"ENSG00000197568","HHLA3",70354805,70385339,30534
"ENSG00000197576","HOXA4",27128507,27130799,2292
"ENSG00000197579","TOPORS",32540544,32552586,12042
"ENSG00000197580","BCO2",112175467,112224699,49232
"ENSG00000197584","KCNMB2",178272932,178844429,571497
"ENSG00000197586","ENTPD6",25195693,25226729,31036
"ENSG00000197587","DMBX1",46506996,46514226,7230
"ENSG00000197591","OR11L1",247840928,247841896,968
"ENSG00000197594","ENPP1",131808016,131895155,87139
"ENSG00000197595","C13orf35",112647044,112684497,37453
"ENSG00000197599","CCDC154",1434383,1444556,10173
"ENSG00000197601","FAR1",13668668,13732346,63678
"ENSG00000197603","C5orf42",37106228,37249428,143200
"ENSG00000197608","ZNF841",52064466,52095765,31299
"ENSG00000197614","MFAP5",8637346,8662888,25542
"ENSG00000197616","MYH6",23381982,23408273,26291
"ENSG00000197619","ZNF615",51991332,52008230,16898
"ENSG00000197620","CXorf40A",149540355,149550510,10155
"ENSG00000197622","CDC42SE1",151050971,151070325,19354
"ENSG00000197629","MPEG1",59208510,59212951,4441
"ENSG00000197632","SERPINB2",63871692,63903888,32196
"ENSG00000197635","DPP4",161992245,162074215,81970
"ENSG00000197641","SERPINB13",63586989,63604639,17650
"ENSG00000197647","ZNF433",12014732,12035741,21009
"ENSG00000197651","CCER1",90905622,90955176,49554
"ENSG00000197653","DNAH10",123762188,123936206,174018
"ENSG00000197658","SLC22A24",63079940,63144221,64281
"ENSG00000197674","OR51C1P",4690423,4697831,7408
"ENSG00000197683","KRTAP26-1",30319124,30320316,1192
"ENSG00000197694","SPTAN1",128552558,128633662,81104
"ENSG00000197702","PARVA",12377563,12530801,153238
"ENSG00000197705","KLHL14",32672671,32773062,100391
"ENSG00000197706","OR6C74",55247198,55248302,1104
"ENSG00000197712","FAM114A1",38867677,38945739,78062
"ENSG00000197713","RPE",210002565,210022260,19695
"ENSG00000197714","ZNF460",57280051,57294069,14018
"ENSG00000197721","CR1L",207645113,207738416,93303
"ENSG00000197724","PHF2",93576584,93679587,103003
"ENSG00000197734","C14orf178",77760830,77769742,8912
"ENSG00000197745","SCGB1D4",62296277,62299064,2787
"ENSG00000197746","PSAP",71816298,71851325,35027
"ENSG00000197747","S100A10",151982915,151993859,10944
"ENSG00000197748","WDR96",104129888,104232362,102474
"ENSG00000197753","LHFPL5",35797206,35845397,48191
"ENSG00000197756","RPL37A",216498189,216579180,80991
"ENSG00000197757","HOXC6",53990624,54030823,40199
"ENSG00000197769","MAP1LC3C",241995490,241999073,3583
"ENSG00000197771","MCMBP",119829404,119892556,63152
"ENSG00000197779","ZNF81",47836902,48002561,165659
"ENSG00000197780","TAF13",109062486,109076002,13516
"ENSG00000197782","ZNF780A",40069152,40090938,21786
"ENSG00000197785","ATAD3A",1512151,1534687,22536
"ENSG00000197786","OR5B17",58358124,58359069,945
"ENSG00000197790","OR52M1",4545191,4546144,953
"ENSG00000197798","FAM118B",126211724,126262984,51260
"ENSG00000197808","ZNF461",36636618,36666853,30235
"ENSG00000197816","C9orf174",97307304,97378524,71220
"ENSG00000197818","SLC9A8",49812713,49892242,79529
"ENSG00000197822","OCLN",69492292,69558104,65812
"ENSG00000197826","C4orf22",80335720,80963756,628036
"ENSG00000197837","HIST4H4",14767999,14771131,3132
"ENSG00000197838","CYP2A13",41088472,41096195,7723
"ENSG00000197841","ZNF181",34734155,34745378,11223
"ENSG00000197847","SLC22A20",65213840,65242757,28917
"ENSG00000197852","FAM212B",111680630,111755824,75194
"ENSG00000197857","ZNF44",12224686,12294887,70201
"ENSG00000197858","GPAA1",144082590,144086216,3626
"ENSG00000197859","ADAMTSL2",133532164,133575519,43355
"ENSG00000197860","SGTB",65665928,65723035,57107
"ENSG00000197863","ZNF790",36817428,36850787,33359
"ENSG00000197870","PRB3",11265924,11269805,3881
"ENSG00000197872","FAM49A",16549459,16666331,116872
"ENSG00000197879","MYO1C",1464186,1492686,28500
"ENSG00000197880","MDS2",23581495,23640568,59073
"ENSG00000197885","NKIRAS1",23891660,23946591,54931
"ENSG00000197887","OR1S2",58203202,58204181,979
"ENSG00000197888","UGT2B17",68537184,68568527,31343
"ENSG00000197889","MEIG1",14959388,14988050,28662
"ENSG00000197891","SLC22A12",64590641,64602353,11712
"ENSG00000197892","KIF13B",29067278,29263124,195846
"ENSG00000197893","NRAP",113588716,113664127,75411
"ENSG00000197894","ADH5",99070978,99088801,17823
"ENSG00000197901","SLC22A6",62936385,62984983,48598
"ENSG00000197903","HIST1H2BK",27146418,27146798,380
"ENSG00000197905","TEAD4",2959330,3040676,81346
"ENSG00000197912","SPG7",89490719,89557768,67049
"ENSG00000197915","HRNR",152212076,152224193,12117
"ENSG00000197919","IFNA1",21440454,21441316,862
"ENSG00000197927","C2orf27A",131722417,131751669,29252
"ENSG00000197928","ZNF677",53235381,53254898,19517
"ENSG00000197930","ERO1L",52639915,52695900,55985
"ENSG00000197933","ZNF823",11721265,11739009,17744
"ENSG00000197935","ZNF311",28994785,29005316,10531
"ENSG00000197937","ZNF347",53124072,53159075,35003
"ENSG00000197938","OR5H2",98282888,98283832,944
"ENSG00000197943","PLCG2",81739097,81962685,223588
"ENSG00000197948","FCHSD1",141639302,141651418,12116
"ENSG00000197951","ZNF71",56595264,56626481,31217
"ENSG00000197953","AADACL2",151733916,151761339,27423
"ENSG00000197956","S100A6",153534599,153536244,1645
"ENSG00000197958","RPL12",127447674,127451406,3732
"ENSG00000197959","DNM3",171841498,172418466,576968
"ENSG00000197961","ZNF121",9560353,9584533,24180
"ENSG00000197965","MPZL1",167721192,167791919,70727
"ENSG00000197969","VPS13A",77177445,77421537,244092
"ENSG00000197971","MBP",76978827,77133683,154856
"ENSG00000197976","AKAP17A",1591604,1602520,10916
"ENSG00000197980","LEKR1",156825481,157046129,220648
"ENSG00000197982","C1orf122",37806979,37809454,2475
"ENSG00000197989","SNHG12",28578538,28583132,4594
"ENSG00000197991","PCDH20",61409858,61427849,17991
"ENSG00000197992","CLEC9A",10030678,10066031,35353
"ENSG00000197993","KEL",142941114,142962363,21249
"ENSG00000198000","NOL8",92297358,92325636,28278
"ENSG00000198001","IRAK4",43758944,43789543,30599
"ENSG00000198003","CCDC151",11420604,11435782,15178
"ENSG00000198010","DLGAP2",737596,1708474,970878
"ENSG00000198015","MRPL42",93467488,93516214,48726
"ENSG00000198018","ENTPD7",99659509,99711241,51732
"ENSG00000198019","FCGR1B",121087345,121096310,8965
"ENSG00000198026","ZNF335",45948660,45972203,23543
"ENSG00000198028","ZNF560",9466507,9498607,32100
"ENSG00000198033","TUBA3C",19173772,19181824,8052
"ENSG00000198034","RPS4X",72255679,72277248,21569
"ENSG00000198039","ZNF273",64870172,64930966,60794
"ENSG00000198042","MAK16",33485182,33501262,16080
"ENSG00000198046","ZNF667",56439325,56478065,38740
"ENSG00000198049","AVPR1B",206106936,206117699,10763
"ENSG00000198053","SIRPA",1894167,1940592,46425
"ENSG00000198055","GRK6",177403204,177442901,39697
"ENSG00000198056","PRIM1",56731580,56752373,20793
"ENSG00000198060","MARCH5",92291167,92353964,62797
"ENSG00000198062","POTEH",15690026,15721631,31605
"ENSG00000198074","AKR1B10",134527567,134541412,13845
"ENSG00000198075","SULT1C4",108377911,108388989,11078
"ENSG00000198077","CYP2A7",40875439,40882752,7313
"ENSG00000198081","ZFP161",5289019,5297053,8034
"ENSG00000198083","KRTAP9-9",41255384,41256364,980
"ENSG00000198087","CD2AP",47477789,47627263,149474
"ENSG00000198089","SFI1",31488688,31618586,129898
"ENSG00000198090","KRTAP4-6",41139433,41140487,1054
"ENSG00000198092","TMPRSS11F",68053198,68129880,76682
"ENSG00000198093","ZNF649",51889235,51905040,15805
"ENSG00000198099","ADH4",99123657,99157792,34135
"ENSG00000198104","OR2T6",248375746,248391811,16065
"ENSG00000198105","ZNF248",37776526,37858106,81580
"ENSG00000198108","CHSY3",129904465,130186634,282169
"ENSG00000198121","LPAR1",110873263,111038458,165195
"ENSG00000198125","MB",35606764,35637951,31187
"ENSG00000198128","OR2L3",248046836,248063407,16571
"ENSG00000198130","HIBCH",190189735,190344193,154458
"ENSG00000198131","ZNF544",58228594,58277495,48901
"ENSG00000198142","SOWAHC",109614364,109618990,4626
"ENSG00000198146","ZNF770",34978341,34988287,9946
"ENSG00000198155","ZNF876P",212610,255985,43375
"ENSG00000198157","HMGN5",81113701,81201942,88241
"ENSG00000198160","MIER1",66924895,66988619,63724
"ENSG00000198162","MAN1A2",117367449,117528872,161423
"ENSG00000198168","SVIP",22813799,22830299,16500
"ENSG00000198169","ZNF251",144720907,144756417,35510
"ENSG00000198171","DDRGK1",3190350,3204685,14335
"ENSG00000198173","FAM47C",37008397,37011666,3269
"ENSG00000198176","TFDP1",113584721,113641473,56752
"ENSG00000198178","CLEC4C",7729415,7751605,22190
"ENSG00000198182","ZNF607",37696371,37719761,23390
"ENSG00000198183","BPIFA1",33235995,33243311,7316
"ENSG00000198185","ZNF334",46499630,46513559,13929
"ENSG00000198189","HSD17B11",87336515,87391188,54673
"ENSG00000198198","SZT2",43389882,43454247,64365
"ENSG00000198203","SULT1C2",108288639,108309915,21276
"ENSG00000198205","ZXDA",57906708,57910820,4112
"ENSG00000198208","RPS6KL1",74903954,74923396,19442
"ENSG00000198216","CACNA1E",181317690,181808084,490394
"ENSG00000198218","QRICH1",49029707,49094363,64656
"ENSG00000198223","CSF2RA",1268800,1310381,41581
"ENSG00000198225","FKBP1C",63211446,63213024,1578
"ENSG00000198231","DDX42",63773603,63819317,45714
"ENSG00000198242","RPL23A",28719985,28724359,4374
"ENSG00000198246","SLC29A3",71319259,71381423,62164
"ENSG00000198252","STYX",52730166,52774989,44823
"ENSG00000198258","UBL5",9827892,9830115,2223
"ENSG00000198265","HELZ",67070444,67245989,175545
"ENSG00000198271","KRTAP4-5",41148924,41149802,878
"ENSG00000198276","UCKL1",63939829,63956416,16587
"ENSG00000198283","OR5B21",58507175,58508105,930
"ENSG00000198286","CARD11",2906141,3043945,137804
"ENSG00000198298","ZNF485",43606419,43617904,11485
"ENSG00000198300","PEG3",56810077,56840728,30651
"ENSG00000198301","SDAD1",75940950,75990962,50012
"ENSG00000198315","ZNF192",28141883,28159460,17577
"ENSG00000198326","TMEM239",2816302,2820284,3982
"ENSG00000198331","HYLS1",125883614,125900648,17034
"ENSG00000198342","ZNF442",12345944,12365905,19961
"ENSG00000198346","ZNF813",53467733,53496255,28522
"ENSG00000198353","HOXC4",54016931,54056030,39099
"ENSG00000198354","DCAF12L2",126163499,126166289,2790
"ENSG00000198355","PIM3",49960768,49964072,3304
"ENSG00000198356","ASNA1",12737139,12748323,11184
"ENSG00000198363","ASPH",61500556,61714640,214084
"ENSG00000198369","SPRED2",65310851,65432637,121786
"ENSG00000198373","WWP2",69762306,69941741,179435
"ENSG00000198380","GFPT1",69319769,69387254,67485
"ENSG00000198382","UVRAG",75815210,76144232,329022
"ENSG00000198398","TMEM207",190428655,190449876,21221
"ENSG00000198399","ITSN2",24202864,24360714,157850
"ENSG00000198400","NTRK1",156815640,156881850,66210
"ENSG00000198408","MGEA5",101784443,101818465,34022
"ENSG00000198420","FAM115A",143851375,143902198,50823
"ENSG00000198429","ZNF69",11887784,11914329,26545
"ENSG00000198431","TXNRD1",104215779,104350307,134528
"ENSG00000198440","ZNF583",56397966,56436035,38069
"ENSG00000198443","KRTAP4-1",41184102,41185342,1240
"ENSG00000198445","CCT8L2",16590751,16592810,2059
"ENSG00000198453","ZNF568",36916329,36998700,82371
"ENSG00000198454","C9orf141",136969243,136971990,2747
"ENSG00000198455","ZXDB",57591652,57597545,5893
"ENSG00000198464","ZNF480",52297169,52325922,28753
"ENSG00000198466","ZNF587",57849859,57865117,15258
"ENSG00000198467","TPM2",35681992,35690056,8064
"ENSG00000198471","RTP2",187698259,187702557,4298
"ENSG00000198482","ZNF808",52527652,52564464,36812
"ENSG00000198483","ANKRD35",145866560,145885866,19306
"ENSG00000198488","B3GNT6",77034398,77041973,7575
"ENSG00000198492","YTHDF2",28736621,28769775,33154
"ENSG00000198496","NBR2",43125551,43153671,28120
"ENSG00000198498","TMA16",163494442,163520539,26097
"ENSG00000198502","HLA-DRB5",32517353,32530287,12934
"ENSG00000198513","ATL1",50532509,50633068,100559
"ENSG00000198515","CNGA1",47935977,48016672,80695
"ENSG00000198520","C1orf228",44674692,44725591,50899
"ENSG00000198521","ZNF43",21804949,21852125,47176
"ENSG00000198522","GPN1",27628247,27651508,23261
"ENSG00000198523","PLN",118548296,118561716,13420
"ENSG00000198538","ZNF28",52797408,52857600,60192
"ENSG00000198542","ITGBL1",101452593,101720856,268263
"ENSG00000198546","ZNF511",133308914,133313162,4248
"ENSG00000198547","C20orf203",32631652,32673941,42289
"ENSG00000198551","ZNF627",11559374,11619161,59787
"ENSG00000198553","KCNRG",50015254,50020922,5668
"ENSG00000198554","WDHD1",54938949,55027105,88156
"ENSG00000198556","ZNF789",99472890,99503650,30760
"ENSG00000198561","CTNND1",57753243,57819546,66303
"ENSG00000198563","DDX39B",31530219,31542448,12229
"ENSG00000198569","SLC34A3",137230757,137236554,5797
"ENSG00000198570","RD3",211476522,211492917,16395
"ENSG00000198576","ARC",142611049,142614479,3430
"ENSG00000198586","TLK1",170990823,171231314,240491
"ENSG00000198589","LRBA",150264435,151015727,751292
"ENSG00000198590","C3orf35",37381062,37440186,59124
"ENSG00000198597","ZNF536",30228290,30713538,485248
"ENSG00000198598","MMP17",131828393,131851783,23390
"ENSG00000198601","OR2M2",248174821,248181067,6246
"ENSG00000198604","BAZ1A",34752731,34875647,122916
"ENSG00000198610","AKR1C4",5195462,5218949,23487
"ENSG00000198612","COPS8",237085882,237100474,14592
"ENSG00000198624","CCDC69",151181052,151224093,43041
"ENSG00000198625","MDM4",204516379,204558120,41741
"ENSG00000198626","RYR2",237042184,237833988,791804
"ENSG00000198633","ZNF534",52429187,52452315,23128
"ENSG00000198642","KLHL9",21329671,21335380,5709
"ENSG00000198643","FAM3D",58633946,58666834,32888
"ENSG00000198646","NCOA6",34689097,34825651,136554
"ENSG00000198648","STK39",167954020,168247595,293575
"ENSG00000198650","TAT",71565660,71577092,11432
"ENSG00000198663","C6orf89",36871870,36928964,57094
"ENSG00000198668","CALM1",90396502,90408268,11766
"ENSG00000198670","LPA",160531483,160664259,132776
"ENSG00000198677","TTC37",95461755,95555007,93252
"ENSG00000198681","MAGEA1",153179284,153183880,4596
"ENSG00000198682","PAPSS2",87659613,87747705,88092
"ENSG00000198685","C3orf27",128572000,128576086,4086
"ENSG00000198689","SLC9A6",135973841,136047269,73428
"ENSG00000198690","FAN1",30890559,30943108,52549
"ENSG00000198691","ABCA4",93992834,94121148,128314
"ENSG00000198695","MT-ND6",14149,14673,524
"ENSG00000198700","IPO9",201829149,201884291,55142
"ENSG00000198707","CEP290",88049014,88142088,93074
"ENSG00000198712","MT-CO2",7586,8269,683
"ENSG00000198715","C1orf85",156290089,156295689,5600
"ENSG00000198718","FAM179B",44962190,45074431,112241
"ENSG00000198719","DLL1",170282206,170306565,24359
"ENSG00000198720","ANKRD13B",29589769,29614761,24992
"ENSG00000198721","ECI2",4115689,4135597,19908
"ENSG00000198722","UNC13B",35161992,35405338,243346
"ENSG00000198723","C19orf45",7492976,7508450,15474
"ENSG00000198727","MT-CYB",14747,15887,1140
"ENSG00000198728","LDB1",102107560,102120453,12893
"ENSG00000198730","CTR9",10751246,10801625,50379
"ENSG00000198732","SMOC1",69854131,70032366,178235
"ENSG00000198734","F5",169511953,169586588,74635
"ENSG00000198739","LRRTM3",66926036,67101551,175515
"ENSG00000198740","ZNF652",49289206,49362473,73267
"ENSG00000198742","SMURF1",99027438,99144100,116662
"ENSG00000198743","SLC5A3",34073578,34106260,32682
"ENSG00000198746","GPATCH3",26890488,26900467,9979
"ENSG00000198752","CDC42BPB",102932380,103057549,125169
"ENSG00000198753","PLXNB3",153764196,153779346,15150
"ENSG00000198754","OXCT2",39769523,39771348,1825
"ENSG00000198755","RPL10A",35468401,35470785,2384
"ENSG00000198756","GLT25D2",183929854,184037729,107875
"ENSG00000198758","EPS8L3",109750080,109764027,13947
"ENSG00000198759","EGFL6",13569601,13633575,63974
"ENSG00000198763","MT-ND2",4470,5511,1041
"ENSG00000198765","SYCP1",114854863,114995370,140507
"ENSG00000198768","APCDD1L",58459101,58515131,56030
"ENSG00000198771","RCSD1",167630093,167708696,78603
"ENSG00000198780","FAM169A",74777574,74866966,89392
"ENSG00000198783","ZNF830",34961540,34963777,2237
"ENSG00000198785","GRIN3A",101569352,101738580,169228
"ENSG00000198786","MT-ND5",12337,14148,1811
"ENSG00000198788","MUC2",1074875,1110511,35636
"ENSG00000198792","TMEM184B",38219291,38273010,53719
"ENSG00000198793","MTOR",11106535,11262507,155972
"ENSG00000198794","SCAMP5",74957219,75021495,64276
"ENSG00000198795","ZNF521",25061924,25352190,290266
"ENSG00000198796","ALPK2",58481247,58629091,147844
"ENSG00000198797","FAM5B",177170958,177282422,111464
"ENSG00000198798","MAGEB3",30230436,30237492,7056
"ENSG00000198799","LRIG2",113073198,113132260,59062
"ENSG00000198804","MT-CO1",5904,7445,1541
"ENSG00000198807","PAX9",36657568,36679715,22147
"ENSG00000198812","LRRC10",69608564,69611162,2598
"ENSG00000198814","GK",30653359,30731456,78097
"ENSG00000198815","FOXJ3",42176539,42335877,159338
"ENSG00000198816","ZNF358",7515292,7521025,5733
"ENSG00000198818","SFT2D1",166319728,166342576,22848
"ENSG00000198821","CD247",167430640,167518610,87970
"ENSG00000198822","GRM3",86643914,86864884,220970
"ENSG00000198824","CHAMP1",114314482,114337626,23144
"ENSG00000198825","INPP5F",119726042,119829147,103105
"ENSG00000198826","ARHGAP11A",32615144,32639941,24797
"ENSG00000198830","HMGN2",26472440,26476642,4202
"ENSG00000198833","UBE2J1",89326625,89352722,26097
"ENSG00000198835","GJC2",228149930,228159826,9896
"ENSG00000198836","OPA1",193593144,193697811,104667
"ENSG00000198837","DENND4B",153929501,153946718,17217
"ENSG00000198838","RYR3",33310945,33866121,555176
"ENSG00000198839","ZNF277",112206588,112343096,136508
"ENSG00000198840","MT-ND3",10059,10404,345
"ENSG00000198841","KTI12",52032103,52033816,1713
"ENSG00000198842","DUSP27",167094045,167129165,35120
"ENSG00000198843","SELT",150602875,150630445,27570
"ENSG00000198844","ARHGEF15",8310241,8322514,12273
"ENSG00000198846","TOX",58805412,59119147,313735
"ENSG00000198848","CES1",55802851,55833337,30486
"ENSG00000198851","CD3E",118304545,118316175,11630
"ENSG00000198853","RUSC2",35490111,35561898,71787
"ENSG00000198854","C1orf68",152719522,152720470,948
"ENSG00000198855","FICD",108515277,108525837,10560
"ENSG00000198858","R3HDM4",896503,913245,16742
"ENSG00000198860","TSEN15",184051651,184123978,72327
"ENSG00000198862","LTN1",28928144,28992956,64812
"ENSG00000198863","RUNDC1",42980565,42993690,13125
"ENSG00000198865","CCDC152",42756818,42802439,45621
"ENSG00000198870","C9orf96",133376367,133406096,29729
"ENSG00000198873","GRK5",119207589,119459742,252153
"ENSG00000198874","TYW1",66995173,67239519,244346
"ENSG00000198876","DCAF12",34086387,34127399,41012
"ENSG00000198879","SFMBT2",7158624,7411486,252862
"ENSG00000198883","PNMA5",152988824,152994116,5292
"ENSG00000198885","ITPRIPL1",96325331,96330517,5186
"ENSG00000198886","MT-ND4",10760,12137,1377
"ENSG00000198887","SMC5",70258978,70354873,95895
"ENSG00000198888","MT-ND1",3307,4262,955
"ENSG00000198889","DCAF12L1",126549383,126552814,3431
"ENSG00000198890","PRMT6",107056679,107067636,10957
"ENSG00000198892","SHISA4",201888680,201892306,3626
"ENSG00000198894","KIAA1737",77098126,77117287,19161
"ENSG00000198898","CAPZA2",116811070,116922049,110979
"ENSG00000198899","MT-ATP6",8527,9207,680
"ENSG00000198900","TOP1",41028822,41124487,95665
"ENSG00000198901","PRC1",90966040,90995629,29589
"ENSG00000198908","BHLHB9",102720688,102753540,32852
"ENSG00000198909","MAP3K3",63622415,63696303,73888
"ENSG00000198910","L1CAM",153861514,153886174,24660
"ENSG00000198911","SREBF2",41833079,41907307,74228
"ENSG00000198912","C1orf174",3889125,3900293,11168
"ENSG00000198915","RASGEF1A",43194535,43266919,72384
"ENSG00000198917","C9orf114",128819651,128829794,10143
"ENSG00000198919","DZIP3",108589705,108694840,105135
"ENSG00000198920","KIAA0753",6578147,6640711,62564
"ENSG00000198924","DCLRE1A",113834725,113854383,19658
"ENSG00000198925","ATG9A",219219380,219229717,10337
"ENSG00000198929","NOS1AP",162069691,162370475,300784
"ENSG00000198930","CSAG1",152727484,152733735,6251
"ENSG00000198932","GPRASP1",102651092,102659083,7991
"ENSG00000198933","TBKBP1",47694081,47712050,17969
"ENSG00000198934","MAGEE1",76427724,76431353,3629
"ENSG00000198937","CCDC167",37482938,37499893,16955
"ENSG00000198938","MT-CO3",9207,9990,783
"ENSG00000198945","L3MBTL3",130013699,130141451,127752
"ENSG00000198947","DMD",31097677,33339441,2241764
"ENSG00000198948","MFAP3L",169986597,170033031,46434
"ENSG00000198951","NAGA",42058354,42070842,12488
"ENSG00000198952","SMG5",156249224,156282825,33601
"ENSG00000198954","KIAA1279",68988721,69043544,54823
"ENSG00000198959","TGM2",38127385,38166578,39193
"ENSG00000198960","ARMCX6",101615118,101618001,2883
"ENSG00000198961","PJA2",109334713,109409974,75261
"ENSG00000198963","RORB",74497335,74693177,195842
"ENSG00000198964","SGMS1",50305586,50625163,319577
"ENSG00000198965","OR10R2",158472220,158480936,8716
"ENSG00000198967","OR10Z1",158605268,158612514,7246
"ENSG00000198974","MIR30E",40754355,40754446,91
"ENSG00000198987","MIR16-2",160404745,160404825,80
"ENSG00000199025","MIR369",101065598,101065667,69
"ENSG00000199043","MIR335",130496111,130496204,93
"ENSG00000199080","MIR133B",52148923,52149041,118
"ENSG00000199082","MIR342",100109655,100109753,98
"ENSG00000199092","MIR410",101065912,101065991,79
"ENSG00000199107","MIR409",101065300,101065378,78
"ENSG00000199127","MIR383",14853438,14853510,72
"ENSG00000199132","MIR450A1",134540341,134540431,90
"ENSG00000199150","MIRLET7G",52268278,52268361,83
"ENSG00000199390","SNORD114-7",100963054,100963130,76
"ENSG00000199407","RNA5SP301",13727796,13727916,120
"ENSG00000199673","SNORD16",66502812,66502910,98
"ENSG00000199704","SNORD115-29",25223246,25223327,81
"ENSG00000199712","SNORD115-2",25172635,25172716,81
"ENSG00000200163","SNORD115-18",25203227,25203308,81
"ENSG00000200434","RNA5-8SP2",34162959,34163110,151
"ENSG00000200463","SNORD118",8173454,8173587,133
"ENSG00000200623","SNORD18A",66503243,66503314,71
"ENSG00000200913","SNORD46",44776490,44776593,103
"ENSG00000200983","SNORA3",8684227,8684356,129
"ENSG00000201129","ENSG00000201129",154259727,154259862,135
"ENSG00000201482","SNORD115-17",25201323,25201404,81
"ENSG00000201569","SNORD114-17",100974806,100974880,74
"ENSG00000201634","SNORD115-48",25269783,25269858,75
"ENSG00000201643","SNORA14A",75943782,75943916,134
"ENSG00000201675","SNORD32A",49489965,49490048,83
"ENSG00000201969","SNORD115-20",25206262,25206343,81
"ENSG00000202263","RNA5SP22",78094807,78094915,108
"ENSG00000202373","SNORD115-43",25249198,25249279,81
"ENSG00000202474","RNA5SP283",62802320,62802438,118
"ENSG00000202529","SNORD18B",66502020,66502091,71
"ENSG00000203326","ZNF525",53365693,53392217,26524
"ENSG00000203485","INF2",104689606,104722535,32929
"ENSG00000203661","OR2T5",248488589,248491113,2524
"ENSG00000203663","OR2L2",248030070,248042305,12235
"ENSG00000203664","OR2W5",247488093,247492415,4322
"ENSG00000203667","COX20",244835616,244845057,9441
"ENSG00000203668","CHML",241628853,241640254,11401
"ENSG00000203685","C1orf95",226548764,226609230,60466
"ENSG00000203690","TCP10",167357031,167384510,27479
"ENSG00000203697","CAPN8",223538007,223665734,127727
"ENSG00000203705","TATDN3",212791828,212816830,25002
"ENSG00000203710","CR1",207496147,207641765,145618
"ENSG00000203722","RAET1G",149916878,149923121,6243
"ENSG00000203724","C1orf53",197902630,197907367,4737
"ENSG00000203733","GJE1",142133090,142135151,2061
"ENSG00000203734","ECT2L",138795926,138904070,108144
"ENSG00000203737","GPR52",174448074,174449545,1471
"ENSG00000203740","METTL11B",170146001,170167790,21789
"ENSG00000203747","FCGR3A",161541759,161550737,8978
"ENSG00000203757","OR6K3",158716327,158720720,4393
"ENSG00000203760","CENPW",126340174,126348875,8701
"ENSG00000203780","FANK1",125896539,126009592,113053
"ENSG00000203782","LOR",153259687,153262124,2437
"ENSG00000203784","LELP1",153203430,153205120,1690
"ENSG00000203786","KPRP",152759561,152762052,2491
"ENSG00000203791","METTL10",124748149,124791887,43738
"ENSG00000203795","FAM24A",122910701,122913111,2410
"ENSG00000203797","DDO",110391771,110415575,23804
"ENSG00000203799","CCDC162P",109165831,109355063,189232
"ENSG00000203805","PPAPDC1A",120456954,120589855,132901
"ENSG00000203808","BVES-AS1",105136308,105169952,33644
"ENSG00000203814","HIST2H2BF",149782689,149812373,29684
"ENSG00000203837","PNLIPRP3",116427847,116477957,50110
"ENSG00000203857","HSD3B1",119507198,119515054,7856
"ENSG00000203859","HSD3B2",119414931,119423035,8104
"ENSG00000203867","RBM20",110644336,110839468,195132
"ENSG00000203870","CXorf68",154823348,154834662,11314
"ENSG00000203872","C6orf163",87344813,87365463,20650
"ENSG00000203878","RP11-165H20.1",111280059,111286116,6057
"ENSG00000203879","GDI1",154436913,154443467,6554
"ENSG00000203880","PCMTD2",64255695,64287821,32126
"ENSG00000203897","SRG7",108857217,108858524,1307
"ENSG00000203907","OOEP",73368555,73395133,26578
"ENSG00000203908","KHDC3L",73362658,73364171,1513
"ENSG00000203910","C1orf146",92217915,92245813,27898
"ENSG00000203933","CXorf66",139955725,139965520,9795
"ENSG00000203942","C10orf62",97589727,97590934,1207
"ENSG00000203950","FAM127B",135050932,135052196,1264
"ENSG00000203952","CCDC160",134237047,134246207,9160
"ENSG00000203963","C1orf141",67092165,67231853,139688
"ENSG00000203965","EFCAB7",63523372,63572693,49321
"ENSG00000203985","LDLRAD1",54007298,54018186,10888
"ENSG00000203989","RHOXF2B",120070672,120077705,7033
"ENSG00000203993","C9orf37",137615332,137618906,3574
"ENSG00000203995","ZYG11A",52842511,52894998,52487
"ENSG00000204001","LCN8",136754386,136758543,4157
"ENSG00000204006","C1orf185",51102221,51148086,45865
"ENSG00000204007","GLT6D1",135623656,135639540,15884
"ENSG00000204010","IFIT1B",89378056,89385205,7149
"ENSG00000204019","CXorf61",116461686,116462976,1290
"ENSG00000204020","LIPN",88761406,88778242,16836
"ENSG00000204021","LIPK",88724544,88752756,28212
"ENSG00000204022","LIPJ",88586753,88606976,20223
"ENSG00000204033","LRIT2",84220495,84225589,5094
"ENSG00000204052","LRRC73",43506969,43510686,3717
"ENSG00000204065","TCEAL5",103273691,103276750,3059
"ENSG00000204070","SYS1",45361937,45376798,14861
"ENSG00000204071","TCEAL6",102140476,102142970,2494
"ENSG00000204084","INPP5B",37860697,37947057,86360
"ENSG00000204086","RPA4",96883908,96885467,1559
"ENSG00000204092","FLJ41649",40344344,40346151,1807
"ENSG00000204099","NEU4",241808825,241817413,8588
"ENSG00000204104","TRAF3IP1",238320441,238400897,80456
"ENSG00000204116","CHIC1",73563200,73687102,123902
"ENSG00000204120","GIGYF2",232697299,232860575,163276
"ENSG00000204128","C2orf72",231037523,231049719,12196
"ENSG00000204130","RUFY2",68341107,68407294,66187
"ENSG00000204131","NHSL2",71910818,72161750,250932
"ENSG00000204138","PHACTR4",28369582,28500364,130782
"ENSG00000204147","ASAH2B",50739318,50816495,77177
"ENSG00000204149","AGAP6",49988318,50010499,22181
"ENSG00000204160","ZDHHC18",26826688,26857604,30916
"ENSG00000204161","C10orf128",49154725,49188585,33860
"ENSG00000204165","CXorf65",71103889,71106788,2899
"ENSG00000204173","LRRC37A5P",111602831,111631289,28458
"ENSG00000204174","PPYR1",46461099,46465881,4782
"ENSG00000204175","GPRIN2",46549044,46555530,6486
"ENSG00000204176","SYT15",46578217,46594173,15956
"ENSG00000204177","BMS1P1",46786674,46811989,25315
"ENSG00000204178","TMEM57",25430858,25500209,69351
"ENSG00000204179","PTPN20A",46911396,47002488,91092
"ENSG00000204183","GDF5OS",35433029,35435450,2421
"ENSG00000204186","ZDBF2",206274663,206314427,39764
"ENSG00000204193","TXNDC8",110303521,110337884,34363
"ENSG00000204195","AWAT1",70234655,70240627,5972
"ENSG00000204209","DAXX",33318558,33323016,4458
"ENSG00000204217","BMPR2",202376180,202567751,191571
"ENSG00000204219","TCEA3",23381061,23424740,43679
"ENSG00000204220","PFDN6",33289302,33298401,9099
"ENSG00000204228","HSD17B8",33204655,33206831,2176
"ENSG00000204231","RXRB",33193588,33200688,7100
"ENSG00000204237","OXLD1",81665036,81666635,1599
"ENSG00000204246","OR13C3",104535749,104536856,1107
"ENSG00000204248","COL11A2",33162681,33192499,29818
"ENSG00000204252","HLA-DOA",33004182,33009591,5409
"ENSG00000204256","BRD2",32968594,32981505,12911
"ENSG00000204257","HLA-DMA",32948613,32969094,20481
"ENSG00000204262","COL5A2",189031898,189225312,193414
"ENSG00000204267","TAP2",32821833,32838770,16937
"ENSG00000204278","TMEM235",78231310,78240987,9677
"ENSG00000204279","PAGE3",55258412,55264846,6434
"ENSG00000204290","BTNL2",32393963,32407128,13165
"ENSG00000204291","COL15A1",98943179,99070792,127613
"ENSG00000204296","C6orf10",32288526,32371912,83386
"ENSG00000204300","TMEM225",123882920,123885670,2750
"ENSG00000204301","NOTCH4",32194843,32224067,29224
"ENSG00000204310","AGPAT1",32168212,32178096,9884
"ENSG00000204311","DFNB59",178451346,178461409,10063
"ENSG00000204314","PRRT1",32148359,32153083,4724
"ENSG00000204315","FKBPL",32128707,32130288,1581
"ENSG00000204316","MRPL38",75898643,75905413,6770
"ENSG00000204344","STK19",31971091,31982821,11730
"ENSG00000204345","CD300LD",74579365,74592283,12918
"ENSG00000204347","BTBD17",74356416,74361868,5452
"ENSG00000204348","DOM3Z",31969810,31972290,2480
"ENSG00000204351","SKIV2L",31959117,31969751,10634
"ENSG00000204352","C9orf129",93318199,93346414,28215
"ENSG00000204356","RDBP",31952087,31959038,6951
"ENSG00000204361","NXPE2",114678386,114707069,28683
"ENSG00000204363","SPANXN5",52796144,52798101,1957
"ENSG00000204366","ZBTB12",31899607,31901992,2385
"ENSG00000204370","SDHD",112086824,112120016,33192
"ENSG00000204371","EHMT2",31879759,31897687,17928
"ENSG00000204381","LAYN",111540280,111561745,21465
"ENSG00000204385","SLC44A4",31863192,31879046,15854
"ENSG00000204386","NEU1",31857659,31862906,5247
"ENSG00000204389","HSPA1A",31815464,31817946,2482
"ENSG00000204390","HSPA1L",31809619,31815283,5664
"ENSG00000204394","VARS",31777518,31795752,18234
"ENSG00000204396","VWA7",31765590,31777294,11704
"ENSG00000204397","CARD16",105041326,105101431,60105
"ENSG00000204406","MBD5",148021011,148516971,495960
"ENSG00000204410","MSH5",31739677,31762678,23001
"ENSG00000204414","CSHL1",63909597,63918838,9241
"ENSG00000204420","C6orf25",31718594,31726714,8120
"ENSG00000204421","LY6G6C",31718648,31721746,3098
"ENSG00000204422","LY6G6E",31686962,31714072,27110
"ENSG00000204424","LY6G6F",31706885,31710595,3710
"ENSG00000204427","ABHD16A",31686955,31703356,16401
"ENSG00000204438","GPANK1",31661228,31666283,5055
"ENSG00000204439","C6orf47",31658298,31660772,2474
"ENSG00000204442","FAM155A",107163510,107866735,703225
"ENSG00000204446","C9orf170",87148644,87159556,10912
"ENSG00000204449","TRIM49C",90031106,90042025,10919
"ENSG00000204463","BAG6",31639028,31652705,13677
"ENSG00000204469","PRRC2A",31620720,31637771,17051
"ENSG00000204481","PRAMEF14",13342034,13347134,5100
"ENSG00000204498","NFKBIL1",31546870,31558829,11959
"ENSG00000204510","PRAMEF7",12916610,12920482,3872
"ENSG00000204514","ZNF814",57848731,57889074,40343
"ENSG00000204516","MICB",31494881,31511124,16243
"ENSG00000204518","AADACL4",12644547,12667086,22539
"ENSG00000204519","ZNF551",57681969,57717301,35332
"ENSG00000204520","MICA",31399784,31415315,15531
"ENSG00000204524","ZNF805",57240632,57262728,22096
"ENSG00000204525","HLA-C",31268749,31272130,3381
"ENSG00000204531","POU5F1",31164337,31180731,16394
"ENSG00000204532","ZSCAN5C",56202301,56209452,7151
"ENSG00000204536","CCHCR1",31142439,31158238,15799
"ENSG00000204539","CDSN",31115087,31120446,5359
"ENSG00000204540","PSORS1C1",31114750,31140092,25342
"ENSG00000204544","MUC21",30983718,30989903,6185
"ENSG00000204548","DEFB121",31404845,31412838,7993
"ENSG00000204560","DHX16",30653119,30673006,19887
"ENSG00000204564","C6orf136",30647039,30653210,6171
"ENSG00000204568","MRPS18B",30617840,30626395,8555
"ENSG00000204569","PPP1R10",30600413,30618612,18199
"ENSG00000204571","KRTAP5-11",71579714,71603353,23639
"ENSG00000204572","KRTAP5-10",71565563,71566738,1175
"ENSG00000204574","ABCF1",30571393,30597179,25786
"ENSG00000204576","PRR3",30556886,30563723,6837
"ENSG00000204577","LILRB3",54216278,54223506,7228
"ENSG00000204580","DDR1",30876421,30900156,23735
"ENSG00000204581","FLJ44006",111098345,111116407,18062
"ENSG00000204590","GNL1",30541377,30557174,15797
"ENSG00000204595","DPRX",53632056,53637009,4953
"ENSG00000204599","TRIM39",30326479,30343729,17250
"ENSG00000204604","ZNF468",52838010,52890375,52365
"ENSG00000204610","TRIM15",30163206,30172693,9487
"ENSG00000204611","ZNF616",52113091,52139938,26847
"ENSG00000204612","FOXB2",77019655,77020953,1298
"ENSG00000204613","TRIM10",30151943,30161211,9268
"ENSG00000204622","HLA-J",30005971,30009956,3985
"ENSG00000204623","ZNRD1-AS1",30001011,30061640,60629
"ENSG00000204624","PTCHD2",11479155,11537551,58396
"ENSG00000204625","HCG9",29975112,29978410,3298
"ENSG00000204628","GNB2L1",181236909,181248096,11187
"ENSG00000204632","HLA-G",29826967,29831125,4158
"ENSG00000204634","TBC1D8",101007617,101252866,245249
"ENSG00000204640","NMS",100470482,100483280,12798
"ENSG00000204642","HLA-F",29722775,29738528,15753
"ENSG00000204644","ZFP57",29672392,29681110,8718
"ENSG00000204648","SSX9",48296816,48306179,9363
"ENSG00000204653","ASPDH",50511600,50514690,3090
"ENSG00000204655","MOG",29657002,29672372,15370
"ENSG00000204657","OR2H2",29585121,29590500,5379
"ENSG00000204661","C5orf60",179641544,179645046,3502
"ENSG00000204666","FLJ26850",50050589,50066793,16204
"ENSG00000204669","C9orf57",72051376,72072721,21345
"ENSG00000204673","AKT1S1",49869033,49878459,9426
"ENSG00000204677","FAM153C",178006348,178086529,80181
"ENSG00000204681","GABBR1",29555629,29633976,78347
"ENSG00000204682","C10orf114",21492658,21497284,4626
"ENSG00000204687","MAS1L",29486697,29487956,1259
"ENSG00000204700","OR2J2",29170907,29175811,4904
"ENSG00000204701","OR2J3",29108059,29114770,6711
"ENSG00000204702","OR2J1",29099657,29102701,3044
"ENSG00000204703","OR2B3",29086208,29087313,1105
"ENSG00000204704","OR2W1",29044213,29045240,1027
"ENSG00000204709","C6orf100",28943877,28944537,660
"ENSG00000204710","SPDYC",65170154,65173244,3090
"ENSG00000204711","C9orf135",69820817,69906227,85410
"ENSG00000204713","TRIM27",28903002,28923988,20986
"ENSG00000204740","C10orf112",19048801,19790401,741600
"ENSG00000204764","RANBP17",170861870,171300015,438145
"ENSG00000204767","FAM196B",169861303,169980495,119192
"ENSG00000204779","FOXD4L5",65282101,65285209,3108
"ENSG00000204787","REG1P",79135503,79138427,2924
"ENSG00000204815","TTC25",41930617,41966503,35886
"ENSG00000204822","MRPL53",74471982,74472687,705
"ENSG00000204837","KGFLP2",39816542,40106661,290119
"ENSG00000204839","C8orf73",143566192,143572772,6580
"ENSG00000204842","ATXN2",111443485,111599676,156191
"ENSG00000204843","DCTN1",74361154,74392087,30933
"ENSG00000204849","FAM75A1",39355669,39361959,6290
"ENSG00000204851","PNMAL2",46486906,46496498,9592
"ENSG00000204852","TCTN1",110614027,110649430,35403
"ENSG00000204856","FAM216A",110468415,110490385,21970
"ENSG00000204859","ZBTB48",6579994,6589280,9286
"ENSG00000204866","IGFL2",46143106,46161299,18193
"ENSG00000204869","IGFL4",46039748,46077118,37370
"ENSG00000204880","KRTAP4-8",41096981,41098141,1160
"ENSG00000204882","GPR20",141356500,141367267,10767
"ENSG00000204889","KRT40",40977716,40987135,9419
"ENSG00000204897","KRT25",40748021,40755332,7311
"ENSG00000204920","ZNF155",43967862,43998326,30464
"ENSG00000204928","GRXCR2",145858521,145937126,78605
"ENSG00000204930","FAM221B",35816391,35828747,12356
"ENSG00000204936","CD177",43353686,43363172,9486
"ENSG00000204941","PSG5",43166256,43186536,20280
"ENSG00000204946","ZNF783",149262171,149297302,35131
"ENSG00000204947","ZNF425",149102784,149126324,23540
"ENSG00000204954","C12orf73",103940763,103965708,24945
"ENSG00000204956","PCDHGA1",141330571,141512981,182410
"ENSG00000204961","PCDHA9",140847463,141012344,164881
"ENSG00000204962","PCDHA8",140841187,141012347,171160
"ENSG00000204963","PCDHA7",140834248,141012347,178099
"ENSG00000204965","PCDHA5",140821604,141012347,190743
"ENSG00000204967","PCDHA4",140806929,141012347,205418
"ENSG00000204969","PCDHA2",140794852,141012347,217495
"ENSG00000204970","PCDHA1",140786136,141012347,226211
"ENSG00000204977","TRIM13",49995888,50020481,24593
"ENSG00000204978","C19orf69",41443158,41444765,1607
"ENSG00000204983","PRSS1",142749468,142753076,3608
"ENSG00000204991","SPIRE2",89818179,89871319,53140
"ENSG00000205022","PABPN1L",88863333,88866660,3327
"ENSG00000205029","OR5D16",55838752,55839738,986
"ENSG00000205030","OR5L2",55827219,55828154,935
"ENSG00000205038","PKHD1L1",109362461,109537207,174746
"ENSG00000205045","SLFN12L",35464249,35522379,58130
"ENSG00000205060","SLC35B4",134289332,134316930,27598
"ENSG00000205078","SYCE1L",77199397,77213215,13818
"ENSG00000205085","FAM71F2",128672288,128687872,15584
"ENSG00000205089","CCNI2",132747445,132754403,6958
"ENSG00000205100","HSP90AA4P",189472965,189475192,2227
"ENSG00000205108","FAM205A",34723055,34729467,6412
"ENSG00000205111","CDKL4",39175646,39229588,53942
"ENSG00000205126","ACCSL",44047981,44059977,11996
"ENSG00000205129","C4orf47",185426249,185449826,23577
"ENSG00000205133","TRIQK",92883530,93017673,134143
"ENSG00000205143","ARID3C",34621379,34628107,6728
"ENSG00000205155","PSENEN",35745600,35747519,1919
"ENSG00000205174","C7orf66",108883975,108884587,612
"ENSG00000205186","FABP9",81458383,81461579,3196
"ENSG00000205189","ZBTB10",80485619,80526265,40646
"ENSG00000205209","SCGB2B2",34593329,34675699,82370
"ENSG00000205213","LGR4",27365961,27472790,106829
"ENSG00000205220","PSMB10",67934506,67936864,2358
"ENSG00000205221","VIT",36696690,36814792,118102
"ENSG00000205231","TTLL10-AS1",1173056,1179555,6499
"ENSG00000205250","E2F4",67192155,67198918,6763
"ENSG00000205268","PDE7A",65717510,65842322,124812
"ENSG00000205274","TRBV20OR9-2",33617762,33618506,744
"ENSG00000205277","MUC12",100969623,101018949,49326
"ENSG00000205302","SNX2",122775079,122834543,59464
"ENSG00000205307","SAP25",100572228,100573900,1672
"ENSG00000205309","NT5M",17303335,17347663,44328
"ENSG00000205325","FLJ45831",14767583,14780363,12780
"ENSG00000205327","OR6C68",55492378,55493316,938
"ENSG00000205328","OR6C65",55400430,55401505,1075
"ENSG00000205329","OR6C3",55330043,55332687,2644
"ENSG00000205330","OR6C1",55314343,55322364,8021
"ENSG00000205336","GPR56",57610652,57665580,54928
"ENSG00000205339","IPO7",9384652,9448127,63475
"ENSG00000205356","TECPR1",98214624,98252251,37627
"ENSG00000205358","MT1H",56669814,56671129,1315
"ENSG00000205359","SLCO6A1",102371782,102499016,127234
"ENSG00000205361","MT1DP",56643705,56644786,1081
"ENSG00000205362","MT1A",56638666,56640087,1421
"ENSG00000205363","C15orf59",73735431,73752747,17316
"ENSG00000205364","MT1M",56632659,56633981,1322
"ENSG00000205396","LINC00661",16015287,16027462,12175
"ENSG00000205403","CFI",109740694,109802179,61485
"ENSG00000205409","OR52E6",5840928,5841952,1024
"ENSG00000205413","SAMD9",93099513,93118023,18510
"ENSG00000205420","KRT6A",52487176,52493257,6081
"ENSG00000205426","KRT81",52285913,52291534,5621
"ENSG00000205436","EXOC3L4",103100144,103110559,10415
"ENSG00000205442","IZUMO3",24542952,24545946,2994
"ENSG00000205444","KU-MEL-3",4610612,4611919,1307
"ENSG00000205445","KRTAP10-2",44550357,44551505,1148
"ENSG00000205449","NBPF22P",86282460,86296463,14003
"ENSG00000205494","OR52A4",5120621,5124513,3892
"ENSG00000205495","OR52J3",5046526,5047461,935
"ENSG00000205496","OR51A2",4954772,4955713,941
"ENSG00000205497","OR51A4",4942831,4947605,4774
"ENSG00000205517","RGL3",11384341,11419342,35001
"ENSG00000205531","NAP1L4",2944431,2992377,47946
"ENSG00000205544","C17orf61",7402975,7404097,1122
"ENSG00000205549","C9orf92",16203935,16410990,207055
"ENSG00000205560","CPT1B",50568861,50578465,9604
"ENSG00000205572","SERF1B",70025247,70043113,17866
"ENSG00000205581","HMGN1",39342315,39349647,7332
"ENSG00000205583","STAG3L1",75359194,75395383,36189
"ENSG00000205592","MUC19",40393395,40570832,177437
"ENSG00000205593","FAM116B",50309030,50327012,17982
"ENSG00000205611","FLJ45832",30278906,30289956,11050
"ENSG00000205622","FLJ45139",38812878,38956467,143589
"ENSG00000205629","LCMT1",25111731,25178231,66500
"ENSG00000205634","FLJ46257",47612231,47631569,19338
"ENSG00000205639","MFSD2B",24010081,24063321,53240
"ENSG00000205642","VCX3B",8464830,8466510,1680
"ENSG00000205649","HTN3",70028413,70036538,8125
"ENSG00000205659","LIN52",74084796,74201235,116439
"ENSG00000205667","ARSH",3006613,3033571,26958
"ENSG00000205670","FAM165B",34375480,34416961,41481
"ENSG00000205678","TECRL",64275257,64409468,134211
"ENSG00000205683","DPF3",72619296,72894116,274820
"ENSG00000205693","MANSC4",27762738,27771276,8538
"ENSG00000205702","CYP2D7P1",42140203,42149455,9252
"ENSG00000205704","LINC00634",41952174,41958933,6759
"ENSG00000205707","LYRM5",25195216,25209645,14429
"ENSG00000205710","C17orf107",4899418,4902934,3516
"ENSG00000205718","MBD3L4",7037748,7040179,2431
"ENSG00000205726","ITSN1",33642400,33899861,257461
"ENSG00000205730","ITPRIPL2",19113932,19121629,7697
"ENSG00000205744","DENND1C",6467207,6482557,15350
"ENSG00000205754","SLCO1B7",20962768,21092745,129977
"ENSG00000205755","CRLF2",1187549,1212750,25201
"ENSG00000205758","CRYZL1",33589341,33643926,54585
"ENSG00000205763","RP9P",32916815,32943176,26361
"ENSG00000205765","C5orf51",41904188,41921636,17448
"ENSG00000205771","CATSPER2P1",43726918,43747094,20176
"ENSG00000205784","ARRDC5",4890437,4902867,12430
"ENSG00000205795","CYS1",10056780,10080944,24164
"ENSG00000205808","PPAPDC2",4662315,4665258,2943
"ENSG00000205809","KLRC2",10426854,10442300,15446
"ENSG00000205810","KLRC3",10412312,10420595,8283
"ENSG00000205822","TPTE2P6",24408157,24597676,189519
"ENSG00000205832","C16orf96",4556490,4600714,44224
"ENSG00000205835","GMNC",190852877,190892429,39552
"ENSG00000205838","TTC23L",34838833,34899456,60623
"ENSG00000205846","CLEC6A",8455926,8478330,22404
"ENSG00000205856","C22orf42",32149006,32159322,10316
"ENSG00000205857","NANOGNB",7765216,7774121,8905
"ENSG00000205858","LRRC72",16526880,16581568,54688
"ENSG00000205861","C1QTNF9B-AS1",23888842,23897263,8421
"ENSG00000205863","C1QTNF9B",23890525,23902655,12130
"ENSG00000205864","KRTAP5-6",1697195,1697755,560
"ENSG00000205865","FAM99B",1683269,1685629,2360
"ENSG00000205867","KRTAP5-2",1597177,1598294,1117
"ENSG00000205869","KRTAP5-1",1584342,1585283,941
"ENSG00000205884","DEFB136",11973937,11974599,662
"ENSG00000205913","SRRM2-AS1",2737076,2752600,15524
"ENSG00000205922","ONECUT3",1752373,1780988,28615
"ENSG00000205923","CEMP1",2530035,2531417,1382
"ENSG00000205929","C21orf62",32790673,32813743,23070
"ENSG00000205937","RNPS1",2253116,2268397,15281
"ENSG00000205978","NYNRIN",24399003,24419283,20280
"ENSG00000205981","DNAJC19",180983709,180989774,6065
"ENSG00000206013","IFITM5",298200,299526,1326
"ENSG00000206043","C18orf63",74315813,74359187,43374
"ENSG00000206052","DOK6",69400888,69849087,448199
"ENSG00000206053","HN1L",1678256,1702280,24024
"ENSG00000206069","TMEM211",24934954,24946695,11741
"ENSG00000206072","SERPINB11",63647579,63726432,78853
"ENSG00000206073","SERPINB4",63637259,63644298,7039
"ENSG00000206077","ZDHHC11B",710355,784729,74374
"ENSG00000206102","KRTAP19-8",31038159,31038476,317
"ENSG00000206104","KRTAP20-3",30642864,30643136,272
"ENSG00000206106","KRTAP22-2",30590105,30590397,292
"ENSG00000206107","KRTAP27-1",30337013,30337694,681
"ENSG00000206120","EGFEM1P",168249522,168830599,581077
"ENSG00000206127","LOC728047",32445106,32455634,10528
"ENSG00000206142","LINC00281",21300990,21325042,24052
"ENSG00000206149","HERC2P9",28589492,28685264,95772
"ENSG00000206181","TCEB3B",47032572,47035621,3049
"ENSG00000206190","ATP10A",25677273,25865172,187899
"ENSG00000206199","ANKUB1",149761100,149968385,207285
"ENSG00000206203","TSSK2",19131308,19132622,1314
"ENSG00000206262","C3orf72",138947217,138953990,6773
"ENSG00000206337","HCP5",31400700,31478903,78203
"ENSG00000206384","COL6A6",130560334,130678155,117821
"ENSG00000206417","H1FX-AS1",129315392,129326225,10833
"ENSG00000206418","RAB12",8609437,8639382,29945
"ENSG00000206422","LRRC30",7231125,7232047,922
"ENSG00000206432","TMEM200C",5882072,5895955,13883
"ENSG00000206474","OR10C1",29439306,29440977,1671
"ENSG00000206503","HLA-A",29941260,29945884,4624
"ENSG00000206530","WDR52",113286930,113441610,154680
"ENSG00000206531","CD200R1L",112815709,112846856,31147
"ENSG00000206536","OR5K3",98390666,98391631,965
"ENSG00000206538","VGLL3",86876388,86991149,114761
"ENSG00000206549","PRSS50",46712115,46812574,100459
"ENSG00000206557","TRIM71",32817997,32897824,79827
"ENSG00000206559","ZCWPW2",28348721,28538122,189401
"ENSG00000206560","ANKRD28",15667236,15859771,192535
"ENSG00000206561","COLQ",15450133,15521751,71618
"ENSG00000206562","METTL6",15381275,15440566,59291
"ENSG00000206579","XKR4",55102389,55542054,439665
"ENSG00000206587","RNU6-46",67895631,67895737,106
"ENSG00000206611","SNORD24",133349396,133349470,74
"ENSG00000206775","SNORD37",3982507,3982572,65
"ENSG00000206885","SNORA75",231455800,231455936,136
"ENSG00000206892","RNU6-42",196784980,196785086,106
"ENSG00000206910","SNORA29",159785594,159785733,139
"ENSG00000206979","SNORD61",136879199,136879271,72
"ENSG00000207181","SNORA14B",235127803,235127937,134
"ENSG00000207277","RNA5SP284",63813190,63813307,117
"ENSG00000207280","SNORD20",231456444,231456523,79
"ENSG00000207442","SNORD116-6",25065026,25065121,95
"ENSG00000207472","RNU6-3",182982212,182982318,106
"ENSG00000207546","MIR548C",64622509,64622605,96
"ENSG00000207547","MIR25",100093560,100093643,83
"ENSG00000207549","MIR521-2",53716594,53716680,86
"ENSG00000207561","MIR635",68424451,68424548,97
"ENSG00000207582","MIR30B",134800520,134800607,87
"ENSG00000207585","MIR181D",13874875,13875011,136
"ENSG00000207589","MIR508",147236913,147237027,114
"ENSG00000207594","MIR520A",53690881,53690965,84
"ENSG00000207597","MIR490",136903167,136903294,127
"ENSG00000207604","MIR206",52144349,52144434,85
"ENSG00000207609","MIR491",20716105,20716188,83
"ENSG00000207613","MIR181C",13874699,13874808,109
"ENSG00000207617","MIR24-1",95086014,95086094,80
"ENSG00000207620","MIR516A2",53761133,53761222,89
"ENSG00000207625","MIR128-2",35744476,35744559,83
"ENSG00000207630","MIR7-3",4770670,4770779,109
"ENSG00000207632","MIR588",126484631,126484713,82
"ENSG00000207639","MIR193B",14303967,14304049,82
"ENSG00000207656","MIR489",93483936,93484019,83
"ENSG00000207688","MIR548D2",67471489,67471585,96
"ENSG00000207699","MIR518A2",53739333,53739419,86
"ENSG00000207702","MIR211",31065032,31065141,109
"ENSG00000207704","MIR548D1",123348034,123348130,96
"ENSG00000207708","MIR141",6964097,6964191,94
"ENSG00000207711","MIR525",53697533,53697617,84
"ENSG00000207719","MIR623",99356131,99356228,97
"ENSG00000207725","MIR222",45747015,45747124,109
"ENSG00000207728","MIR449B",55170646,55170742,96
"ENSG00000207734","MIR517A",53712268,53712354,86
"ENSG00000207739","MIR218-2",168768146,168768255,109
"ENSG00000207744","MIR10B",176150303,176150412,109
"ENSG00000207755","MIR450A2",134540508,134540607,99
"ENSG00000207758","MIR532",50003148,50003238,90
"ENSG00000207763","MIR617",80832533,80832629,96
"ENSG00000207771","MIR550A1",30289794,30289890,96
"ENSG00000207780","MIR648",17980868,17980961,93
"ENSG00000207803","MIR518A1",53731006,53731090,84
"ENSG00000207810","MIR519E",53679940,53680023,83
"ENSG00000207813","MIR605",51299573,51299655,82
"ENSG00000207821","MIR640",19435063,19435158,95
"ENSG00000207825","MIR519B",53695213,53695293,80
"ENSG00000207864","MIR27B",95085445,95085541,96
"ENSG00000207870","MIR221",45746157,45746266,109
"ENSG00000207873","MIR513A1",147213463,147213591,128
"ENSG00000207935","MIR204",70809975,70810084,109
"ENSG00000207943","MIR634",66787072,66787168,96
"ENSG00000207947","MIR152",48037161,48037247,86
"ENSG00000207948","MIR328",67202321,67202395,74
"ENSG00000207952","MIR624",31014646,31014742,96
"ENSG00000207973","MIR589",5495819,5495917,98
"ENSG00000207978","MIR154",101059755,101059838,83
"ENSG00000207979","MIR527",53754018,53754102,84
"ENSG00000207980","MIR23A",13836587,13836659,72
"ENSG00000207992","MIR519A1",53752397,53752481,84
"ENSG00000207996","MIR301A",59151136,59151221,85
"ENSG00000208002","MIR643",52281797,52281893,96
"ENSG00000208006","MIR16-1",50048973,50049061,88
"ENSG00000208014","MIR653",93482760,93482855,95
"ENSG00000208017","MIR140",69933081,69933180,99
"ENSG00000208028","MIR616",57519163,57519259,96
"ENSG00000209582","SNORA48",7574713,7574847,134
"ENSG00000210082","ENSG00000210082",1671,3229,1558
"ENSG00000210191","ENSG00000210191",12266,12336,70
"ENSG00000210194","ENSG00000210194",14674,14742,68
"ENSG00000211445","GPX3",151020438,151028992,8554
"ENSG00000211448","DIO2",80197527,80387757,190230
"ENSG00000211450","C11orf31",57741250,57743554,2304
"ENSG00000211452","DIO1",53891239,53911086,19847
"ENSG00000211454","AKR7L",19265982,19274194,8212
"ENSG00000211455","STK38L",27243968,27325959,81991
"ENSG00000211456","SACM1L",45689056,45745409,56353
"ENSG00000211459","ENSG00000211459",648,1601,953
"ENSG00000211460","TSN",121737103,121767853,30750
"ENSG00000211513","MIR320E",46709293,46709345,52
"ENSG00000211520","MIR216B",56000714,56000795,81
"ENSG00000211532","MIR526A2",53726922,53726986,64
"ENSG00000211568","MIR670",43559656,43559753,97
"ENSG00000211578","MIR766",119646738,119646848,110
"ENSG00000211584","SLC48A1",47753916,47782751,28835
"ENSG00000211590","MIR802",35720715,35720808,93
"ENSG00000211592","IGKC",88857161,88857683,522
"ENSG00000211598","IGKV4-1",88885397,88886153,756
"ENSG00000211599","IGKV5-2",88897232,88897784,552
"ENSG00000211611","IGKV6-21",89159751,89160366,615
"ENSG00000211623","IGKV2D-26",89985922,89986702,780
"ENSG00000211625","IGKV3D-20",90038848,90039479,631
"ENSG00000211626","IGKV6D-41",90069662,90070238,576
"ENSG00000211633","IGKV1D-42",90190193,90190681,488
"ENSG00000211638","IGLV8-61",22098700,22099212,512
"ENSG00000211639","IGLV4-60",22162199,22162681,482
"ENSG00000211640","IGLV6-57",22195799,22196276,477
"ENSG00000211641","IGLV11-55",22201663,22202161,498
"ENSG00000211642","IGLV10-54",22038643,22215270,176627
"ENSG00000211644","IGLV1-51",22322472,22322969,497
"ENSG00000211645","IGLV1-50",22327300,22327814,514
"ENSG00000211647","IGLV5-48",22352940,22353433,493
"ENSG00000211648","IGLV1-47",22357739,22358260,521
"ENSG00000211650","IGLV5-45",22375986,22376505,519
"ENSG00000211652","IGLV7-43",22395018,22395489,471
"ENSG00000211653","IGLV1-40",22409766,22410282,516
"ENSG00000211656","IGLV2-33",22588155,22588688,533
"ENSG00000211657","IGLV3-32",22594528,22595056,528
"ENSG00000211659","IGLV3-25",22686726,22687271,545
"ENSG00000211660","IGLV2-23",22697789,22698407,618
"ENSG00000211661","IGLV3-22",22704265,22704822,557
"ENSG00000211663","IGLV3-19",22720623,22721145,522
"ENSG00000211665","IGLV3-16",22747383,22747921,538
"ENSG00000211666","IGLV2-14",22758700,22759218,518
"ENSG00000211672","IGLV4-3",22871507,22872035,528
"ENSG00000211676","IGLJ2",22899481,22899655,174
"ENSG00000211677","IGLC2",22900976,22901437,461
"ENSG00000211678","IGLJ3",22904850,22905025,175
"ENSG00000211679","IGLC3",22906342,22906803,461
"ENSG00000211685","IGLC7",22922594,22923034,440
"ENSG00000211687","TRGJ2",38253380,38253429,49
"ENSG00000211689","TRGC1",38257879,38265678,7799
"ENSG00000211691","TRGJP",38273587,38273647,60
"ENSG00000211696","TRGV8",38330343,38330935,592
"ENSG00000211697","TRGV5",38349355,38350022,667
"ENSG00000211701","TRGV1",38367586,38368169,583
"ENSG00000211710","TRBV4-1",142313184,142313666,482
"ENSG00000211713","TRBV6-4",142380806,142381261,455
"ENSG00000211714","TRBV7-3",142384329,142384841,512
"ENSG00000211716","TRBV9",142391891,142392412,521
"ENSG00000211720","TRBV11-1",142407672,142408136,464
"ENSG00000211721","TRBV6-5",142450947,142451448,501
"ENSG00000211724","TRBV6-6",142469537,142470013,476
"ENSG00000211734","TRBV5-1",142320677,142321544,867
"ENSG00000211745","TRBV4-2",142345421,142345985,564
"ENSG00000211746","TRBV19",142618849,142619532,683
"ENSG00000211747","TRBV20-1",142626649,142627399,750
"ENSG00000211750","TRBV24-1",142656701,142657213,512
"ENSG00000211751","TRBV25-1",142791694,142793368,1674
"ENSG00000211752","TRBV27",142715346,142715861,515
"ENSG00000211753","TRBV28",142720660,142721160,500
"ENSG00000211764","TRBJ2-1",142796365,142796414,49
"ENSG00000211772","TRBC2",142801041,142802748,1707
"ENSG00000211780","TRAV6",21768489,21769080,591
"ENSG00000211781","TRAV7",21782993,21783503,510
"ENSG00000211783","TRAV9-1",21811502,21811977,475
"ENSG00000211785","TRAV12-1",21841240,21841774,534
"ENSG00000211786","TRAV8-2",21846537,21847221,684
"ENSG00000211791","TRAV13-2",21918188,21918756,568
"ENSG00000211794","TRAV12-3",21965451,21966061,610
"ENSG00000211805","TRAV24",22105343,22105846,503
"ENSG00000211812","TRAV26-2",22202583,22203368,785
"ENSG00000211818","TRAV39",22304054,22304553,499
"ENSG00000211819","TRAV40",22314490,22314919,429
"ENSG00000211820","TRAV41",22320188,22320691,503
"ENSG00000211829","TRDC",22462932,22465787,2855
"ENSG00000211839","TRAJ50",22488593,22488652,59
"ENSG00000211890","IGHA2",105583731,105588395,4664
"ENSG00000211891","IGHE",105597691,105601728,4037
"ENSG00000211892","IGHG4",105620506,105626066,5560
"ENSG00000211893","IGHG2",105639559,105644790,5231
"ENSG00000211895","IGHA1",105703995,105708665,4670
"ENSG00000211896","IGHG1",105736343,105743071,6728
"ENSG00000211897","IGHG3",105764503,105771405,6902
"ENSG00000211898","IGHD",105836765,105845678,8913
"ENSG00000211899","IGHM",105851705,105856218,4513
"ENSG00000211900","IGHJ6",105863198,105863258,60
"ENSG00000211904","IGHJ2",105865199,105865250,51
"ENSG00000211933","IGHV6-1",105939756,105940253,497
"ENSG00000211934","IGHV1-2",105986582,105987083,501
"ENSG00000211935","IGHV1-3",106005095,106005574,479
"ENSG00000211938","IGHV3-7",106062151,106062683,532
"ENSG00000211941","IGHV3-11",106116635,106117204,569
"ENSG00000211942","IGHV3-13",106129540,106130072,532
"ENSG00000211944","IGHV3-16",106165205,106165730,525
"ENSG00000211945","IGHV1-18",106184901,106185394,493
"ENSG00000211946","IGHV3-20",106210936,106211453,517
"ENSG00000211947","IGHV3-21",106235064,106235594,530
"ENSG00000211949","IGHV3-23",106268606,106269140,534
"ENSG00000211950","IGHV1-24",106276548,106277043,495
"ENSG00000211951","IGHV2-26",106301396,106301862,466
"ENSG00000211952","IGHV4-28",106324254,106324760,506
"ENSG00000211955","IGHV3-33",106359793,106360324,531
"ENSG00000211956","IGHV4-34",106373663,106374145,482
"ENSG00000211957","IGHV3-35",106389392,106389858,466
"ENSG00000211958","IGHV3-38",106410493,106411021,528
"ENSG00000211961","IGHV1-45",106506996,106507491,495
"ENSG00000211962","IGHV1-46",106511117,106511856,739
"ENSG00000211964","IGHV3-48",106537810,106538344,534
"ENSG00000211965","IGHV3-49",106556936,106557477,541
"ENSG00000211966","IGHV5-51",106578744,106579236,492
"ENSG00000211967","IGHV3-53",106592676,106593347,671
"ENSG00000211970","IGHV4-61",106639119,106639657,538
"ENSG00000211972","IGHV3-66",106675017,106675544,527
"ENSG00000211973","IGHV1-69",106714684,106715181,497
"ENSG00000211976","IGHV3-73",106802694,106803233,539
"ENSG00000211979","IGHV7-81",106874583,106875071,488
"ENSG00000212040","MIR543",101031987,101032064,77
"ENSG00000212051","MIR320C2",24321686,24321735,49
"ENSG00000212122","TSSK1B",113432554,113435031,2477
"ENSG00000212124","TAS2R19",11021619,11022620,1001
"ENSG00000212126","TAS2R50",10985913,10986912,999
"ENSG00000212127","TAS2R14",10937406,11171573,234167
"ENSG00000212128","TAS2R13",10907926,10909562,1636
"ENSG00000212296","SNORD72",40832656,40832735,79
"ENSG00000212643","ZRSR1",112891610,112893079,1469
"ENSG00000212657","KRTAP16-1",41307700,41309253,1553
"ENSG00000212710","CTAGE1",22413601,22417915,4314
"ENSG00000212721","KRTAP4-11",41117181,41118360,1179
"ENSG00000212722","KRTAP4-9",41105332,41106488,1156
"ENSG00000212724","KRTAP2-3",41059240,41060114,874
"ENSG00000212747","FAM127C",135020504,135022529,2025
"ENSG00000212807","OR2A42",144228244,144239605,11361
"ENSG00000212864","RNF208",137220247,137221581,1334
"ENSG00000212899","KRTAP3-3",40993430,40994133,703
"ENSG00000212900","KRTAP3-2",40999193,40999894,701
"ENSG00000212901","KRTAP3-1",41008521,41019324,10803
"ENSG00000212916","KIAA1383",232804892,232808407,3515
"ENSG00000212935","KRTAP10-3",44557790,44558760,970
"ENSG00000212938","KRTAP6-3",30592440,30593075,635
"ENSG00000212993","POU5F1B",127322183,127420066,97883
"ENSG00000213015","ZNF580",55635016,55643470,8454
"ENSG00000213020","ZNF611",52702813,52735073,32260
"ENSG00000213022","KLK9",51002508,51009634,7126
"ENSG00000213023","SYT3",50621307,50639881,18574
"ENSG00000213024","NUP62",49906825,49929763,22938
"ENSG00000213047","DENND1B",197504748,197775696,270948
"ENSG00000213057","C1orf220",178542752,178548889,6137
"ENSG00000213064","SFT2D2",168225938,168253021,27083
"ENSG00000213066","FGFR1OP",166999317,167094789,95472
"ENSG00000213071","LPAL2",160453428,160520269,66841
"ENSG00000213075","RPL31P11",161683695,161685252,1557
"ENSG00000213079","SCAF8",154733325,154834244,100919
"ENSG00000213085","CCDC19",159872364,159900165,27801
"ENSG00000213088","DARC",159203307,159206500,3193
"ENSG00000213096","ZNF254",24033405,24129961,96556
"ENSG00000213145","CRIP1",105486317,105488947,2630
"ENSG00000213160","KLHL23",169694488,169776989,82501
"ENSG00000213171","LINGO4",151800264,151806154,5890
"ENSG00000213185","FAM24B",122849078,122879641,30563
"ENSG00000213186","TRIM59",160432445,160485773,53328
"ENSG00000213199","ASIC3",151048292,151052756,4464
"ENSG00000213203","GIMAP1",150716606,150724284,7678
"ENSG00000213204","C6orf165",87408012,87511634,103622
"ENSG00000213213","KIAA1984",136796350,136807741,11391
"ENSG00000213214","ARHGEF35",144186083,144195655,9572
"ENSG00000213215","OR2F1",143954844,143997312,42468
"ENSG00000213218","CSH2",63872012,63873766,1754
"ENSG00000213231","TCL1B",95686426,95692628,6202
"ENSG00000213265","TSGA13",130668648,130687432,18784
"ENSG00000213281","NRAS",114704469,114716771,12302
"ENSG00000213297","ZNF625",12132117,12156731,24614
"ENSG00000213337","ANKRD39",96836611,96858016,21405
"ENSG00000213339","QTRT1",10701430,10713437,12007
"ENSG00000213341","CHUK",100188300,100229596,41296
"ENSG00000213347","MXD3",177301461,177312757,11296
"ENSG00000213366","GSTM2",109668022,109709551,41529
"ENSG00000213380","COG8",69320140,69339667,19527
"ENSG00000213390","ARHGAP19",97222173,97292673,70500
"ENSG00000213397","HAUS7",153447666,153495516,47850
"ENSG00000213398","LCAT",67939750,67944131,4381
"ENSG00000213401","MAGEA12",152733757,152737669,3912
"ENSG00000213402","PTPRCAP",67435510,67437682,2172
"ENSG00000213413","PVRIG",100218241,100221490,3249
"ENSG00000213416","KRTAP4-12",41123091,41124182,1091
"ENSG00000213420","GPC2",100169606,100177381,7775
"ENSG00000213424","KRT222",40654665,40665181,10516
"ENSG00000213445","SIPA1",65638101,65650918,12817
"ENSG00000213462","ERV3-1",64990356,65006743,16387
"ENSG00000213463","SYNJ2BP",70366499,70417090,50591
"ENSG00000213465","ARL2",65014160,65022184,8024
"ENSG00000213471","TTLL13",90249530,90265482,15952
"ENSG00000213512","GBP7",89131742,89176009,44267
"ENSG00000213516","RBMXL1",88979456,88992960,13504
"ENSG00000213523","SRA1",140537340,140558252,20912
"ENSG00000213551","DNAJC9",73183362,73248862,65500
"ENSG00000213578","CPLX3",74826627,74831802,5175
"ENSG00000213585","VDAC1",133971871,134004975,33104
"ENSG00000213588","ZBTB9",33453970,33457544,3574
"ENSG00000213599","SULT1A3",30193892,30204310,10418
"ENSG00000213614","HEXA",72340919,72376476,35557
"ENSG00000213619","NDUFS3",47565336,47584562,19226
"ENSG00000213626","LBH",30231534,30323730,92196
"ENSG00000213638","ADAT3",1905399,1913447,8048
"ENSG00000213639","PPP1CB",28751640,28802940,51300
"ENSG00000213648","SULT1A4",29459889,29464976,5087
"ENSG00000213654","GPSM3",32190766,32195523,4757
"ENSG00000213658","LAT",28984826,28990783,5957
"ENSG00000213672","NCKIPSD",48673844,48686364,12520
"ENSG00000213676","ATF6B",32115264,32128253,12989
"ENSG00000213694","S1PR3",88990863,89005155,14292
"ENSG00000213699","C2orf18",26764284,26781231,16947
"ENSG00000213719","CLIC1",31730581,31739763,9182
"ENSG00000213741","RPS29",49570984,49599164,28180
"ENSG00000213759","UGT2B11",69199951,69214731,14780
"ENSG00000213760","ATP6V1G2",31544462,31548427,3965
"ENSG00000213782","DDX47",12813316,12829981,16665
"ENSG00000213799","ZNF845",53333746,53356906,23160
"ENSG00000213809","KLRK1",10372353,10391874,19521
"ENSG00000213822","CEACAM18",51478622,51490952,12330
"ENSG00000213853","EMP2",10528422,10580632,52210
"ENSG00000213886","UBD",29555515,29559925,4410
"ENSG00000213889","PPM1N",45488777,45502510,13733
"ENSG00000213892","CEACAM16",44699151,44710718,11567
"ENSG00000213901","SLC23A3",219161465,219170095,8630
"ENSG00000213908","CYP2A7P1",41024268,41027720,3452
"ENSG00000213920","MDP1",24213943,24216070,2127
"ENSG00000213921","LEUTX",39776595,39786167,9572
"ENSG00000213923","CSNK1E",38290691,38318084,27393
"ENSG00000213928","IRF9",24161053,24166565,5512
"ENSG00000213930","GALT",34638133,34651035,12902
"ENSG00000213937","CLDN9",3012923,3014505,1582
"ENSG00000213949","ITGA1",52787896,52959210,171314
"ENSG00000213967","ZNF726",23914876,23945159,30283
"ENSG00000213973","ZNF99",22752183,22784151,31968
"ENSG00000213983","AP1G2",23559565,23568070,8505
"ENSG00000213988","ZNF90",20077994,20127076,49082
"ENSG00000213995","CARKD",110615460,110639993,24533
"ENSG00000213996","TM6SF2",19264364,19273391,9027
"ENSG00000213999","MEF2B",19145567,19192131,46564
"ENSG00000214013","GANC",42273233,42356935,83702
"ENSG00000214021","TTLL3",9808086,9855138,47052
"ENSG00000214022","REPIN1",150368189,150374044,5855
"ENSG00000214026","MRPL23",1947278,1984522,37244
"ENSG00000214042","IFNA7",21201469,21202205,736
"ENSG00000214046","C19orf42",16630751,16660442,29691
"ENSG00000214049","UCA1",15828206,15836328,8122
"ENSG00000214050","FBXO16",28348287,28490278,141991
"ENSG00000214063","TSPAN4",842812,867116,24304
"ENSG00000214078","CPNE1",35626031,35664956,38925
"ENSG00000214081","CYP4F30P",130680050,130685863,5813
"ENSG00000214087","ARL16",81681174,81683924,2750
"ENSG00000214097","C3orf43",196506879,196515346,8467
"ENSG00000214102","WEE2",141708353,141731271,22918
"ENSG00000214107","MAGEB1",30243730,30252040,8310
"ENSG00000214113","LYRM4",5102593,5260939,158346
"ENSG00000214114","MYCBP",38862493,38873368,10875
"ENSG00000214135","LOC220729",197578213,197627906,49693
"ENSG00000214140","PRCD",76527586,76553578,25992
"ENSG00000214160","ALG3",184242301,184249548,7247
"ENSG00000214174","AMZ2P1",64966550,64975576,9026
"ENSG00000214176","PLEKHM1P",64779259,64837154,57895
"ENSG00000214193","SH3D21",36306387,36324886,18499
"ENSG00000214198","GNN",103843749,103930211,86462
"ENSG00000214212","C19orf38",10836575,10869790,33215
"ENSG00000214237","FAM188B2",150871045,150905439,34394
"ENSG00000214262","ANKRD36BP1",168245565,168247343,1778
"ENSG00000214300","SPDYE3",100307702,100322196,14494
"ENSG00000214309","MBLAC1",100126785,100128495,1710
"ENSG00000214336","FOXI3",88446787,88452656,5869
"ENSG00000214338","SOGA3",127472794,127519191,46397
"ENSG00000214360","EFCAB9",172194172,172203452,9280
"ENSG00000214367","HAUS3",2227464,2242164,14700
"ENSG00000214376","VSTM5",93818232,93850531,32299
"ENSG00000214381","LINC00488",109178143,109216965,38822
"ENSG00000214415","GNAT3",80458671,80512020,53349
"ENSG00000214425","LRRC37A4P",45506741,45551537,44796
"ENSG00000214435","AS3MT",102869470,102901899,32429
"ENSG00000214456","PLIN5",4522531,4535224,12693
"ENSG00000214491","SEC14L6",30522799,30546682,23883
"ENSG00000214510","SPINK13",148268180,148286255,18075
"ENSG00000214513","NOTO",73202258,73212513,10255
"ENSG00000214514","KRT42P",41626327,41640199,13872
"ENSG00000214517","PPME1",74171267,74254703,83436
"ENSG00000214518","KRTAP2-2",41054498,41055230,732
"ENSG00000214530","STARD10",72754729,72793681,38952
"ENSG00000214534","ZNF705E",71814045,71821548,7503
"ENSG00000214544","GTF2IRD2P1",73242751,73280119,37368
"ENSG00000214548","MEG3",100779410,100861031,81621
"ENSG00000214553","LRRC37A11P",39027277,39053205,25928
"ENSG00000214562","FAM22D",87357668,87370695,13027
"ENSG00000214575","CPEB1",82543201,82648861,105660
"ENSG00000214595","EML6",54723499,54972025,248526
"ENSG00000214617","SLC6A10P",32877469,32885501,8032
"ENSG00000214642","DEFB113",49968677,49969625,948
"ENSG00000214643","DEFB133",49946021,49950265,4244
"ENSG00000214646","ENSG00000214646",77941442,77944582,3140
"ENSG00000214655","KIAA0913",73785582,73801797,16215
"ENSG00000214681","IQCF5",51873721,51875601,1880
"ENSG00000214694","ARHGEF33",38889841,38975449,85608
"ENSG00000214700","C12orf71",27081058,27082514,1456
"ENSG00000214706","IFRD2",50287732,50292918,5186
"ENSG00000214711","CAPN14",31173056,31233858,60802
"ENSG00000214717","ZBED1",2486414,2500976,14562
"ENSG00000214719","LRRC37BP1",30576464,30672789,96325
"ENSG00000214736","TOMM6",41787662,41789898,2236
"ENSG00000214753","HNRNPUL2",62712630,62727472,14842
"ENSG00000214756","METTL12",62665309,62668496,3187
"ENSG00000214765","SEPT7P2",45723780,45768985,45205
"ENSG00000214783","POLR2J4",43940895,44019175,78280
"ENSG00000214814","FER1L6",123851987,124120061,268074
"ENSG00000214822","KRT16P3",20501513,20512357,10844
"ENSG00000214827","MTCP1",155061622,155147937,86315
"ENSG00000214832","UPF3AP2",20375369,20376840,1471
"ENSG00000214842","RAD51AP2",17510584,17518439,7855
"ENSG00000214855","APOC1P1",44926804,44931386,4582
"ENSG00000214856","KRT16P1",18432051,18442895,10844
"ENSG00000214860","EVPLL",18377778,18389647,11869
"ENSG00000214866","DCDC2C",3703592,3847411,143819
"ENSG00000214872","SMTNL1",57542641,57550274,7633
"ENSG00000214891","TRIM64C",49053714,49059112,5398
"ENSG00000214894","LINC00243",30798654,30830659,32005
"ENSG00000214900","C14orf182",49927571,50092643,165072
"ENSG00000214922","HLA-F-AS1",29726601,29749049,22448
"ENSG00000214929","FAM75D1",81988772,81995256,6484
"ENSG00000214941","ZSWIM7",15976560,15999717,23157
"ENSG00000214944","ARHGEF28",73626158,73941993,315835
"ENSG00000214946","TBC1D26",15732247,15749192,16945
"ENSG00000214954","LRRC69",91101832,91219236,117404
"ENSG00000214960","ISPD",16087525,16421538,334013
"ENSG00000214970","ENSG00000214970",10579040,10623036,43996
"ENSG00000215009","ACSM4",7304284,7328724,24440
"ENSG00000215018","COL28A1",7356203,7535853,179650
"ENSG00000215021","PHB2",6965327,6970825,5498
"ENSG00000215039","CD27-AS1",6439001,6451567,12566
"ENSG00000215041","NEURL4",7315628,7329393,13765
"ENSG00000215045","GRID2IP",6497462,6551436,53974
"ENSG00000215114","UBXN2B",58411359,58451501,40142
"ENSG00000215117","LINC00588",57279543,57286968,7425
"ENSG00000215131","C16orf90",3493484,3495480,1996
"ENSG00000215148","PRSS41",2798485,2805302,6817
"ENSG00000215182","MUC5AC",1157953,1201138,43185
"ENSG00000215183","MSMP",35752990,35756613,3623
"ENSG00000215186","GOLGA6B",72654738,72666394,11656
"ENSG00000215187","FAM166B",35561831,35563899,2068
"ENSG00000215193","PEX26",18077920,18131138,53218
"ENSG00000215203","GRXCR1",42893267,43030658,137391
"ENSG00000215217","C5orf49",7830378,7851151,20773
"ENSG00000215218","UBE2QL1",6448859,6496723,47864
"ENSG00000215251","FASTKD5",3146519,3159865,13346
"ENSG00000215252","GOLGA8B",34525207,34588503,63296
"ENSG00000215256","DHRS4-AS1",23938219,24052555,114336
"ENSG00000215262","KCNU1",36784324,36936125,151801
"ENSG00000215274","GAGE10",49303669,49319844,16175
"ENSG00000215301","DDX3X",41333284,41364472,31188
"ENSG00000215304","ULK4P1",32398956,32435233,36277
"ENSG00000215305","VPS16",2840703,2866732,26029
"ENSG00000215343","ZNF705D",12104389,12115516,11127
"ENSG00000215354","FAM90A24P",8019429,8024652,5223
"ENSG00000215356","ZNF705B",7926337,7952413,26076
"ENSG00000215372","ZNF705G",7355517,7385558,30041
"ENSG00000215375","MYL5",673580,682033,8453
"ENSG00000215386","LINC00478",15928296,16645467,717171
"ENSG00000215397","SCRT2",661596,675802,14206
"ENSG00000215421","ZNF407",74597870,75065671,467801
"ENSG00000215424","MCM3AP-AS1",46229196,46259390,30194
"ENSG00000215440","NPEPL1",58689131,58719238,30107
"ENSG00000215454","KRTAP10-4",44573724,44638284,64560
"ENSG00000215455","KRTAP10-1",44538981,44540195,1214
"ENSG00000215472","RPL17-C18ORF32",49481681,49492479,10798
"ENSG00000215474","SKOR2",47206322,47251603,45281
"ENSG00000215475","SIAH3",45777242,45851753,74511
"ENSG00000215478","CES5AP1",23359603,23387731,28128
"ENSG00000215529","EFCAB8",32858923,32961609,102686
"ENSG00000215547","DEFB115",31257664,31259632,1968
"ENSG00000215559","ANKRD20A11P",13909574,13980437,70863
"ENSG00000215568","GAB4",16961936,17008222,46286
"ENSG00000215644","GCGR",81804132,81814008,9876
"ENSG00000215695","RSC1A1",15659869,15661722,1853
"ENSG00000215704","CELA2B",15465909,15491400,25491
"ENSG00000215712","TMEM242",157289386,157323601,34215
"ENSG00000215717","TMEM167B",109089803,109096934,7131
"ENSG00000215784","FAM72D",145095974,145112696,16722
"ENSG00000215788","TNFRSF25",6460786,6466195,5409
"ENSG00000215790","SLC35E2",1724838,1745999,21161
"ENSG00000215837","SDHAP2",195658096,195685904,27808
"ENSG00000215845","TSTD1",161037631,161038977,1346
"ENSG00000215853","RPTN",152153595,152159228,5633
"ENSG00000215883","CYB5RL",54169651,54200036,30385
"ENSG00000215906","LACTBL1",22953043,22965338,12295
"ENSG00000215908","CROCCP2",16618253,16657232,38979
"ENSG00000215910","C1orf167",11761787,11789585,27798
"ENSG00000215912","TTC34",2635976,2801717,165741
"ENSG00000215938","MIR190B",154193665,154193743,78
"ENSG00000215957","MIR300",101041363,101041445,82
"ENSG00000215961","MIR297",110860582,110860647,65
"ENSG00000216060","MIR934",136550878,136550960,82
"ENSG00000216077","MIR887",15935182,15935260,78
"ENSG00000216098","MIR892B",145997198,145997274,76
"ENSG00000216135","MIR885",10394489,10394562,73
"ENSG00000216490","IFI30",18173162,18178117,4955
"ENSG00000216588","IGSF23",44613563,44636781,23218
"ENSG00000216937","CCDC7",32446140,32882874,436734
"ENSG00000217128","FNIP1",131641714,131797063,155349
"ENSG00000217261","POM121L4P",20689929,20698938,9009
"ENSG00000217325","PRELID1P1",126643488,126644390,902
"ENSG00000217442","SYCE3",50551112,50562919,11807
"ENSG00000217555","CKLF",66552563,66566251,13688
"ENSG00000217576","MRPS31P3",52167709,52291557,123848
"ENSG00000217930","PAM16",4331549,4355607,24058
"ENSG00000218109","KIRREL3-AS3",127002910,127006058,3148
"ENSG00000218336","ODZ3",182143987,182803024,659037
"ENSG00000218358","RAET1K",149998019,150005157,7138
"ENSG00000218823","PAPOLB",4857738,4862030,4292
"ENSG00000218891","ZNF579",55576774,55580848,4074
"ENSG00000219073","CELA3B",21977021,21998642,21621
"ENSG00000219200","RNASEK",7012417,7014532,2115
"ENSG00000219435","C11orf20",64300358,64304770,4412
"ENSG00000219438","FAM19A5",48489460,48850912,361452
"ENSG00000219481","NBPF1",16562319,16613562,51243
"ENSG00000219492","ENSG00000219492",9384017,9388983,4966
"ENSG00000219565","ZNF259P1",108782126,108787053,4927
"ENSG00000219626","FAM228B",24076526,24169640,93114
"ENSG00000219891","ZSCAN12P1",28091154,28093664,2510
"ENSG00000220201","ZGLP1",10304803,10309880,5077
"ENSG00000220205","VAMP2",8159149,8163546,4397
"ENSG00000220785","MTMR9LP",32231658,32241620,9962
"ENSG00000221028","MIR1231",201808611,201808702,91
"ENSG00000221052","MIR1266",52277117,52277200,83
"ENSG00000221055","MIR1302-3",113582959,113583096,137
"ENSG00000221063","MIR1296",63372957,63373048,91
"ENSG00000221091","MIR1302-5",50614636,50614785,149
"ENSG00000221176","MIR1207",128049152,128049238,86
"ENSG00000221187","MIR548M",95063141,95063226,85
"ENSG00000221264","MIR1284",71541970,71542089,119
"ENSG00000221269","MIR1302-8",97363554,97363681,127
"ENSG00000221275","MIR548I2",9556168,9556316,148
"ENSG00000221287","MIR1289-2",133427596,133427706,110
"ENSG00000221331","MIR548Q",12725254,12725353,99
"ENSG00000221466","MIR548AJ2",38023895,38023986,91
"ENSG00000221494","MIR548I4",84225752,84225828,76
"ENSG00000221500","SNORD100",132816802,132816877,75
"ENSG00000221525","MIR1185-1",101042977,101043062,85
"ENSG00000221563","MIR1269A",66276824,66276928,104
"ENSG00000221669","MIR548N",34940760,34940834,74
"ENSG00000221698","MIR548H3",13543529,13543646,117
"ENSG00000221716","SNORA11",54814370,54814497,127
"ENSG00000221737","MIR548I1",125790404,125790552,148
"ENSG00000221763","MIR1289-1",35453954,35454097,143
"ENSG00000221813","OR6B1",144000320,144008793,8473
"ENSG00000221818","EBF2",25841725,26045413,203688
"ENSG00000221819","C16orf3",90028908,90029901,993
"ENSG00000221823","PPP3R1",68178857,68256237,77380
"ENSG00000221826","PSG3",42721638,42740481,18843
"ENSG00000221829","FANCG",35073835,35080016,6181
"ENSG00000221836","OR2A5",144048948,144058845,9897
"ENSG00000221837","KRTAP10-9",44627123,44628293,1170
"ENSG00000221838","AP4M1",100101549,100110345,8796
"ENSG00000221840","OR4A5",54706832,54707902,1070
"ENSG00000221843","C2orf16",27537386,27582721,45335
"ENSG00000221845","C7orf65",47655244,47661648,6404
"ENSG00000221852","KRTAP1-5",41026026,41027208,1182
"ENSG00000221855","TAS2R41",143477873,143478796,923
"ENSG00000221858","OR2A12",144086278,144098953,12675
"ENSG00000221859","KRTAP10-10",44637356,44638455,1099
"ENSG00000221866","PLXNA4",132123332,132648688,525356
"ENSG00000221867","MAGEA3",152698767,152702347,3580
"ENSG00000221878","PSG7",42924132,42937178,13046
"ENSG00000221882","OR3A2",3276942,3386317,109375
"ENSG00000221883","C3orf71",48917782,48919385,1603
"ENSG00000221886","C5orf54",160393148,160400054,6906
"ENSG00000221887","HMSD",63949301,63981774,32473
"ENSG00000221888","OR1C1",247754846,247760556,5710
"ENSG00000221890","NPTXR",38818452,38844028,25576
"ENSG00000221900","POM121L12",53035642,53036924,1282
"ENSG00000221909","FAM200A",99546300,99558536,12236
"ENSG00000221910","OR2F2",143935166,143936279,1113
"ENSG00000221914","PPP2R2A",26291508,26372680,81172
"ENSG00000221916","C19orf73",49118402,49119143,741
"ENSG00000221923","ZNF880",52369917,52385795,15878
"ENSG00000221926","TRIM16",15627960,15684311,56351
"ENSG00000221930","FAM45B",130494965,130496588,1623
"ENSG00000221931","OR6X1",123753488,123754545,1057
"ENSG00000221937","TAS2R40",143222037,143223079,1042
"ENSG00000221938","OR2A14",144123176,144131188,8012
"ENSG00000221947","XKR9",70669365,70790371,121006
"ENSG00000221954","OR4C12",49981473,49982535,1062
"ENSG00000221955","SLC12A8",125082636,125212864,130228
"ENSG00000221957","KIR2DS4",54832676,54848569,15893
"ENSG00000221962","TMEM14E",152339695,152340990,1295
"ENSG00000221963","APOL6",35648446,35668404,19958
"ENSG00000221970","OR2A1",144312464,144322668,10204
"ENSG00000221977","OR4E2",21653835,21667642,13807
"ENSG00000221978","CCNL2",1385711,1399335,13624
"ENSG00000221983","UBA52",18571730,18577550,5820
"ENSG00000221986","MYBPHL",109292365,109307011,14646
"ENSG00000221988","PPT2",32153441,32163678,10237
"ENSG00000221989","OR2A2",144109514,144110564,1050
"ENSG00000221994","ZNF630",47983356,48071658,88302
"ENSG00000221995","TIAF1",29073521,29078857,5336
"ENSG00000221996","OR52B4",4367263,4368386,1123
"ENSG00000222004","C7orf71",26637871,26647305,9434
"ENSG00000222009","BTBD19",44808482,44815585,7103
"ENSG00000222011","FAM185A",102748971,102809225,60254
"ENSG00000222014","RAB6C",129979664,129982738,3074
"ENSG00000222028","PSMB11",23042167,23043331,1164
"ENSG00000222036","POTEG",18967434,18999012,31578
"ENSG00000222038","POTEJ",130611481,130658091,46610
"ENSG00000222041","LINC00152",87454781,87636740,181959
"ENSG00000222046","DCDC2B",32209094,32216196,7102
"ENSG00000222047","C10orf55",73909969,73922777,12808
"ENSG00000222328","RNU2-2",62841619,62841809,190
"ENSG00000222370","SNORA36B",220200546,220200676,130
"ENSG00000222607","ENSG00000222607",123262843,123262949,106
"ENSG00000223274","RNA5SP498",1300256,1300375,119
"ENSG00000223361","FTH1P10",17353695,17354624,929
"ENSG00000223396","RPS10P7",201518703,201584367,65664
"ENSG00000223403","MEG9",101064151,101072937,8786
"ENSG00000223443","USP17L2",12137168,12139077,1909
"ENSG00000223501","VPS52",33250272,33272047,21775
"ENSG00000223510","CDRT15",14235673,14236862,1189
"ENSG00000223518","CSNK1A1P1",36798596,36818459,19863
"ENSG00000223547","ZNF844",12064731,12081565,16834
"ENSG00000223553","SMPD4P1",20602595,20656914,54319
"ENSG00000223572","CKMT1A",43692886,43699222,6336
"ENSG00000223586","MGC34034",133821147,133872922,51775
"ENSG00000223638","RFPL4A",55759014,55763175,4161
"ENSG00000223648","IGHV3-64",106657725,106658258,533
"ENSG00000223705","NSUN5P1",75410322,75416787,6465
"ENSG00000223756","TSSC2",3380961,3408978,28017
"ENSG00000223760","CCDC74B-AS1",130129621,130139417,9796
"ENSG00000223797","ENTPD3-AS1",40313802,40453329,139527
"ENSG00000223802","CERS1",18868545,18896727,28182
"ENSG00000223865","HLA-DPB1",33075990,33089696,13706
"ENSG00000223953","C1QTNF5",119338942,119340940,1998
"ENSG00000223959","AFG3L1P",89972586,90002161,29575
"ENSG00000223972","DDX11L1",11869,14409,2540
"ENSG00000224041","IGKV3D-15",90114838,90115402,564
"ENSG00000224078","SNHG14",24978583,25420336,441753
"ENSG00000224236","MRRFP1",123116107,123117781,1674
"ENSG00000224287","MSL3P1",233865437,233868444,3007
"ENSG00000224309","ANKRD30BP2",13038160,13067033,28873
"ENSG00000224373","IGHV4-59",106627249,106627825,576
"ENSG00000224383","C17orf72",63998351,64004304,5953
"ENSG00000224389","C4B",32014795,32035418,20623
"ENSG00000224420","C19orf76",49688664,49690575,1911
"ENSG00000224470","ATXN1L",71845976,71885268,39292
"ENSG00000224531","C6orf228",11093834,11138733,44899
"ENSG00000224586","GPX5",28525925,28534952,9027
"ENSG00000224650","IGHV3-74",106810442,106811131,689
"ENSG00000224659","GAGE12J",49322057,49329384,7327
"ENSG00000224689","ZNF812",9689924,9700776,10852
"ENSG00000224729","PCOLCE-AS1",100589402,100604206,14804
"ENSG00000224821","COL4A2-AS2",110456396,110463287,6891
"ENSG00000224916","APOC4",44942238,44949565,7327
"ENSG00000224940","PRRT4",128350325,128361685,11360
"ENSG00000224982","TMEM233",119593774,119643075,49301
"ENSG00000225163","LINC00618",96931367,96945394,14027
"ENSG00000225177","FLJ46906",138692548,138697288,4740
"ENSG00000225180","AATK-AS1",81165507,81183164,17657
"ENSG00000225190","PLEKHM1",45435900,45490749,54849
"ENSG00000225465","RFPL1-AS1",29436534,29478868,42334
"ENSG00000225473","ATP13A4-AS1",193553213,193555088,1875
"ENSG00000225492","GBP1P1",89407679,89426243,18564
"ENSG00000225523","IGKV6D-21",90021567,90022185,618
"ENSG00000225526","MKRN2-AS1",12514934,12561059,46125
"ENSG00000225556","C2CD4D",151837819,151840557,2738
"ENSG00000225602","MTOR-AS1",11143898,11149537,5639
"ENSG00000225614","ZNF469",88382989,88440757,57768
"ENSG00000225663","FAM195B",81822361,81833302,10941
"ENSG00000225697","SLC26A6",48625723,48635493,9770
"ENSG00000225698","IGHV3-72",106790691,106791233,542
"ENSG00000225781","OR6V1",143052320,143053347,1027
"ENSG00000225830","ERCC6",49454470,49539538,85068
"ENSG00000225855","RUSC1-AS1",155316863,155324176,7313
"ENSG00000225899","FRG2B",133623895,133626795,2900
"ENSG00000225921","NOL7",13615335,13632739,17404
"ENSG00000225968","ELFN1",1688119,1747954,59835
"ENSG00000225980","OR7E19P",9265440,9268819,3379
"ENSG00000226017","PRICKLE2-AS3",64187544,64200965,13421
"ENSG00000226023","CT47A6",120958165,120961487,3322
"ENSG00000226025","ENSG00000226025",39679374,39686373,6999
"ENSG00000226137","BAIAP2-AS1",81029130,81034881,5751
"ENSG00000226167","AP4B1-AS1",113856635,113901237,44602
"ENSG00000226232","ENSG00000226232",69976388,69996188,19800
"ENSG00000226259","GTF2H2B",70415352,70448015,32663
"ENSG00000226287","TMEM191A",20701114,20704606,3492
"ENSG00000226288","OR52I2",4581743,4593340,11597
"ENSG00000226314","ZNF192P1",28161769,28169594,7825
"ENSG00000226372","DCAF8L1",27977993,27981449,3456
"ENSG00000226397","C12orf77",24993424,25006403,12979
"ENSG00000226435","ANKRD18DP",198053522,198080720,27198
"ENSG00000226510","UPK1A-AS1",35667948,35673291,5343
"ENSG00000226516","FAM138B",113577382,113578852,1470
"ENSG00000226650","KIF4B",155013755,155018132,4377
"ENSG00000226711","FAM66C",8180209,8216151,35942
"ENSG00000226761","TAS2R46",11061365,11062294,929
"ENSG00000226763","SRRM5",43596617,43614497,17880
"ENSG00000226784","PGAM4",77968874,77969638,764
"ENSG00000226807","FLJ43860",141433829,141507230,73401
"ENSG00000226887","ERVMER34-1",52722618,52751586,28968
"ENSG00000226979","LTA",31572054,31574324,2270
"ENSG00000227057","WDR46",33279108,33289247,10139
"ENSG00000227124","ZNF717",75678660,75785583,106923
"ENSG00000227189","FLJ35816",1151372,1153701,2329
"ENSG00000227268","KLLN",87859158,87863437,4279
"ENSG00000227345","PARG",49818279,49970203,151924
"ENSG00000227372","TP73-AS1",3735511,3747373,11862
"ENSG00000227471","AKR1B15",134549110,134579875,30765
"ENSG00000227487","LOC100288346",113265137,113274032,8895
"ENSG00000227802","DNAJB3",233742750,233744015,1265
"ENSG00000227825","SLC9A7P1",98453835,98457145,3310
"ENSG00000228016","RAPGEF4-AS1",172677141,172736206,59065
"ENSG00000228075","BOD1L2",57147087,57150410,3323
"ENSG00000228083","IFNA14",21239002,21239991,989
"ENSG00000228157","ENSG00000228157",19092974,19096837,3863
"ENSG00000228198","OR2M3",248197265,248212925,15660
"ENSG00000228224","NACAP1",101361794,101372707,10913
"ENSG00000228278","ORM2",114329869,114333256,3387
"ENSG00000228315","GUSBP11",23638487,23717356,78869
"ENSG00000228409","CCT6P1",65751142,65763354,12212
"ENSG00000228451","SDAD1P1",26375913,26382953,7040
"ENSG00000228474","OST4",27070472,27071654,1182
"ENSG00000228544","KIAA1984-AS1",136803927,136808848,4921
"ENSG00000228567","VN1R4",53266676,53267723,1047
"ENSG00000228570","FAM22E",79841358,79850878,9520
"ENSG00000228623","ZNF883",112957722,113012227,54505
"ENSG00000228672","C5orf65",139390592,139395713,5121
"ENSG00000228695","CES1P1",55760566,55793960,33394
"ENSG00000228696","ARL17B",46274784,46361797,87013
"ENSG00000228727","SAPCD1",31762996,31764851,1855
"ENSG00000228775","FLJ40852",141704003,141738346,34343
"ENSG00000228782","MRPL45P2",47450568,47492492,41924
"ENSG00000228903","RASA4CP",44026951,44041892,14941
"ENSG00000229027","HSFY1P1",16827474,16829335,1861
"ENSG00000229089","ANKRD20A8P",94791103,94857282,66179
"ENSG00000229117","RPL41",56116590,56117967,1377
"ENSG00000229205","LINC00200",1159768,1289426,129658
"ENSG00000229314","ORM1",114323056,114326475,3419
"ENSG00000229320","KRT8P12",160565447,160569248,3801
"ENSG00000229359","PIN1P1",69919322,69920317,995
"ENSG00000229373","LINC00452",113888306,113923512,35206
"ENSG00000229391","HLA-DRB6",32552713,32560022,7309
"ENSG00000229415","SFTA3",36473288,36513829,40541
"ENSG00000229453","SPINK8",48306842,48328341,21499
"ENSG00000229474","PATL2",44665732,44711316,45584
"ENSG00000229544","NKX1-2",124445243,124450035,4792
"ENSG00000229637","HOXB-AS5",48723185,48724758,1573
"ENSG00000229644","NAMPTL",36521721,36524234,2513
"ENSG00000229676","ZNF492",22634324,22667671,33347
"ENSG00000229715","EEF1DP3",31952580,31953361,781
"ENSG00000229754","CXCR2P1",218059155,218065729,6574
"ENSG00000229769","TRBV10-2",142424965,142425465,500
"ENSG00000229807","XIST",73820649,73852723,32074
"ENSG00000229809","ZNF688",30569346,30572734,3388
"ENSG00000229859","PGA3",61203307,61213098,9791
"ENSG00000229921","KIF25-AS1",167992822,167997110,4288
"ENSG00000229924","FAM90A26P",9170409,9176730,6321
"ENSG00000229972","IQCF3",51826883,51830856,3973
"ENSG00000229988","HBBP1",5241105,5243537,2432
"ENSG00000230006","ANKRD36BP2",88765807,88806612,40805
"ENSG00000230099","TRBV5-4",142462916,142463581,665
"ENSG00000230219","FAM92A1P2",183037665,183040119,2454
"ENSG00000230267","HERC2P4",32103245,32188107,84862
"ENSG00000230301","OR5H6",98263252,98265356,2104
"ENSG00000230368","FAM41C",868071,876903,8832
"ENSG00000230373","GOLGA6L5",84507885,84516814,8929
"ENSG00000230445","LRRC37A6P",27246350,27259455,13105
"ENSG00000230453","ANKRD18B",33524394,33573009,48615
"ENSG00000230510","PPP5D1",46480796,46601200,120404
"ENSG00000230513","THAP7-AS1",21001886,21010342,8456
"ENSG00000230524","COL6A4P1",15151833,15205959,54126
"ENSG00000230530","LIMD1-AS1",45676369,45689200,12831
"ENSG00000230583","GTF2IRD1P1",66809993,66844882,34889
"ENSG00000230630","DNM3OS",172138397,172144840,6443
"ENSG00000230657","PRB4",11307083,11310435,3352
"ENSG00000230797","YY2",21855987,21858727,2740
"ENSG00000230937","MIR205HG",209428817,209432838,4021
"ENSG00000230989","HSBP1",83807843,83819737,11894
"ENSG00000231023","LINC00326",132954257,133107410,153153
"ENSG00000231064","ENSG00000231064",155195004,155205495,10491
"ENSG00000231068","KRTAP21-3",30718525,30718777,252
"ENSG00000231177","GHRLOS2",10284419,10285746,1327
"ENSG00000231192","OR5H1",98130721,98138548,7827
"ENSG00000231475","IGHV4-31",106349283,106349792,509
"ENSG00000231500","RPS18",33272075,33276511,4436
"ENSG00000231607","DLEU2",49956670,50125720,169050
"ENSG00000231633","LINC00283",102742990,102745224,2234
"ENSG00000231738","TSPAN19",85014311,85036277,21966
"ENSG00000231824","C18orf42",5145285,5197503,52218
"ENSG00000231852","CYP21A2",32038327,32041644,3317
"ENSG00000231861","OR5K2",98497604,98498663,1059
"ENSG00000231887","PRH1",10824960,11171608,346648
"ENSG00000231889","TRAF3IP2-AS1",111483511,111598302,114791
"ENSG00000231924","PSG1",42866464,42879822,13358
"ENSG00000231955","GCSHP3",206115547,206122323,6776
"ENSG00000232040","SCAND3",28570535,28616212,45677
"ENSG00000232070","C14orf176",21098937,21103724,4787
"ENSG00000232119","MCTS1",120594010,120621159,27149
"ENSG00000232125","DYTN",206651621,206718396,66775
"ENSG00000232216","IGHV3-43",106470264,106470800,536
"ENSG00000232268","OR52I1",4593614,4596574,2960
"ENSG00000232284","GNG12-AS1",67832303,68202987,370684
"ENSG00000232382","OR5K1",98463201,98472924,9723
"ENSG00000232387","SKA2L",122761844,122762233,389
"ENSG00000232388","LINC00493",18567347,18569563,2216
"ENSG00000232423","PRAMEF6",12938472,12947580,9108
"ENSG00000232434","C9orf172",136844415,136848801,4386
"ENSG00000232560","C21orf37",17438821,17450104,11283
"ENSG00000232629","HLA-DQB2",32756098,32763532,7434
"ENSG00000232656","IDI2-AS1",1022630,1045425,22795
"ENSG00000232677","LINC00665",36313067,36331770,18703
"ENSG00000232685","LINC00442",19008259,19026802,18543
"ENSG00000232803","LOC100127888",62663019,62666724,3705
"ENSG00000232832","LMLN-AS1",198038321,198039234,913
"ENSG00000232859","C17orf108",27878314,27894752,16438
"ENSG00000232869","TRBV29-1",142740206,142740894,688
"ENSG00000232871","SEC1P",48638071,48682245,44174
"ENSG00000232938","FLJ43681",83226897,83240804,13907
"ENSG00000232973","CYP1B1-AS1",38073447,38231651,158204
"ENSG00000233013","FAM157B",138217068,138253217,36149
"ENSG00000233327","USP32P2",18511262,18525930,14668
"ENSG00000233338","TLR8-AS1",12902817,12908333,5516
"ENSG00000233382","NKAPP1",120120953,120245267,124314
"ENSG00000233412","OR5H15",98166696,98169774,3078
"ENSG00000233436","BTBD18",57743514,57751781,8267
"ENSG00000233452","STXBP5-AS1",146824539,147204614,380075
"ENSG00000233608","TWIST2",238848032,238910534,62502
"ENSG00000233614","DDX11L10",11555,14090,2535
"ENSG00000233701","PRR23C",139042102,139044892,2790
"ENSG00000233816","IFNA13",21367424,21368962,1538
"ENSG00000233822","HIST1H2BN",27837760,27865798,28038
"ENSG00000233917","POTEB",21846329,21877703,31374
"ENSG00000233930","LOC338651",1571353,1599184,27831
"ENSG00000234068","PAGE2",55089008,55092842,3834
"ENSG00000234124","CSN1S2AP",70067386,70085290,17904
"ENSG00000234127","TRIM26",30184455,30213427,28972
"ENSG00000234186","C16orf82",27066707,27069165,2458
"ENSG00000234224","TMEM229A",124030916,124033023,2107
"ENSG00000234284","ZNF879",179023752,179035064,11312
"ENSG00000234377","POU4F1-AS1",77919689,78617328,697639
"ENSG00000234420","ZNF37BP",42513510,42552822,39312
"ENSG00000234438","KBTBD13",65076816,65079939,3123
"ENSG00000234444","ZNF736",64307459,64356634,49175
"ENSG00000234545","FAM133B",92560793,92590394,29601
"ENSG00000234560","OR10G8",124026798,124030634,3836
"ENSG00000234585","CCT6P3",65038354,65074713,36359
"ENSG00000234602","MCIN",55219614,55227315,7701
"ENSG00000234608","MAPKAPK5-AS1",111839764,111842902,3138
"ENSG00000234616","JRK",142657460,142681968,24508
"ENSG00000234722","ENSG00000234722",153355365,153413985,58620
"ENSG00000234745","HLA-B",31269491,31357188,87697
"ENSG00000234754","C1orf140",221330080,221336489,6409
"ENSG00000234769","WASH4P",14381,18068,3687
"ENSG00000234776","C11orf94",45906513,45907272,759
"ENSG00000234829","IFNA17",21227243,21228222,979
"ENSG00000234883","MIR155HG",25561909,25575168,13259
"ENSG00000235034","C19orf81",50649445,50659310,9865
"ENSG00000235098","ANKRD65",1418420,1421769,3349
"ENSG00000235109","ZNF323",28324693,28356271,31578
"ENSG00000235156","TMEM30C",100185687,100211766,26079
"ENSG00000235162","C12orf75",105235290,105396097,160807
"ENSG00000235268","KDM4E",95025258,95027596,2338
"ENSG00000235280","MCF2L-AS1",112967484,112968824,1340
"ENSG00000235314","FLJ35390",44039171,44042306,3135
"ENSG00000235370","CSPG4P5",84398316,84411701,13385
"ENSG00000235434","ENSG00000235434",19814367,19819502,5135
"ENSG00000235436","DPY19L2P4",90119400,90125600,6200
"ENSG00000235552","RPL6P27",6462144,6463015,871
"ENSG00000235631","RNF148",122701668,122702922,1254
"ENSG00000235711","ANKRD34C",79293285,79298235,4950
"ENSG00000235718","C1QTNF5",119338942,119346705,7763
"ENSG00000235750","KIAA0040",175156986,175192999,36013
"ENSG00000235786","ZNRF3-IT1",28992721,29018620,25899
"ENSG00000235812","ADAM21P1",70245491,70247801,2310
"ENSG00000235863","B3GALT4",33277132,33284832,7700
"ENSG00000235865","GSN-AS1",121280768,121285530,4762
"ENSG00000235897","TM4SF19-AS1",196318330,196325570,7240
"ENSG00000235919","ASH1L-AS1",155562042,155563944,1902
"ENSG00000235942","LCE6A",152842868,152843983,1115
"ENSG00000235944","ZNF815P",5823160,5854365,31205
"ENSG00000235954","TTC28-AS1",27919376,28008581,89205
"ENSG00000235989","MORC2-AS1",30922308,30932449,10141
"ENSG00000236017","ASMTL-AS1",1401769,1414028,12259
"ENSG00000236027","PATE3",125788111,125791600,3489
"ENSG00000236032","OR5H14",98147479,98156614,9135
"ENSG00000236104","ZBTB22",33314406,33317942,3536
"ENSG00000236144","LOC100506469",35540738,35546029,5291
"ENSG00000236253","SLC25A3P1",53413149,53440020,26871
"ENSG00000236287","ZBED5",10812074,10858796,46722
"ENSG00000236296","GUSBP5",143559472,143561460,1988
"ENSG00000236301","MRGPRG-AS1",3218332,3223131,4799
"ENSG00000236320","SLFN14",35548125,35558098,9973
"ENSG00000236334","PPIAL4G",148479824,148483679,3855
"ENSG00000236383","TMEM106A-AS1",43216941,43305397,88456
"ENSG00000236384","LINC00479",41711520,41715775,4255
"ENSG00000236398","TAS2R39",143183419,143184435,1016
"ENSG00000236438","FAM157A",198153287,198222513,69226
"ENSG00000236446","CT47B1",120872603,120875929,3326
"ENSG00000236609","ZNF853",6615610,6624290,8680
"ENSG00000236637","IFNA4",21186694,21187671,977
"ENSG00000236666","POTEH-AS1",15699361,15703403,4042
"ENSG00000236699","ARHGEF38",105552620,105708093,155473
"ENSG00000236761","CTAGE9",131708684,131711017,2333
"ENSG00000236790","LINC00299",7988683,8488090,499407
"ENSG00000236882","C5orf27",95838245,95860133,21888
"ENSG00000236901","MIR600HG",123109494,123115477,5983
"ENSG00000236981","OR10G9",124023013,124023948,935
"ENSG00000237080","EHMT2-AS1",31877808,31884204,6396
"ENSG00000237101","ENSG00000237101",224219613,224228043,8430
"ENSG00000237110","TAAR9",132538290,132539336,1046
"ENSG00000237136","C4orf51",145680115,145771032,90917
"ENSG00000237172","B3GNT9",67148104,67150998,2894
"ENSG00000237232","ZNF295-AS1",42009194,42055130,45936
"ENSG00000237247","MBD3L5",7030578,7033011,2433
"ENSG00000237254","TRBV30",142812586,142813399,813
"ENSG00000237276","ANO7L1",16215909,16228027,12118
"ENSG00000237289","CKMT1B",43593054,43604901,11847
"ENSG00000237298","TTN-AS1",178521183,178779963,258780
"ENSG00000237353","PATE4",125833316,125840069,6753
"ENSG00000237388","OR4A47",48488717,48489780,1063
"ENSG00000237440","ZNF737",20535825,20565809,29984
"ENSG00000237441","RGL2",33291654,33298942,7288
"ENSG00000237515","SHISA9",12901598,13240416,338818
"ENSG00000237517","DGCR5",18970514,18994628,24114
"ENSG00000237521","OR7E24",9247344,9252625,5281
"ENSG00000237541","HLA-DQA2",32741342,32747215,5873
"ENSG00000237649","KIFC1",33391823,33409896,18073
"ENSG00000237763","AMY1A",103655290,103664554,9264
"ENSG00000237765","FAM200B",15681662,15705565,23903
"ENSG00000237883","DGUOK-AS1",73947322,73981441,34119
"ENSG00000237984","PTENP1",33673504,33677499,3995
"ENSG00000238039","ENSG00000238039",149511509,149526264,14755
"ENSG00000238057","ZEB2-AS1",144517978,144521477,3499
"ENSG00000238083","LRRC37A2",46511511,46555650,44139
"ENSG00000238105","GOLGA2P5",100156357,100173659,17302
"ENSG00000238133","MLK7-AS1",173166446,173282036,115590
"ENSG00000238227","C9orf69",136114581,136118875,4294
"ENSG00000238243","OR2W3",247895587,247896531,944
"ENSG00000238244","GABARAPL3",90348844,90349197,353
"ENSG00000238269","PAGE2B",55075063,55078909,3846
"ENSG00000238367","MIR2113",98024531,98024621,90
"ENSG00000238423","SNORD42B",28720550,28720616,66
"ENSG00000238578","SNORD4A",28722582,28722653,71
"ENSG00000238795","SCARNA12",6967337,6967606,269
"ENSG00000238862","SNORD19B",52690744,52690827,83
"ENSG00000239002","SCARNA10",6510222,6510551,329
"ENSG00000239264","TXNDC5",7881517,7910814,29297
"ENSG00000239265","CLRN1-AS1",150852484,151080726,228242
"ENSG00000239305","RNF103",86603398,86623866,20468
"ENSG00000239306","RBM14",66616582,66627347,10765
"ENSG00000239388","ASB14",57268347,57292682,24335
"ENSG00000239389","PCDHA13",140882124,141012347,130223
"ENSG00000239474","KBTBD10",169509702,169526258,16556
"ENSG00000239521","GATS",100200653,100272232,71579
"ENSG00000239571","IGKV2D-30",89936859,89937679,820
"ENSG00000239590","OR1J4",122519141,122520082,941
"ENSG00000239605","C2orf61",47045538,47155308,109770
"ENSG00000239649","MYADML",33722721,33728207,5486
"ENSG00000239713","APOBEC3G",39077067,39087743,10676
"ENSG00000239732","TLR9",52221080,52226163,5083
"ENSG00000239779","WBP1",74458400,74460891,2491
"ENSG00000239819","IGKV1D-8",90220727,90221384,657
"ENSG00000239827","SUGT1P3",40882577,40921774,39197
"ENSG00000239855","IGKV1-6",88966262,88966767,505
"ENSG00000239857","GET4",876554,896436,19882
"ENSG00000239886","KRTAP9-2",41226648,41227652,1004
"ENSG00000239887","C1orf226",162378841,162386812,7971
"ENSG00000239900","ADSL",40346500,40390463,43963
"ENSG00000239961","LILRA4",54333185,54339162,5977
"ENSG00000239975","IGKV1D-33",89913982,89916052,2070
"ENSG00000239998","LILRA2",54572920,54590287,17367
"ENSG00000240021","TEX35",178513109,178548602,35493
"ENSG00000240038","AMY2B",103553815,103579534,25719
"ENSG00000240184","PCDHGC3",141475947,141512977,37030
"ENSG00000240224","UGT1A5",233712992,233773299,60307
"ENSG00000240225","ZNF542",56368099,56379828,11729
"ENSG00000240230","COX19",898778,975549,76771
"ENSG00000240268","MOXD2P",142240740,142247067,6327
"ENSG00000240280","TCAM1P",63849292,63864379,15087
"ENSG00000240303","ACAD11",132558138,132660082,101944
"ENSG00000240356","RPL23AP7",113610502,113627090,16588
"ENSG00000240370","RPL13P5",6873389,6884741,11352
"ENSG00000240386","LCE1F",152776372,152776728,356
"ENSG00000240403","KIR3DL2",54850443,54867207,16764
"ENSG00000240432","KRTAP13-3",30425265,30425968,703
"ENSG00000240505","TNFRSF13B",16929816,16972118,42302
"ENSG00000240542","KRTAP9-1",41189887,41190639,752
"ENSG00000240563","L1TD1",62194849,62212328,17479
"ENSG00000240632","FAM75D5",81913437,81919926,6489
"ENSG00000240654","C1QTNF9",24307166,24322535,15369
"ENSG00000240671","IGKV1-8",88992409,88992931,522
"ENSG00000240682","ISY1",129127415,129161293,33878
"ENSG00000240694","PNMA2",26504701,26514092,9391
"ENSG00000240720","LRRD1",92141643,92179531,37888
"ENSG00000240764","PCDHGC5",141489121,141512979,23858
"ENSG00000240771","ARHGEF25",57610180,57617245,7065
"ENSG00000240857","RDH14",18554723,18560679,5956
"ENSG00000240871","KRTAP4-7",41084150,41085141,991
"ENSG00000240891","PLCXD2",111674676,111846447,171771
"ENSG00000240935","PLGLA",106382171,106393031,10860
"ENSG00000241015","TPM3P9",53431984,53444670,12686
"ENSG00000241058","NSUN6",18545561,18659285,113724
"ENSG00000241104","CEACAMP10",43211791,43248646,36855
"ENSG00000241119","UGT1A9",233671898,233773300,101402
"ENSG00000241123","KRTAP10-5",44579455,44580604,1149
"ENSG00000241127","YAE1D1",39566385,39610320,43935
"ENSG00000241128","OR14A2",247722957,247724043,1086
"ENSG00000241129","RPL22P19",124935455,124935895,440
"ENSG00000241186","TDGF1",46574534,46582457,7923
"ENSG00000241233","KRTAP5-8",71538025,71539207,1182
"ENSG00000241241","KRTAP4-16P",41101502,41102209,707
"ENSG00000241244","IGKV1D-16",90100236,90100738,502
"ENSG00000241258","CRCP",66114604,66154568,39964
"ENSG00000241294","IGKV2-24",89176328,89177160,832
"ENSG00000241322","CDRT1",15565483,15619512,54029
"ENSG00000241343","RPL36A",101390824,101396154,5330
"ENSG00000241351","IGKV3-11",89027171,89027731,560
"ENSG00000241404","EGFL8",32164595,32168281,3686
"ENSG00000241484","ARHGAP8",44752558,44862788,110230
"ENSG00000241595","KRTAP9-4",41249687,41250653,966
"ENSG00000241598","KRTAP5-4",1620958,1622138,1180
"ENSG00000241635","UGT1A1",233760248,233773299,13051
"ENSG00000241644","INMT",30697985,30757602,59617
"ENSG00000241685","ARPC1A",99325898,99366262,40364
"ENSG00000241697","TMEFF1",100473149,100577636,104487
"ENSG00000241735","FABP5P3",152435695,152443176,7481
"ENSG00000241837","ATP5O",33903453,33915814,12361
"ENSG00000241839","PLEKHO2",64841883,64868002,26119
"ENSG00000241852","C8orf58",22599599,22604150,4551
"ENSG00000241878","PISD",31618491,31662432,43941
"ENSG00000241935","HOGA1",97584323,97612802,28479
"ENSG00000241945","PWP2",44107373,44131181,23808
"ENSG00000241962","C2orf15",99141485,99322741,181256
"ENSG00000241973","PI4KA",20707691,20859417,151726
"ENSG00000242019","KIR3DL3",54724479,54736536,12057
"ENSG00000242028","C15orf63",43796142,43803043,6901
"ENSG00000242049","DNAJB8-AS1",128463594,128472317,8723
"ENSG00000242110","AMACR",33986165,34008104,21939
"ENSG00000242220","TCP10L",32573721,32587373,13652
"ENSG00000242221","PSG2",43064209,43083045,18836
"ENSG00000242247","ARFGAP3",42796502,42858106,61604
"ENSG00000242265","PEG10",94656325,94669695,13370
"ENSG00000242288","BMS1P4",73674295,73730466,56171
"ENSG00000242294","ENSG00000242294",100336079,100351900,15821
"ENSG00000242366","UGT1A8",233617645,233773310,155665
"ENSG00000242371","IGKV1-39",89319625,89320146,521
"ENSG00000242372","EIF6",35278911,35284985,6074
"ENSG00000242419","PCDHGC4",141484997,141512979,27982
"ENSG00000242472","IGHJ5",105863814,105863862,48
"ENSG00000242485","MRPL20",1401909,1407293,5384
"ENSG00000242498","C15orf38",89895006,89912952,17946
"ENSG00000242515","UGT1A10",233636454,233773305,136851
"ENSG00000242550","SERPINB10",63897174,63936111,38937
"ENSG00000242574","HLA-DMB",32934629,32941028,6399
"ENSG00000242580","IGKV1D-43",90209873,90210529,656
"ENSG00000242599","CSAG4",152733827,152740985,7158
"ENSG00000242600","MBL1P",79920178,79923119,2941
"ENSG00000242612","DECR2",401858,412487,10629
"ENSG00000242715","CCDC169",36222008,36297840,75832
"ENSG00000242732","RGAG4",72127110,72131901,4791
"ENSG00000242766","IGKV1D-17",90082635,90083291,656
"ENSG00000242779","ZNF702P",52966896,53037898,71002
"ENSG00000242802","AP5Z1",4775615,4794397,18782
"ENSG00000242852","ZNF709",12461184,12513854,52670
"ENSG00000242866","STRC",43599563,43618800,19237
"ENSG00000242925","PLCH1-AS2",155485803,155487121,1318
"ENSG00000242950","ERVW-1",92468380,92477986,9606
"ENSG00000243055","GK-AS1",30699998,30724174,24176
"ENSG00000243063","IGKV3-7",88978468,88979081,613
"ENSG00000243073","PRAMEF4",12879224,12886201,6977
"ENSG00000243130","PSG11",43007656,43026474,18818
"ENSG00000243135","UGT1A3",233729108,233773299,44191
"ENSG00000243137","PSG4",43192702,43207299,14597
"ENSG00000243156","MICAL3",17787649,18024561,236912
"ENSG00000243207","PPAN-P2RY11",10106223,10114780,8557
"ENSG00000243232","PCDHAC2",140966470,141012347,45877
"ENSG00000243238","IGKV2-30",89244781,89245596,815
"ENSG00000243279","PRAF2",49071161,49074002,2841
"ENSG00000243284","VSIG8",159854316,159862657,8341
"ENSG00000243290","IGKV1-12",89040224,89040745,521
"ENSG00000243317","C7orf73",135662496,135693418,30922
"ENSG00000243323","PTPRVP",202168051,202189455,21404
"ENSG00000243335","KCTD7",66628767,66649067,20300
"ENSG00000243364","EFNA4",155063737,155069553,5816
"ENSG00000243414","TICAM2",115578650,115602479,23829
"ENSG00000243444","PALM2",109640788,109951476,310688
"ENSG00000243466","IGKV1-5",88947301,88947957,656
"ENSG00000243477","NAT6",50296402,50299421,3019
"ENSG00000243478","AOX2P",200738608,200794239,55631
"ENSG00000243480","AMY2A",103616811,103625780,8969
"ENSG00000243489","KRTAP10-11",44646414,44647650,1236
"ENSG00000243501","KHDC1L",73209746,73263196,53450
"ENSG00000243509","TNFRSF6B",63696652,63698684,2032
"ENSG00000243543","WFDC6",45534196,45539495,5299
"ENSG00000243566","UPK3B",76510428,76516521,6093
"ENSG00000243646","IL10RB",33266367,33310187,43820
"ENSG00000243649","CFB",31945650,31952084,6434
"ENSG00000243655","ENSG00000243655",22524563,22525330,767
"ENSG00000243660","ZNF487P",43436841,43483181,46340
"ENSG00000243667","WDR92",68122936,68157549,34613
"ENSG00000243696","MUSTN1",52813282,52835729,22447
"ENSG00000243710","WDR65",43172149,43254358,82209
"ENSG00000243716","LOC100132247",22479121,22536521,57400
"ENSG00000243725","TTC4",54715861,54742657,26796
"ENSG00000243729","OR5V1",29353749,29431967,78218
"ENSG00000243742","RPLP0P2",61615036,61639449,24413
"ENSG00000243749","ZMYM6NB",34981535,34985353,3818
"ENSG00000243753","HLA-L",30259584,30293014,33430
"ENSG00000243772","KIR2DL3",54738515,54753052,14537
"ENSG00000243811","APOBEC3D",39021113,39033277,12164
"ENSG00000243896","OR2A7",144257663,144264792,7129
"ENSG00000243910","TUBA4B",219253243,219272188,18945
"ENSG00000243927","MRPS6",34073224,34143034,69810
"ENSG00000243943","ZNF512",27582969,27623217,40248
"ENSG00000243955","GSTA1",52791371,52803860,12489
"ENSG00000243978","RGAG1",110358816,110456334,97518
"ENSG00000243989","ACY1",51983340,51989197,5857
"ENSG00000244005","NFS1",35668052,35699355,31303
"ENSG00000244026","FAM86DP",75421552,75435110,13558
"ENSG00000244038","DDOST",20651767,20661544,9777
"ENSG00000244041","DKFZP686I15217",2987967,2991173,3206
"ENSG00000244067","GSTA2",52750087,52763475,13388
"ENSG00000244094","SPRR2F",153112121,153113516,1395
"ENSG00000244115","DNAJC25-GNG10",111631386,111670229,38843
"ENSG00000244116","IGKV2-28",89221698,89222461,763
"ENSG00000244122","UGT1A7",233681938,233773299,91361
"ENSG00000244171","PBX2P1",143176327,143177617,1290
"ENSG00000244187","TMEM141",136791344,136793317,1973
"ENSG00000244242","IFITM10",1732406,1750595,18189
"ENSG00000244274","DBNDD2",45406057,45410610,4553
"ENSG00000244362","KRTAP19-7",30560875,30561314,439
"ENSG00000244405","ETV5",186046314,186110318,64004
"ENSG00000244411","KRTAP5-7",71527267,71528674,1407
"ENSG00000244414","CFHR1",196819757,196832189,12432
"ENSG00000244437","IGKV3-15",89085177,89085787,610
"ENSG00000244462","RBM12",35648925,35664956,16031
"ENSG00000244474","UGT1A4",233718778,233773299,54521
"ENSG00000244476","ERVFRD-1",11102489,11111725,9236
"ENSG00000244482","LILRA6",54236592,54242791,6199
"ENSG00000244509","APOBEC3C",39014257,39020352,6095
"ENSG00000244537","KRTAP4-2",41177446,41178208,762
"ENSG00000244575","IGKV1-27",89213423,89213928,505
"ENSG00000244588","RAD21L1",1226056,1296421,70365
"ENSG00000244607","CCDC13",42708269,42773253,64984
"ENSG00000244617","ASPRV1",69960089,69962265,2176
"ENSG00000244623","OR2AE1",99875987,99877057,1070
"ENSG00000244624","KRTAP20-1",30616425,30616699,274
"ENSG00000244682","FCGR2C",161581339,161605662,24323
"ENSG00000244693","CTAGE8",144266701,144269288,2587
"ENSG00000244694","PTCHD4",47878028,48068689,190661
"ENSG00000244731","C4A",31982057,32002681,20624
"ENSG00000244734","HBB",5225464,5229395,3931
"ENSG00000244752","CRYBB2",25212564,25231870,19306
"ENSG00000244754","N4BP2L2",32432417,32538885,106468
"ENSG00000244968","LIFR-AS1",38556765,38671216,114451
"ENSG00000245680","ZNF585B",37181579,37218153,36574
"ENSG00000245970","SNORA72",98041726,98044121,2395
"ENSG00000246477","ENSG00000246477",11315859,11325429,9570
"ENSG00000246627","CACNA1C-AS1",2676001,2691200,15199
"ENSG00000246705","H2AFJ",14774383,14778002,3619
"ENSG00000246731","MGC16275",74209980,74213342,3362
"ENSG00000246922","UBAP1L",65092770,65115197,22427
"ENSG00000247077","PGAM5",132710819,132722734,11915
"ENSG00000247570","ENSG00000247570",69942948,69944648,1700
"ENSG00000247595","SPTY2D1-AS1",18588781,18610255,21474
"ENSG00000247596","TWF2",52228612,52239158,10546
"ENSG00000247626","MARS2",197705369,197708387,3018
"ENSG00000247746","USP51",55484616,55489202,4586
"ENSG00000248098","BCKDHA",41397808,41425002,27194
"ENSG00000248124","RRN3P1",21796106,21820410,24304
"ENSG00000248144","ADH1C",99336497,99352746,16249
"ENSG00000248265","FLJ12825",54058254,54122235,63981
"ENSG00000248333","CDK11B",1635227,1659012,23785
"ENSG00000248334","WHAMMP2",28737583,28759204,21621
"ENSG00000248383","PCDHAC1",140926369,141012344,85975
"ENSG00000248385","TARM1",54069895,54081365,11470
"ENSG00000248405","PRR5-ARHGAP8",44702233,44862706,160473
"ENSG00000248449","PCDHGB8P",141426286,141429158,2872
"ENSG00000248472","DDX11L9",101976558,101979093,2535
"ENSG00000248483","POU5F2",93733220,93741637,8417
"ENSG00000248487","ABHD14A",51971426,51981199,9773
"ENSG00000248550","OTX2-AS1",56813183,57152177,338994
"ENSG00000248643","RBM14-RBM4",66616626,66646469,29843
"ENSG00000248710","ENSG00000248710",160227454,160449829,222375
"ENSG00000248712","CCDC153",119189638,119196769,7131
"ENSG00000248746","ACTN3",66546395,66563334,16939
"ENSG00000248871","TNFSF12-TNFSF13",7549099,7561601,12502
"ENSG00000248905","FMN1",32765545,33194733,429188
"ENSG00000249115","HAUS5",35612735,35625355,12620
"ENSG00000249158","PCDHA11",140868183,141012344,144161
"ENSG00000249209","ENSG00000249209",33584687,33931607,346920
"ENSG00000249242","TMEM150C",82483170,82562357,79187
"ENSG00000249437","NAIP",70968483,71025114,56631
"ENSG00000249459","ZNF286B",18658429,18682259,23830
"ENSG00000249471","ZNF324B",58451611,58457833,6222
"ENSG00000249481","SPATS1",44342660,44377167,34507
"ENSG00000249491","EGFLAM-AS1",38425036,38427376,2340
"ENSG00000249581","CLRN2",17515165,17527104,11939
"ENSG00000249624","ENSG00000249624",33229901,33297160,67259
"ENSG00000249673","NOP14-AS1",2934882,2961738,26856
"ENSG00000249709","ZNF564",12525373,12551542,26169
"ENSG00000249853","HS3ST5",114055586,114343045,287459
"ENSG00000249859","PVT1",127794526,128187101,392575
"ENSG00000249860","MTRNR2L5",55599303,55600041,738
"ENSG00000249861","LGALS16",39655913,39660647,4734
"ENSG00000249915","PDCD6",271621,314974,43353
"ENSG00000249931","GOLGA8J",32392782,32403292,10510
"ENSG00000249948","GBA3",22692914,22819575,126661
"ENSG00000249961","CCDC79",66754976,66801620,46644
"ENSG00000250033","SLC7A11-AS1",138057464,138178177,120713
"ENSG00000250036","IGKV1D-37",89884740,89885216,476
"ENSG00000250067","YJEFN3",19528861,19537581,8720
"ENSG00000250120","PCDHA10",140855883,141012347,156464
"ENSG00000250151","ARPC4-TTLL3",9793082,9835401,42319
"ENSG00000250251","PKD1P6",15125242,15154564,29322
"ENSG00000250254","PTTG2",37960398,37961128,730
"ENSG00000250305","KIAA1456",12945642,13031503,85861
"ENSG00000250312","ZNF718",124501,202303,77802
"ENSG00000250328","MGC32805",122436497,122479087,42590
"ENSG00000250361","GYPB",143996104,144019345,23241
"ENSG00000250366","LINC00617",95876392,95925571,49179
"ENSG00000250420","AACSP1",178764861,178818435,53574
"ENSG00000250423","KIAA1210",119078635,119150579,71944
"ENSG00000250479","CHCHD10",23765834,23768443,2609
"ENSG00000250486","FAM218A",164956948,164959122,2174
"ENSG00000250490","FLJ33360",6310441,6339884,29443
"ENSG00000250506","CDK3",76000906,76005999,5093
"ENSG00000250510","GPR162",6821624,6829972,8348
"ENSG00000250517","LDHAL6CP",63003553,63006902,3349
"ENSG00000250565","ATP6V1E2",46490750,46542577,51827
"ENSG00000250571","GLI4",143267433,143276931,9498
"ENSG00000250722","SEPP1",42799880,42887392,87512
"ENSG00000250733","C8orf17",139931172,139933946,2774
"ENSG00000250799","PRODH2",35799988,35813299,13311
"ENSG00000250802","ZBED3-AS1",77086688,77166909,80221
"ENSG00000251039","IGKV2D-40",89851791,89852497,706
"ENSG00000251184","ENSG00000251184",128941478,128957021,15543
"ENSG00000251192","ZNF674",46497727,46545457,47730
"ENSG00000251247","ZNF345",36850361,36913029,62668
"ENSG00000251258","RFPL4B",112347330,112351294,3964
"ENSG00000251287","ENSG00000251287",130081831,130113227,31396
"ENSG00000251322","SHANK3",50674415,50733298,58883
"ENSG00000251349","MSANTD3-TMEFF1",100442271,100577636,135365
"ENSG00000251357","ENSG00000251357",23862188,23895223,33035
"ENSG00000251359","WWC2-AS2",183097017,183099199,2182
"ENSG00000251369","ZNF550",57535257,57559863,24606
"ENSG00000251380","C5orf20",135444214,135447348,3134
"ENSG00000251503","APITD1-CORT",10430102,10452153,22051
"ENSG00000251557","HNRNPKP3",43120762,43269393,148631
"ENSG00000251562","MALAT1",65497688,65506516,8828
"ENSG00000251595","ABCA11P",425435,474129,48694
"ENSG00000251655","PRB1",11351823,11395566,43743
"ENSG00000251664","PCDHA12",140875302,141012347,137045
"ENSG00000251669","FAM86EP",3941760,3955419,13659
"ENSG00000251692","PTX4",1485886,1488981,3095
"ENSG00000251705","RNA5-8SP6",10200155,10200306,151
"ENSG00000251791","SCARNA6",233288676,233288940,264
"ENSG00000252277","SNORD116-30",25108268,25108352,84
"ENSG00000252583","MIR514B",147250151,147250230,79
"ENSG00000252714","RNA5SP392",40331537,40331648,111
"ENSG00000252854","RN7SKP5",46249942,46250213,271
"ENSG00000252977","RNA5SP70",181771566,181771644,78
"ENSG00000253117","OC90",132024216,132059382,35166
"ENSG00000253148","RGS21",192316992,192367285,50293
"ENSG00000253159","PCDHGA12",141430507,141512975,82468
"ENSG00000253291","TRBV7-7",142511626,142512127,501
"ENSG00000253293","HOXA10",27170592,27180261,9669
"ENSG00000253302","STAU2-AS1",73420004,73441526,21522
"ENSG00000253304","TMEM200B",29119429,29123903,4474
"ENSG00000253305","PCDHGB6",141408021,141512979,104958
"ENSG00000253309","SERPINE3",51335773,51364735,28962
"ENSG00000253313","C1orf210",43281883,43285617,3734
"ENSG00000253409","TRBV7-4",142455174,142455635,461
"ENSG00000253485","PCDHGA5",141364232,141512979,148747
"ENSG00000253506","NACA2",61590426,61591202,776
"ENSG00000253534","TRBV6-8",142507382,142507810,428
"ENSG00000253537","PCDHGA7",141382739,141512975,130236
"ENSG00000253540","FAM86HP",130099092,130111472,12380
"ENSG00000253542","SDR16C6P",56373064,56395365,22301
"ENSG00000253548","PYDC2",191461163,191461456,293
"ENSG00000253552","HOXA-AS2",27107777,27134302,26525
"ENSG00000253598","SLC10A5",81693607,81696174,2567
"ENSG00000253649","PRSS51",10482878,10547585,64707
"ENSG00000253710","ALG11",52012398,52033600,21202
"ENSG00000253729","PRKDC",47773108,47960183,187075
"ENSG00000253731","PCDHGA6",141373914,141512979,139065
"ENSG00000253767","PCDHGA8",141390157,141512979,122822
"ENSG00000253771","TPTE2P1",24924677,24968487,43810
"ENSG00000253797","UTP14C",52024691,52033600,8909
"ENSG00000253831","ETV3L",157092043,157099808,7765
"ENSG00000253846","PCDHGA10",141412987,141512979,99992
"ENSG00000253873","PCDHGA11",141421047,141512975,91928
"ENSG00000253910","PCDHGB2",141360042,141512979,152937
"ENSG00000253953","PCDHGB4",141387698,141512979,125281
"ENSG00000253958","CLDN23",8701938,8704106,2168
"ENSG00000253981","ENSG00000253981",8236003,8244667,8664
"ENSG00000254004","ZNF260",36510687,36528271,17584
"ENSG00000254087","LYN",55879835,56014169,134334
"ENSG00000254093","PINX1",10764961,10839884,74923
"ENSG00000254122","PCDHGB7",141417645,141512979,95334
"ENSG00000254154","SEC16B",177928788,178038007,109219
"ENSG00000254221","PCDHGB1",141350102,141512979,162877
"ENSG00000254245","PCDHGA3",141343829,141512979,169150
"ENSG00000254369","HOXA-AS3",27129977,27155928,25951
"ENSG00000254402","LRRC24",144522388,144527033,4645
"ENSG00000254415","SIGLEC14",51642553,51646801,4248
"ENSG00000254440","PBOV1",138215986,138218491,2505
"ENSG00000254466","OR4D10",59473315,59479361,6046
"ENSG00000254470","AP5B1",65775893,65780802,4909
"ENSG00000254521","SIGLEC12",51491357,51501789,10432
"ENSG00000254535","PABPC4L",134196333,134201789,5456
"ENSG00000254553","ENSG00000254553",32465057,32600792,135735
"ENSG00000254585","MAGEL2",23643549,23647867,4318
"ENSG00000254656","RTL1",100879753,100903722,23969
"ENSG00000254685","FPGT",74198212,74234086,35874
"ENSG00000254709","IGLL5",22887780,22896107,8327
"ENSG00000254726","MEX3A",156072013,156082465,10452
"ENSG00000254737","OR10G4",124012997,124018732,5735
"ENSG00000254751","TRIM64DP",89776981,89782582,5601
"ENSG00000254756","ENSG00000254756",66334494,66339875,5381
"ENSG00000254772","EEF1G",62559596,62574086,14490
"ENSG00000254827","SLC22A18AS",2887780,2903740,15960
"ENSG00000254834","OR5M10",56576736,56577787,1051
"ENSG00000254838","GVINP1",6713536,6746439,32903
"ENSG00000254858","MPV17L2",18193182,18196948,3766
"ENSG00000254902","ANO1-AS1",70187788,70188509,721
"ENSG00000254986","DPP3",66480013,66509657,29644
"ENSG00000254995","STX16-NPEPL1",58651434,58715410,63976
"ENSG00000254997","KRTAP5-9",71548418,71549553,1135
"ENSG00000254999","BRK1",10115675,10127190,11515
"ENSG00000255012","OR5M1",56609236,56614874,5638
"ENSG00000255071","SAA2-SAA4",18231423,18248635,17212
"ENSG00000255082","GRM5-AS1",88504576,88524054,19478
"ENSG00000255104","ZNF286A",15699692,15744778,45086
"ENSG00000255150","EID3",104303739,104305205,1466
"ENSG00000255185","ENSG00000255185",70010751,70065945,55194
"ENSG00000255221","CARD17",105092469,105101431,8962
"ENSG00000255223","OR5M11",56542262,56543281,1019
"ENSG00000255307","OR52B2",6169330,6170408,1078
"ENSG00000255330","SOGA3",127438406,127519001,80595
"ENSG00000255346","NOX5",68930525,69062762,132237
"ENSG00000255374","TAS2R43",11091287,11092313,1026
"ENSG00000255394","C8orf49",11761256,11763223,1967
"ENSG00000255398","HCAR3",122714756,122716892,2136
"ENSG00000255408","PCDHA3",140801028,141012347,211319
"ENSG00000255423","EBLN2",73061659,73063337,1678
"ENSG00000255501","CARD18",105137721,105531697,393976
"ENSG00000255526","NEDD8-MDP1",24213955,24232352,18397
"ENSG00000255529","POLR2M",57706695,57782762,76067
"ENSG00000255559","ZNF252P-AS1",145002811,145006046,3235
"ENSG00000255561","FDXACB1",111874056,111881243,7187
"ENSG00000255582","OR10G2",21633836,21634940,1104
"ENSG00000255713","OR4D2",58166982,58171411,4429
"ENSG00000255804","OR6J1",22630929,22644352,13423
"ENSG00000255833","TIFAB",135444226,135452351,8125
"ENSG00000255974","CYP2A6",40843541,40850447,6906
"ENSG00000255986","MT1JP",56635739,56637086,1347
"ENSG00000256043","CTSO",155924118,155953866,29748
"ENSG00000256053","APOPT1",103562962,103607523,44561
"ENSG00000256060","TRAPPC2P1",57363511,57365353,1842
"ENSG00000256061","DYX1C1",55410525,55508234,97709
"ENSG00000256069","A2MP1",9228533,9275817,47284
"ENSG00000256073","C21orf119",32393130,32393960,830
"ENSG00000256087","ZNF432",52031378,52095738,64360
"ENSG00000256167","ATF4P4",113789231,113791366,2135
"ENSG00000256188","TAS2R30",11132958,11134644,1686
"ENSG00000256222","MTRNR2L3",57358442,57359980,1538
"ENSG00000256223","ZNF10",133130575,133159465,28890
"ENSG00000256229","ZNF486",20167214,20200488,33274
"ENSG00000256235","C5orf62",150777946,150796734,18788
"ENSG00000256269","HMBS",119084866,119093549,8683
"ENSG00000256274","TAS2R64P",11076769,11079171,2402
"ENSG00000256294","ZNF225",44112181,44134822,22641
"ENSG00000256349","ENSG00000256349",66509079,66533613,24534
"ENSG00000256394","ASIC5",155829729,155866273,36544
"ENSG00000256436","TAS2R31",11030387,11031407,1020
"ENSG00000256453","DND1",140670794,140673576,2782
"ENSG00000256463","SALL3",78980275,79002677,22402
"ENSG00000256525","POLG2",64477785,64497054,19269
"ENSG00000256574","OR13A1",45302298,45315608,13310
"ENSG00000256642","LINC00273",34158585,34160036,1451
"ENSG00000256683","ZNF350",51964340,51986856,22516
"ENSG00000256713","PGA5",61241042,61251448,10406
"ENSG00000256762","STH",45999250,45999694,444
"ENSG00000256771","ZNF253",19865886,19894674,28788
"ENSG00000256797","KLRF2",9881489,9895833,14344
"ENSG00000256870","SLC5A8",101155493,101210407,54914
"ENSG00000257008","GPR142",74367407,74372622,5215
"ENSG00000257017","HP",72054592,72061055,6463
"ENSG00000257093","KIAA1147",141656728,141702166,45438
"ENSG00000257103","LSM14A",34172504,34229515,57011
"ENSG00000257115","OR11H12",18601045,18602129,1084
"ENSG00000257122","RRN3P3",22418672,22437715,19043
"ENSG00000257138","TAS2R38",141972631,141973773,1142
"ENSG00000257150","PGAM1P5",95551582,95673999,122417
"ENSG00000257198","ENSG00000257198",34832295,34838586,6291
"ENSG00000257218","GATC",120446444,120463749,17305
"ENSG00000257264","MIR3179-1",14901499,14902174,675
"ENSG00000257267","ZNF271",35290282,35328390,38108
"ENSG00000257315","ZBED6",203795714,203854999,59285
"ENSG00000257335","MGAM",141907813,142106747,198934
"ENSG00000257341","CRIP1",105487199,105492267,5068
"ENSG00000257446","ZNF878",12043805,12052939,9134
"ENSG00000257542","OR7E5P",52084744,52108261,23517
"ENSG00000257591","ZNF625",12142090,12156729,14639
"ENSG00000257594","GALNT4",89519412,89524796,5384
"ENSG00000257711","LOC100505978",106678583,106684707,6124
"ENSG00000257727","CNPY2",56309842,56316119,6277
"ENSG00000257838","LOC653786",22545698,22576865,31167
"ENSG00000257921","ENSG00000257921",57772660,57797554,24894
"ENSG00000257923","CUX1",101815904,102283958,468054
"ENSG00000257949","TEN1",75979240,76000586,21346
"ENSG00000257950","ENSG00000257950",3663063,3696194,33131
"ENSG00000258083","OR9A4",141916399,141920625,4226
"ENSG00000258223","PRSS58",142252143,142258058,5915
"ENSG00000258227","CLEC5A",141927357,141947007,19650
"ENSG00000258260","ENSG00000258260",56267793,56270104,2311
"ENSG00000258315","C17orf49",7014495,7017525,3030
"ENSG00000258366","RTEL1",63657810,63696253,38443
"ENSG00000258388","EGFL8",32153845,32171978,18133
"ENSG00000258405","ZNF578",52453553,52516882,63329
"ENSG00000258466","ENSG00000258466",67659820,67690367,30547
"ENSG00000258472","ENSG00000258472",28455752,28614197,158445
"ENSG00000258484","SPESP1",68818221,68946811,128590
"ENSG00000258498","DIO3OS",101552221,101560431,8210
"ENSG00000258659","TRIM34",5619764,5644398,24634
"ENSG00000258713","C20orf141",2814987,2815833,846
"ENSG00000258730","ITPK1-AS1",93067452,93072152,4700
"ENSG00000258806","OR11H7",20229402,20230346,944
"ENSG00000258817","OR4C13",49952391,49953419,1028
"ENSG00000258839","MC1R",89912119,89920977,8858
"ENSG00000258873","DUXA",57154021,57167443,13422
"ENSG00000258890","CEP95",64506865,64542461,35596
"ENSG00000258947","TUBB3",89921392,89938761,17369
"ENSG00000258986","TMEM179",104474678,104605647,130969
"ENSG00000259156","CHEK2P2",20282744,20291586,8842
"ENSG00000259172","ENSG00000259172",101295419,101305737,10318
"ENSG00000259207","ITGB3",47253846,47311816,57970
"ENSG00000259224","SLC35G6",7481332,7483496,2164
"ENSG00000259288","ENSG00000259288",40218500,40264890,46390
"ENSG00000259384","GH1",63917200,63918839,1639
"ENSG00000259404","EFTUD1P1",84080168,84126604,46436
"ENSG00000259431","THTPA",23555988,23560271,4283
"ENSG00000259494","MRPL46",88459477,88467390,7913
"ENSG00000259516","ANP32AP1",35181799,35238197,56398
"ENSG00000259527","LINC00052",87576929,87579866,2937
"ENSG00000259790","ANP32BP1",75321397,75322693,1296
"ENSG00000260105","AOC4",42865922,42874369,8447
"ENSG00000260357","DNM1P34",75299953,75302965,3012
"ENSG00000260372","CHST9-AS1",26655737,27190698,534961
"ENSG00000260389","WBP11P1",32511663,32514634,2971
"ENSG00000260456","C16orf95",87083562,87317420,233858
"ENSG00000260528","FAM157C",90102271,90178344,76073
"ENSG00000260565","ERVK13-1",2660348,2682379,22031
"ENSG00000260852","FBXL19-AS1",30919319,30923269,3950
"ENSG00000260861","ENSG00000260861",1540144,1620009,79865
"ENSG00000260916","CCPG1",55340032,55408510,68478
"ENSG00000261043","MIR4313",75759501,75762405,2904
"ENSG00000261052","SULT1A4",30199228,30204310,5082
"ENSG00000261122","FLJ26245",35743268,35756515,13247
"ENSG00000261192","RNF126P1",57045478,57046797,1319
"ENSG00000261239","ANKRD26P1",46469341,46569097,99756
"ENSG00000261247","GOLGA8J",30135149,30145567,10418
"ENSG00000261275","DKFZp434L192",56493124,56497285,4161
"ENSG00000261439","DKFZP434H168",56192614,56194518,1904
"ENSG00000261599","HERC2P8",33094204,33129090,34886
"ENSG00000261649","GOLGA6L7P",28841833,28848675,6842
"ENSG00000261652","FLJ27352",55408548,55418764,10216
"ENSG00000261701","HPR",72063148,72077246,14098
"ENSG00000261720","ENSG00000261720",1065240,1066502,1262
"ENSG00000261771","DYX1C1-CCPG1",55355248,55498360,143112
"ENSG00000261794","GOLGA8H",30604126,30614561,10435
"ENSG00000261857","MIA",40771648,40777490,5842
"ENSG00000261884","ENSG00000261884",67929614,67936017,6403
"ENSG00000261934","PCDHGA9",141402932,141512979,110047
"ENSG00000262152","LINC00514",2988256,3002016,13760
"ENSG00000262202","SNORD3D",19112000,19112636,636
"ENSG00000262209","PCDHGB3",141370242,141512975,142733
"ENSG00000262246","CORO7",4354542,4425705,71163
"ENSG00000262576","PCDHGA4",141355021,141512975,157954
"ENSG00000262619","LINC00621",22859050,22916369,57319
"ENSG00000262628","OR1D5",3062669,3063607,938
"ENSG00000263002","ZNF234",44141554,44160313,18759
"ENSG00000263006","ROCK1P1",109065,122219,13154
"ENSG00000263327","FLJ39653",16226685,16320140,93455
"ENSG00000263424","ENSG00000263424",67506589,67514030,7441
"ENSG00000263468","MIR3130-1",206783234,206783308,74
"ENSG00000263515","MIR548AN",106639814,106639896,82
"ENSG00000263563","UBBP4",22090743,22205154,114411
"ENSG00000263746","MIR4277",1708785,1708868,83
"ENSG00000263753","LINC00667",5237826,5290608,52782
"ENSG00000264136","MIR3689D2",134850277,134850356,79
"ENSG00000264163","MIR3689B",134850125,134850272,147
"ENSG00000264397","MIR3180-5",2135977,2136129,152
"ENSG00000264424","MYH4",10443290,10469559,26269
"ENSG00000264744","MIR3689C",134849298,134849369,71
"ENSG00000264772","SNORA67",7572826,7582024,9198
"ENSG00000265392","MIR4252",6429834,6429896,62
"ENSG00000265479","DTX2P1-UPK3BP1-PMS2P11",76959835,77043775,83940
"ENSG00000265489","ENSG00000265489",12760140,12790242,30102
"ENSG00000265539","MIR3164",69083176,69083258,82
"ENSG00000265635","MIR3612",128294092,128294178,86
"ENSG00000265725","MIR3144",120015179,120015257,78
"ENSG00000265766","CXADRP3",14477955,14499278,21323
"ENSG00000265789","MIR4330",151168222,151168326,104
"ENSG00000265817","FSBP",94372170,94436952,64782
"ENSG00000265848","MIR3689D1",134849609,134849682,73
"ENSG00000265878","MIR3914-1",71307672,71307770,98
"ENSG00000266017","MIR4477A",63819574,63819654,80
"ENSG00000266173","STRADA",63682336,63741986,59650
"ENSG00000266215","MIR3167",126988458,126988542,84
"ENSG00000266433","TBC1D3P5",27417690,27431623,13933
"ENSG00000266518","MIR4268",219906502,219906565,63
"ENSG00000266714","MYO15B",75588058,75626849,38791
"ENSG00000266733","TBC1D29",30553502,30563493,9991
"ENSG00000266777","SH3GL1P1",32039974,32042828,2854
"ENSG00000266830","ENSG00000266830",28246454,28248006,1552
"ENSG00000266964","FXYD1",35138808,35143109,4301
"ENSG00000266978","ENSG00000266978",10252268,10285108,32840
"ENSG00000267022","ZNF223",44025354,44087318,61964
"ENSG00000267041","ZNF850",36714383,36772825,58442
"ENSG00000267104","TBC1D3P1-DHX40P1",59962363,60018975,56612
"ENSG00000267110","ENSG00000267110",55154757,55160671,5914
"ENSG00000267261","ENSG00000267261",42119674,42154916,35242
"ENSG00000267278","MAP3K14-AS1",45247916,45269824,21908
"ENSG00000267385","ENSG00000267385",4528427,4540067,11640
"ENSG00000267493","CIRBP-AS1",1267814,1270241,2427
"ENSG00000267508","ZNF285",44382298,44401608,19310
"ENSG00000267532","MIR497HG",7015818,7019659,3841
"ENSG00000267534","S1PR2",10221433,10231331,9898
"ENSG00000267594","CYP4F24P",15760241,15779909,19668
"ENSG00000267629","HAPLN4",19254748,19273369,18621
"ENSG00000267631","CGB1",49035610,49036895,1285
"ENSG00000267673","FDX1L",10310045,10316015,5970
"ENSG00000267680","ZNF224",44094339,44109886,15547
"ENSG00000267796","LIN37",35748361,35754519,6158
